0 0.011719 0.595833 0.008854 0.039815
0 0.020052 0.603704 0.008854 0.033333
0 0.043750 0.256480 0.010417 0.040741
0 0.050823 0.259722 0.006771 0.021296
0 0.063280 0.208796 0.008854 0.028704
0 0.082031 0.086111 0.004687 0.022222
0 0.074219 0.150463 0.005729 0.021296
0 0.079167 0.156019 0.004167 0.019444
0 0.203646 0.043056 0.005208 0.025000
0 0.223077 0.159259 0.006771 0.024074
0 0.222135 0.154630 0.004687 0.014815
0 0.096875 0.155093 0.005208 0.025000
0 0.099740 0.164352 0.004687 0.019444
0 0.202604 0.062963 0.005208 0.016667
0 0.256500 0.161574 0.004687 0.028704
0 0.255990 0.053241 0.003646 0.023148
0 0.246875 0.292593 0.008333 0.033333
0 0.230510 0.177778 0.005729 0.025926
0 0.394010 0.051389 0.003646 0.015741
0 0.372656 0.020370 0.003646 0.006667
0 0.670052 0.011111 0.006771 0.024074
0 0.675520 0.111111 0.005208 0.024074
0 0.696605 0.104167 0.004687 0.023148
0 0.700042 0.110185 0.003125 0.018519
0 0.692448 0.068519 0.005729 0.024074
0 0.696354 0.059259 0.005208 0.024074
0 0.775260 0.050463 0.004687 0.013889
0 0.764583 0.071296 0.006250 0.025926
0 0.803025 0.247222 0.008333 0.029630
0 0.683073 0.206019 0.006771 0.023148
