0 0.223897 0.011765 0.019853 0.056209
0 0.693750 0.255556 0.009853 0.069281
0 0.664706 0.270588 0.026470 0.060131
0 0.636397 0.243037 0.022794 0.075817
0 0.604044 0.233333 0.002500 0.074510
0 0.586765 0.222222 0.001765 0.065359
0 0.550838 0.218301 0.015441 0.067974
0 0.655505 0.235294 0.015441 0.067974
0 0.609485 0.220915 0.015441 0.067974
0 0.704338 0.172549 0.009559 0.041830
0 0.576003 0.220915 0.009559 0.041830
0 0.670588 0.240523 0.000294 0.060131
0 0.668750 0.096078 0.011029 0.060131
0 0.660397 0.173856 0.011029 0.060131
0 0.637868 0.090503 0.011029 0.060131
0 0.566076 0.591503 0.020588 0.069281
0 0.584091 0.180392 0.011029 0.060131
0 0.649265 0.003922 0.008824 0.056209
0 0.803603 0.136601 0.012500 0.061438
0 0.806608 0.130719 0.010294 0.041830
0 0.773529 0.006536 0.010294 0.045752
0 0.775735 0.089542 0.000294 0.045752
0 0.890440 0.082353 0.010294 0.049673
0 0.520221 0.164706 0.013971 0.054902
0 0.537500 0.157516 0.013235 0.037908
0 0.553309 0.081699 0.011029 0.060131
0 0.630147 0.179739 0.013235 0.037908
0 0.617647 0.179739 0.013235 0.037908
0 0.594853 0.167974 0.013235 0.037908
0 0.449265 0.045752 0.013235 0.033987
