0 0.090441 0.641176 0.022059 0.048366
0 0.096691 0.433333 0.015441 0.050980
0 0.044853 0.507647 0.017647 0.057516
0 0.068005 0.509150 0.015441 0.058824
0 0.064706 0.377778 0.013235 0.044444
0 0.097426 0.369935 0.013971 0.044444
0 0.273062 0.368627 0.008088 0.041830
0 0.092647 0.346405 0.008824 0.044444
0 0.080882 0.369935 0.011765 0.039216
0 0.076838 0.360131 0.006618 0.043137
0 0.085662 0.370588 0.003971 0.043137
0 0.077206 0.280046 0.011765 0.041830
0 0.375000 0.288235 0.007353 0.040523
0 0.437132 0.295425 0.009559 0.023529
0 0.613971 0.258824 0.008824 0.036601
0 0.442279 0.209804 0.008088 0.032680
0 0.436029 0.209804 0.005882 0.032680
0 0.486397 0.185621 0.005147 0.023529
0 0.557720 0.134641 0.005147 0.026144
0 0.563235 0.128105 0.005882 0.020915
0 0.520956 0.047712 0.005147 0.028758
0 0.572426 0.064706 0.005047 0.022222
0 0.496690 0.072549 0.005147 0.019608
0 0.565440 0.038562 0.002941 0.019608
0 0.562032 0.039869 0.002206 0.016993
0 0.854402 0.332026 0.010294 0.044444
0 0.838603 0.295425 0.006608 0.041830
0 0.835294 0.279739 0.008824 0.040830
0 0.807647 0.264706 0.008824 0.037908
0 0.694853 0.266667 0.008824 0.028758
0 0.774265 0.030065 0.005882 0.024837
0 0.822794 0.050980 0.004412 0.024837
0 0.679779 0.016340 0.003676 0.014379
0 0.568750 0.000458 0.003676 0.013072
0 0.573529 0.008497 0.004402 0.016993
0 0.578676 0.007843 0.002940 0.015686
0 0.587500 0.005882 0.002941 0.011765
