0 0.362760 0.638889 0.001979 0.044444
0 0.350520 0.638426 0.009375 0.052778
0 0.139323 0.354167 0.008854 0.021296
0 0.040104 0.351852 0.010417 0.022222
0 0.303542 0.270370 0.003125 0.014815
0 0.305885 0.268519 0.006771 0.025926
0 0.294270 0.275926 0.007292 0.025926
0 0.290927 0.275000 0.006771 0.022222
0 0.290365 0.273601 0.007812 0.028704
0 0.627344 0.348148 0.007812 0.020370
0 0.523177 0.436111 0.006771 0.027778
0 0.856771 0.350000 0.006250 0.020370
0 0.849479 0.353704 0.006250 0.016667
0 0.848698 0.348148 0.006771 0.022222
0 0.838281 0.348148 0.007812 0.022222
0 0.853125 0.271296 0.005208 0.014815
0 0.727604 0.193981 0.003125 0.010185
0 0.709635 0.240741 0.004687 0.012963
0 0.701302 0.237500 0.004687 0.013889
0 0.696875 0.237500 0.003125 0.013889
0 0.701198 0.175463 0.002604 0.008333
0 0.500260 0.073148 0.004687 0.012963
