0 0.206250 0.664052 0.034559 0.086275
0 0.187500 0.685621 0.030882 0.079739
0 0.174632 0.366013 0.019853 0.065359
0 0.134191 0.360784 0.019853 0.065359
0 0.261397 0.609150 0.027206 0.078431
0 0.270956 0.590850 0.027206 0.078431
0 0.427206 0.723529 0.027941 0.111111
0 0.503676 0.677778 0.027941 0.111111
0 0.498529 0.581046 0.020588 0.066667
0 0.455515 0.511765 0.021324 0.071895
0 0.578676 0.655556 0.026471 0.074510
0 0.687132 0.851634 0.037500 0.095425
0 0.697059 0.869935 0.023529 0.071895
0 0.502574 0.562092 0.022794 0.078431
0 0.280147 0.588235 0.019118 0.065359
0 0.356250 0.596732 0.009853 0.092810
0 0.376003 0.583660 0.019853 0.100654
0 0.460397 0.750980 0.024265 0.121569
0 0.778309 0.532026 0.025735 0.088889
0 0.897059 0.464052 0.020588 0.073203
0 0.504338 0.326144 0.018382 0.077124
0 0.540074 0.302418 0.018382 0.078431
0 0.583824 0.301765 0.014706 0.066667
0 0.133456 0.359477 0.019853 0.065359
0 0.050735 0.420915 0.027941 0.044444
0 0.450000 0.324083 0.016176 0.067974
0 0.597794 0.328758 0.004706 0.066667
0 0.600662 0.276471 0.012500 0.043137
0 0.643382 0.276471 0.011765 0.030065
0 0.645588 0.262092 0.011765 0.030065
0 0.658824 0.250327 0.003235 0.050980
0 0.750000 0.264052 0.019118 0.041830
0 0.883088 0.232026 0.004706 0.048366
0 0.893750 0.233987 0.005441 0.049673
0 0.974265 0.299346 0.013235 0.052288
0 0.150735 0.060784 0.010294 0.027451
0 0.056985 0.052940 0.008088 0.030065
0 0.047794 0.013725 0.004412 0.024837
0 0.053309 0.015033 0.005147 0.024837
0 0.347059 0.060131 0.010294 0.045752
0 0.329044 0.098039 0.009559 0.033987
0 0.302574 0.070588 0.008088 0.023529
0 0.280505 0.018954 0.008088 0.027451
