0 0.748437 0.885085 0.013542 0.044444
0 0.867708 0.980556 0.027083 0.038889
0 0.890004 0.750926 0.015625 0.050000
0 0.753646 0.525926 0.013542 0.029630
0 0.679688 0.435085 0.007292 0.033333
0 0.590667 0.562037 0.008333 0.038889
0 0.604688 0.556480 0.007292 0.035185
0 0.606250 0.540667 0.006250 0.038889
0 0.480771 0.443519 0.007292 0.035185
0 0.487500 0.438889 0.006250 0.037037
0 0.430208 0.301111 0.006250 0.025926
0 0.436458 0.032407 0.004167 0.016667
0 0.433333 0.113889 0.004167 0.012963
0 0.279687 0.296296 0.009375 0.025926
0 0.245833 0.868509 0.016667 0.051852
0 0.034896 0.797222 0.009792 0.050000
0 0.090667 0.742593 0.018750 0.048148
0 0.049479 0.697222 0.007708 0.042593
0 0.050042 0.492593 0.012500 0.037037
0 0.013021 0.404630 0.009375 0.031481
0 0.015625 0.390741 0.010417 0.033333
0 0.034375 0.322222 0.010417 0.029630
0 0.066667 0.103704 0.004167 0.018519
0 0.088021 0.063889 0.003125 0.016667
0 0.093229 0.063889 0.003125 0.012963
0 0.200563 0.054630 0.003125 0.016667
0 0.096354 0.037963 0.003125 0.012963
0 0.275521 0.087037 0.003125 0.011111
0 0.271354 0.041667 0.003125 0.009259
0 0.266146 0.051852 0.003125 0.011111
