0 0.638603 0.575807 0.003676 0.022222
0 0.648062 0.579085 0.003676 0.020915
0 0.653309 0.577778 0.002206 0.008301
0 0.804338 0.618954 0.006618 0.022222
0 0.662132 0.687582 0.008088 0.020915
0 0.680515 0.703922 0.006618 0.019608
0 0.730882 0.653595 0.005882 0.028758
0 0.963971 0.694118 0.007353 0.020915
0 0.988971 0.703268 0.010294 0.020915
0 0.874632 0.924083 0.008088 0.052288
0 0.547426 0.965359 0.009559 0.035294
0 0.553309 0.866667 0.011029 0.033987
0 0.547059 0.811111 0.008824 0.030065
0 0.502941 0.802614 0.008824 0.031373
0 0.429779 0.640176 0.005147 0.027451
0 0.408750 0.637908 0.005147 0.023529
0 0.536765 0.637908 0.002940 0.023529
0 0.241544 0.686275 0.008088 0.020915
0 0.302500 0.649020 0.005882 0.030065
0 0.403676 0.628758 0.004402 0.023529
0 0.398529 0.627450 0.004412 0.020915
0 0.393005 0.626144 0.005147 0.026144
