0 0.236029 0.808301 0.014706 0.044444
0 0.467279 0.573203 0.011029 0.035294
0 0.647059 0.569280 0.007353 0.037908
0 0.668005 0.487582 0.008088 0.031373
0 0.659559 0.576470 0.010294 0.047059
0 0.660662 0.580392 0.001029 0.047059
0 0.716176 0.584967 0.007353 0.035294
0 0.794853 0.507843 0.005882 0.030065
0 0.786397 0.502604 0.006618 0.030065
0 0.770324 0.511111 0.005882 0.033987
0 0.649632 0.422222 0.006618 0.010458
0 0.658824 0.420915 0.005882 0.013072
0 0.580882 0.326044 0.004412 0.016993
0 0.637500 0.350980 0.004412 0.011765
0 0.642279 0.350327 0.003676 0.010458
0 0.686029 0.356863 0.004402 0.015686
0 0.696324 0.360131 0.004412 0.011765
0 0.693750 0.351634 0.005147 0.010458
0 0.637132 0.326144 0.005147 0.009150
0 0.635662 0.299346 0.003676 0.010458
0 0.578676 0.277778 0.002941 0.006536
0 0.629779 0.277124 0.003676 0.007843
0 0.560662 0.255556 0.005047 0.011765
0 0.858456 0.535948 0.008088 0.036600
0 0.874265 0.545752 0.000294 0.035294
0 0.802132 0.526144 0.009559 0.035294
0 0.936029 0.564052 0.008824 0.035294
0 0.950000 0.564706 0.007353 0.026044
0 0.977206 0.750980 0.016176 0.048366
