0 0.370875 0.779630 0.014583 0.062963
0 0.404687 0.723148 0.011458 0.027778
0 0.197396 0.594444 0.009375 0.022222
0 0.078025 0.678704 0.012500 0.050000
0 0.080208 0.667593 0.006250 0.024074
0 0.097396 0.703889 0.013542 0.046296
0 0.010937 0.692593 0.013542 0.051852
0 0.010417 0.778704 0.010417 0.057407
0 0.011458 0.741667 0.006250 0.031481
0 0.007292 0.755556 0.004167 0.022222
0 0.017708 0.753704 0.008333 0.022222
0 0.020833 0.771296 0.008333 0.031481
0 0.029688 0.765741 0.009375 0.027778
0 0.029688 0.736111 0.011458 0.042593
0 0.052604 0.755556 0.009375 0.044444
0 0.065104 0.740741 0.013542 0.048148
0 0.270313 0.607407 0.007292 0.022222
0 0.279167 0.605556 0.008333 0.025926
0 0.301563 0.602778 0.009375 0.027778
0 0.260458 0.937037 0.012500 0.070370
0 0.523438 0.980556 0.003542 0.035185
0 0.503646 0.976852 0.003542 0.046296
0 0.406770 0.663889 0.009375 0.042593
0 0.437500 0.658333 0.000417 0.046296
0 0.455208 0.686011 0.006250 0.027778
0 0.446354 0.675000 0.009375 0.046296
0 0.447907 0.665741 0.008333 0.042593
0 0.450000 0.652778 0.006250 0.035085
0 0.457292 0.659259 0.008333 0.037037
0 0.470875 0.661111 0.012500 0.040741
0 0.360938 0.540740 0.011458 0.040741
0 0.373958 0.543509 0.008333 0.038889
0 0.398438 0.542593 0.001458 0.040741
0 0.405104 0.547222 0.013542 0.038889
0 0.443750 0.545370 0.002500 0.038889
0 0.480729 0.549074 0.009375 0.038889
0 0.502083 0.550000 0.002500 0.040741
0 0.530250 0.675000 0.012500 0.050000
0 0.507708 0.755556 0.008333 0.044444
0 0.506667 0.741667 0.010417 0.050000
0 0.520312 0.732407 0.007292 0.020370
0 0.567087 0.707407 0.009375 0.048148
0 0.604688 0.734259 0.007292 0.042593
0 0.603025 0.805556 0.012500 0.059259
0 0.600417 0.793519 0.014583 0.061111
0 0.895833 0.588889 0.008333 0.048048
0 0.878646 0.620370 0.003542 0.048148
0 0.820833 0.601111 0.012500 0.040741
0 0.807708 0.606481 0.012500 0.038889
0 0.706667 0.580556 0.014583 0.042593
0 0.952083 0.957407 0.020833 0.077778
0 0.968750 0.947222 0.006667 0.068519
0 0.637500 0.865740 0.016667 0.068519
0 0.634375 0.700926 0.008333 0.038889
0 0.640146 0.706481 0.007292 0.038889
0 0.636979 0.750926 0.009375 0.020370
0 0.650000 0.705556 0.008333 0.044444
0 0.655208 0.733333 0.000417 0.051852
0 0.655208 0.706667 0.008333 0.040741
0 0.675520 0.676852 0.009375 0.053704
0 0.686458 0.672222 0.000417 0.033333
0 0.692087 0.660185 0.011458 0.042593
0 0.702604 0.675000 0.009375 0.042593
0 0.705729 0.669444 0.009375 0.046296
0 0.725520 0.675926 0.011458 0.048148
0 0.670354 0.787963 0.015625 0.061111
0 0.700417 0.757407 0.012500 0.048148
0 0.705625 0.761111 0.008333 0.033333
0 0.723958 0.760111 0.008333 0.040741
0 0.709271 0.791667 0.009375 0.053704
0 0.728025 0.794444 0.006250 0.040741
0 0.733854 0.764805 0.011458 0.051852
0 0.702500 0.731481 0.010417 0.033333
0 0.722907 0.734259 0.014583 0.038889
0 0.734896 0.736011 0.011458 0.042593
0 0.740667 0.696296 0.012500 0.044444
0 0.765004 0.705556 0.019792 0.055556
0 0.746354 0.739805 0.011458 0.042593
0 0.745303 0.770370 0.009375 0.044444
0 0.753125 0.752778 0.008333 0.027778
0 0.756250 0.747222 0.004167 0.016667
0 0.786979 0.702963 0.015625 0.055556
0 0.763542 0.768509 0.012500 0.055556
0 0.779067 0.768519 0.012500 0.048148
0 0.795833 0.787037 0.002500 0.055556
0 0.800562 0.789815 0.015625 0.053704
0 0.807292 0.775000 0.006250 0.024074
0 0.854687 0.678704 0.011458 0.042593
0 0.852604 0.725000 0.009375 0.038889
0 0.800937 0.819444 0.013542 0.061111
0 0.838542 0.802037 0.016667 0.064815
0 0.835407 0.772222 0.008333 0.033333
0 0.853025 0.803704 0.016667 0.055556
0 0.859375 0.827778 0.008333 0.029630
0 0.857802 0.769444 0.009375 0.046296
0 0.863020 0.777778 0.009375 0.048148
0 0.547907 0.533333 0.008333 0.037037
0 0.560979 0.466667 0.007292 0.033333
