0 0.443382 0.246405 0.007353 0.035294
0 0.451838 0.246405 0.009559 0.035294
0 0.547426 0.443137 0.012500 0.044444
0 0.594118 0.540523 0.014706 0.043137
0 0.702574 0.559477 0.003971 0.060131
0 0.726470 0.553595 0.020588 0.064052
0 0.633088 0.840176 0.017647 0.100654
0 0.708015 0.971242 0.019853 0.044444
0 0.768005 0.747712 0.015441 0.075817
0 0.573897 0.298693 0.008088 0.043037
0 0.582353 0.296732 0.005882 0.036600
0 0.595220 0.294118 0.009559 0.049673
0 0.606608 0.295425 0.010294 0.044444
0 0.564706 0.274500 0.007353 0.041830
0 0.574265 0.270242 0.007353 0.037908
0 0.580985 0.271895 0.008088 0.036601
0 0.520956 0.080392 0.008088 0.014379
0 0.491176 0.056209 0.005882 0.018301
0 0.463970 0.057516 0.005882 0.026144
0 0.462032 0.075163 0.005147 0.024837
0 0.532353 0.060131 0.004412 0.018301
0 0.520956 0.005033 0.003676 0.022222
