0 0.026838 0.925490 0.024265 0.096732
0 0.365074 0.600654 0.005441 0.074510
0 0.250471 0.220915 0.007353 0.036601
0 0.234091 0.230719 0.011029 0.040523
0 0.229412 0.239216 0.005882 0.020915
0 0.235662 0.220569 0.008088 0.045752
0 0.230505 0.226144 0.008088 0.039216
0 0.388235 0.510458 0.013235 0.053595
0 0.237500 0.145752 0.008824 0.024837
0 0.247794 0.015686 0.007353 0.030065
0 0.330505 0.030065 0.003676 0.018301
0 0.323529 0.001765 0.002941 0.018301
0 0.353676 0.017647 0.005882 0.016993
0 0.271324 0.009804 0.004412 0.016993
0 0.242279 0.035948 0.006608 0.022222
0 0.368750 0.239216 0.009559 0.028758
0 0.382353 0.230065 0.008824 0.031373
0 0.534191 0.548366 0.012500 0.035294
0 0.559091 0.369281 0.009559 0.050980
0 0.566902 0.375163 0.007353 0.039216
0 0.602206 0.354248 0.001765 0.033987
0 0.589706 0.343137 0.008824 0.035294
0 0.455505 0.139869 0.005147 0.031373
0 0.483824 0.152288 0.010294 0.022222
0 0.482721 0.201307 0.006618 0.020915
0 0.480147 0.205229 0.007353 0.028758
0 0.513971 0.194771 0.010294 0.023529
0 0.548897 0.252941 0.009559 0.022222
0 0.672794 0.058170 0.004412 0.020915
0 0.638603 0.043037 0.005147 0.023529
