0 0.055515 0.242484 0.011029 0.048366
0 0.560662 0.356863 0.006912 0.057516
0 0.636397 0.333987 0.008382 0.050980
0 0.659559 0.336600 0.017647 0.050980
0 0.905441 0.408497 0.013235 0.056209
0 0.775735 0.030709 0.007353 0.032680
0 0.909926 0.043137 0.009559 0.037908
0 0.900662 0.098693 0.009559 0.030065
0 0.836765 0.277124 0.013235 0.026144
0 0.858088 0.307190 0.013235 0.026144
0 0.891544 0.310458 0.012500 0.024837
0 0.785662 0.195425 0.012500 0.024837
0 0.735294 0.134641 0.008824 0.023529
0 0.897794 0.402614 0.016176 0.044444
0 0.887132 0.369281 0.015441 0.037908
0 0.900735 0.384967 0.013235 0.040523
0 0.980047 0.458824 0.010294 0.047059
0 0.987500 0.470588 0.008824 0.028758
