0 0.368750 0.725000 0.012500 0.042593
0 0.383854 0.718519 0.011458 0.037037
0 0.486979 0.656481 0.011458 0.031481
0 0.492188 0.572222 0.009375 0.033333
0 0.500520 0.607407 0.007292 0.040741
0 0.463020 0.517593 0.007292 0.031481
0 0.469270 0.517593 0.005208 0.035185
0 0.447917 0.512037 0.006250 0.024074
0 0.429688 0.446296 0.007292 0.022222
0 0.429167 0.375926 0.006250 0.014815
0 0.520833 0.572222 0.006250 0.033333
0 0.420833 0.336111 0.004167 0.012963
0 0.405729 0.327778 0.003125 0.014815
0 0.397917 0.323148 0.004167 0.012963
0 0.390625 0.321296 0.004167 0.009259
0 0.410938 0.302778 0.003125 0.009259
0 0.380208 0.336011 0.004167 0.016667
0 0.398958 0.291667 0.002083 0.012963
0 0.391146 0.291667 0.003125 0.009259
0 0.385937 0.284259 0.003125 0.009259
