0 0.075368 0.266013 0.024265 0.077124
0 0.206985 0.274500 0.019853 0.078431
0 0.061765 0.430065 0.020588 0.086275
0 0.187868 0.439216 0.015441 0.028758
0 0.225368 0.449673 0.024265 0.004575
0 0.254402 0.435948 0.026471 0.105882
0 0.276470 0.471895 0.026471 0.091503
0 0.047794 0.625490 0.041176 0.050980
0 0.020588 0.498039 0.027941 0.088889
0 0.013603 0.579085 0.028676 0.107190
0 0.031985 0.587582 0.025735 0.108497
0 0.067647 0.598039 0.017647 0.069281
0 0.070221 0.578431 0.027206 0.095425
0 0.027940 0.852941 0.039706 0.126797
0 0.015809 0.757516 0.030147 0.087582
0 0.236765 0.645752 0.027940 0.115033
0 0.284926 0.693464 0.020324 0.105882
0 0.297426 0.700307 0.028676 0.124183
0 0.322794 0.686275 0.023529 0.086275
0 0.370588 0.688889 0.025000 0.004575
0 0.368005 0.723529 0.019853 0.092810
0 0.397059 0.701765 0.025000 0.111111
0 0.349265 0.896078 0.029402 0.126797
0 0.532353 0.805229 0.009118 0.117647
0 0.442279 0.652940 0.022794 0.108497
0 0.446690 0.622876 0.018382 0.098039
0 0.303603 0.405229 0.022794 0.109804
0 0.334926 0.456209 0.022794 0.094018
0 0.330882 0.499346 0.026470 0.081046
0 0.356985 0.389542 0.020324 0.099346
0 0.400000 0.370895 0.023529 0.098039
0 0.382353 0.434640 0.033824 0.090196
0 0.383456 0.499346 0.030047 0.104575
0 0.401765 0.465359 0.017647 0.112418
0 0.466544 0.286928 0.009559 0.060438
0 0.469018 0.292810 0.010294 0.062745
0 0.480882 0.280046 0.016176 0.067974
0 0.444485 0.349673 0.020324 0.092810
0 0.423062 0.407843 0.028676 0.101961
0 0.433088 0.501765 0.019118 0.090196
0 0.470956 0.595425 0.003971 0.064052
0 0.463970 0.545098 0.026471 0.096732
0 0.450471 0.441176 0.019118 0.100654
0 0.472426 0.385620 0.016912 0.094118
0 0.476003 0.471242 0.021324 0.105882
0 0.496324 0.335294 0.006176 0.079739
0 0.500471 0.420915 0.019118 0.081046
0 0.508824 0.360438 0.020588 0.095425
0 0.530250 0.399346 0.016912 0.095425
0 0.540074 0.443790 0.018382 0.113725
0 0.508088 0.506340 0.042647 0.099346
0 0.486765 0.580699 0.020588 0.073203
0 0.493750 0.620260 0.019853 0.103268
0 0.468382 0.682353 0.020588 0.012418
0 0.485662 0.705033 0.016912 0.062745
0 0.556608 0.759477 0.027941 0.125490
0 0.566544 0.660784 0.027206 0.000654
0 0.586029 0.643790 0.022059 0.100654
0 0.509853 0.614379 0.020588 0.104575
0 0.563603 0.576470 0.021324 0.094118
0 0.578309 0.425490 0.001029 0.056209
0 0.576838 0.492057 0.013971 0.087582
0 0.580618 0.462092 0.010294 0.056209
0 0.593005 0.452941 0.015441 0.074510
0 0.607647 0.549020 0.029412 0.115033
0 0.647426 0.494770 0.016912 0.090196
0 0.676003 0.584967 0.025735 0.116340
0 0.655505 0.731373 0.030147 0.113725
0 0.695956 0.872549 0.030618 0.124183
0 0.876838 0.678431 0.021324 0.057516
0 0.755047 0.958170 0.030882 0.083660
