0 0.528309 0.072549 0.003676 0.001765
0 0.525368 0.070895 0.003676 0.013072
0 0.460662 0.270895 0.008088 0.039216
0 0.452574 0.270588 0.006608 0.033987
0 0.390912 0.243137 0.007353 0.041830
0 0.380985 0.247712 0.005147 0.022222
0 0.380047 0.252941 0.005882 0.019608
0 0.259926 0.398039 0.006912 0.056209
0 0.559926 0.286275 0.008088 0.030373
0 0.473897 0.249673 0.008088 0.028758
0 0.472426 0.248366 0.006608 0.023529
0 0.529779 0.026797 0.003676 0.018301
0 0.595220 0.221569 0.008088 0.024837
0 0.483456 0.049020 0.005047 0.014379
0 0.494853 0.035948 0.002940 0.009150
0 0.894485 0.981046 0.034559 0.035294
