0 0.225521 0.752778 0.011458 0.027778
0 0.291667 0.661111 0.012500 0.025926
0 0.296354 0.658333 0.011458 0.027778
0 0.271875 0.776852 0.012500 0.031481
0 0.430729 0.548148 0.007292 0.022222
0 0.433854 0.544444 0.007292 0.022222
0 0.755729 0.387963 0.005208 0.016667
0 0.786458 0.370370 0.006250 0.018519
0 0.810417 0.264815 0.004167 0.011111
0 0.021875 0.925000 0.014583 0.050000
0 0.049479 0.805556 0.011458 0.040741
0 0.590625 0.332407 0.006250 0.016667
0 0.651563 0.321296 0.005208 0.016667
0 0.594792 0.240667 0.004167 0.016667
0 0.322396 0.301111 0.003125 0.022222
0 0.323958 0.303889 0.004167 0.020370
0 0.309896 0.305741 0.005208 0.024074
0 0.307802 0.313889 0.005208 0.024074
0 0.941146 0.288889 0.005208 0.014815
0 0.986979 0.212037 0.017708 0.012963
