0 0.392647 0.605033 0.016176 0.079739
0 0.453676 0.600000 0.020588 0.060131
0 0.507353 0.532026 0.017647 0.067974
0 0.450368 0.505033 0.012500 0.075817
0 0.473529 0.480392 0.016176 0.045752
0 0.505882 0.500307 0.010294 0.064052
0 0.606250 0.428758 0.005441 0.070588
0 0.606912 0.975163 0.023529 0.049673
0 0.633824 0.973856 0.004706 0.052288
0 0.686765 0.766667 0.035294 0.079739
0 0.682353 0.788889 0.014706 0.040523
0 0.863235 0.664052 0.023529 0.067974
0 0.726003 0.360131 0.013971 0.048366
0 0.730985 0.354248 0.009559 0.041830
0 0.846324 0.324837 0.003235 0.056209
0 0.846690 0.311765 0.015441 0.056209
0 0.832353 0.252288 0.000294 0.044444
0 0.847059 0.203725 0.010294 0.045752
0 0.808824 0.220569 0.013235 0.050980
0 0.809118 0.205882 0.011765 0.061438
0 0.707720 0.227451 0.009559 0.054902
0 0.320956 0.433333 0.006912 0.071895
0 0.330147 0.284314 0.016176 0.032680
0 0.384191 0.167974 0.009559 0.040523
0 0.094485 0.337908 0.013971 0.064052
0 0.206250 0.326044 0.013971 0.061438
0 0.077940 0.144444 0.011765 0.048366
0 0.085294 0.047059 0.013235 0.053595
0 0.050735 0.094118 0.011765 0.041830
0 0.060294 0.115686 0.008824 0.043137
0 0.073897 0.120915 0.012500 0.045752
