0 0.076470 0.809804 0.017647 0.011765
0 0.035294 0.936601 0.014706 0.019608
0 0.068015 0.964052 0.009559 0.011765
0 0.199632 0.958824 0.008088 0.014379
0 0.323529 0.885620 0.007353 0.009150
0 0.326003 0.892810 0.008088 0.010458
0 0.386397 0.798693 0.006618 0.013072
0 0.302206 0.726144 0.004412 0.011765
0 0.986397 0.128105 0.006618 0.013072
0 0.789706 0.166667 0.007353 0.016993
0 0.846690 0.260131 0.011029 0.018301
0 0.774632 0.466667 0.008088 0.005686
0 0.458824 0.342484 0.004402 0.007843
0 0.470691 0.371242 0.005147 0.010458
0 0.475735 0.376470 0.004412 0.007843
0 0.506985 0.478430 0.002206 0.010458
0 0.507353 0.504575 0.005882 0.010458
0 0.609485 0.501307 0.008088 0.009150
0 0.629412 0.509150 0.005882 0.011765
0 0.577574 0.443137 0.006618 0.015686
0 0.583824 0.403268 0.004412 0.011765
0 0.549265 0.449020 0.007353 0.011765
