0 0.521354 0.400926 0.005208 0.012963
0 0.511458 0.400000 0.004167 0.011111
0 0.472396 0.416667 0.005208 0.011111
0 0.475000 0.431481 0.004167 0.011111
0 0.461458 0.458333 0.004167 0.012963
0 0.481771 0.480556 0.007292 0.012963
0 0.514062 0.519444 0.007292 0.016667
0 0.369270 0.664815 0.007292 0.037037
0 0.340667 0.809259 0.008333 0.051852
0 0.413021 0.694444 0.009375 0.040741
0 0.414062 0.691667 0.007292 0.031481
0 0.486458 0.706481 0.010417 0.038889
0 0.531250 0.686111 0.008333 0.027778
0 0.530208 0.685185 0.010417 0.029630
