0 0.805074 0.741176 0.012500 0.057516
0 0.630882 0.728005 0.013235 0.052288
0 0.609559 0.507090 0.007353 0.041830
0 0.548897 0.388235 0.005047 0.033987
0 0.555882 0.330373 0.007353 0.030065
0 0.547059 0.308954 0.005882 0.028758
0 0.539706 0.300000 0.004402 0.027451
0 0.557720 0.252288 0.005147 0.020915
0 0.527574 0.231373 0.003676 0.015686
0 0.513971 0.247712 0.005882 0.016993
0 0.513235 0.160784 0.004412 0.013072
0 0.519853 0.139216 0.004412 0.011765
0 0.511397 0.132026 0.003676 0.013072
0 0.522059 0.033333 0.002941 0.013072
0 0.525735 0.032680 0.002941 0.014379
0 0.465440 0.133987 0.002941 0.011765
0 0.453309 0.047059 0.003676 0.014379
0 0.450000 0.033333 0.002941 0.015686
0 0.454779 0.227451 0.005147 0.015686
0 0.444485 0.247059 0.005147 0.018301
0 0.404412 0.466013 0.008824 0.022222
0 0.405147 0.456863 0.008824 0.022222
0 0.417647 0.464052 0.008824 0.031373
0 0.426838 0.460784 0.005047 0.035294
0 0.420588 0.447702 0.007353 0.032680
0 0.284926 0.369280 0.008088 0.030065
0 0.266544 0.413072 0.008088 0.028758
0 0.273529 0.407843 0.010294 0.026144
0 0.258456 0.403268 0.009559 0.022222
0 0.098162 0.442484 0.006618 0.045752
