0 0.451103 0.814379 0.024265 0.047059
0 0.560765 0.450980 0.013235 0.052288
0 0.703603 0.513072 0.028676 0.027451
0 0.700662 0.501307 0.030147 0.032680
0 0.648897 0.420905 0.009559 0.047059
0 0.640440 0.313725 0.008824 0.041830
0 0.600735 0.167320 0.007353 0.015686
0 0.590074 0.166667 0.008088 0.022222
0 0.613971 0.142484 0.010294 0.018301
0 0.602500 0.143137 0.002941 0.011765
0 0.591912 0.104575 0.007353 0.018301
0 0.601471 0.100000 0.004412 0.011765
0 0.597059 0.102614 0.004412 0.014379
0 0.597794 0.100000 0.005882 0.016993
0 0.580505 0.071895 0.006618 0.023529
0 0.513603 0.006536 0.006618 0.013072
0 0.522426 0.063399 0.003676 0.022222
0 0.460294 0.167320 0.007353 0.026144
0 0.410662 0.187582 0.005147 0.022222
0 0.398529 0.186275 0.010294 0.019608
