0 0.435294 0.254248 0.002940 0.019608
0 0.545956 0.251634 0.003676 0.011765
0 0.545956 0.250327 0.005147 0.014379
0 0.574265 0.329412 0.007353 0.023529
0 0.631618 0.259477 0.004412 0.019608
0 0.601765 0.330719 0.007353 0.026144
0 0.560765 0.479739 0.008824 0.041830
0 0.602206 0.428758 0.007353 0.033987
0 0.635662 0.533333 0.009559 0.026144
0 0.633824 0.520915 0.008824 0.035294
0 0.645588 0.568627 0.008824 0.044444
0 0.675735 0.505882 0.007353 0.040830
0 0.789338 0.494770 0.006618 0.050980
0 0.789338 0.505033 0.005147 0.026144
0 0.795956 0.516993 0.008088 0.030065
0 0.798529 0.520915 0.008824 0.027451
0 0.808456 0.522222 0.009559 0.032680
0 0.869018 0.549020 0.022059 0.054902
0 0.854402 0.630719 0.013235 0.053595
0 0.887500 0.641176 0.019118 0.040523
0 0.905882 0.692157 0.020588 0.043137
0 0.870221 0.698693 0.016912 0.043137
0 0.859926 0.705882 0.021324 0.044444
0 0.487132 0.609150 0.013971 0.047059
0 0.194118 0.421569 0.005882 0.016993
0 0.305882 0.607190 0.013235 0.037908
