0 0.540625 0.828704 0.008750 0.064815
0 0.304688 0.954630 0.003542 0.068519
0 0.395833 0.542593 0.006250 0.029630
0 0.404687 0.542593 0.009375 0.033333
0 0.420833 0.520296 0.008333 0.035185
0 0.523958 0.325926 0.004067 0.018519
0 0.479167 0.396296 0.008333 0.018519
0 0.478125 0.396296 0.006250 0.014815
0 0.458854 0.426852 0.009375 0.027778
0 0.452604 0.408333 0.007292 0.024074
0 0.436979 0.362963 0.005208 0.018519
0 0.501979 0.456481 0.007292 0.031481
0 0.507708 0.450926 0.006250 0.027778
0 0.533333 0.526852 0.014583 0.027778
0 0.535937 0.524074 0.009375 0.029630
