0 0.048958 0.604630 0.002500 0.046296
0 0.048438 0.463889 0.001458 0.042593
0 0.028646 0.501111 0.009375 0.037037
0 0.545833 0.607593 0.008333 0.046296
0 0.563542 0.608333 0.008333 0.046296
0 0.022396 0.827778 0.015625 0.037037
0 0.082812 0.600000 0.013542 0.033333
0 0.313021 0.514815 0.009375 0.033333
0 0.261458 0.393519 0.008333 0.016667
0 0.200000 0.312963 0.006250 0.014815
0 0.176042 0.264815 0.004167 0.011111
0 0.181771 0.219444 0.003125 0.009259
0 0.208854 0.209259 0.005208 0.007407
0 0.240625 0.214815 0.004167 0.007407
0 0.232813 0.248148 0.003125 0.007407
0 0.600938 0.584259 0.007292 0.038889
0 0.625520 0.580556 0.007292 0.038889
0 0.640625 0.623148 0.008333 0.031481
0 0.004067 0.423148 0.008333 0.031481
