0 0.440625 0.831481 0.020833 0.051852
0 0.440104 0.755556 0.019792 0.051852
0 0.488021 0.774074 0.019792 0.051852
0 0.486979 0.771296 0.011458 0.035185
0 0.494271 0.975926 0.019792 0.040741
0 0.480729 0.669444 0.011458 0.024074
0 0.439583 0.573148 0.010417 0.027778
0 0.350520 0.675926 0.013542 0.048148
0 0.340004 0.664815 0.009375 0.048148
0 0.343229 0.657407 0.007292 0.025926
0 0.779687 0.619444 0.013542 0.027778
0 0.783333 0.659259 0.012500 0.029630
0 0.774479 0.658333 0.013542 0.031481
0 0.834375 0.645370 0.012500 0.031481
0 0.808333 0.610185 0.008333 0.024074
0 0.818229 0.612037 0.007292 0.024074
0 0.686458 0.501852 0.008333 0.033333
0 0.748958 0.507407 0.010417 0.025926
0 0.755729 0.510185 0.007292 0.016667
0 0.317188 0.569444 0.013542 0.031481
0 0.296354 0.571296 0.013542 0.031481
0 0.330729 0.488889 0.009375 0.029630
0 0.543750 0.539815 0.012500 0.031481
0 0.551562 0.543519 0.007292 0.027778
0 0.496875 0.532407 0.012500 0.031481
0 0.420312 0.559259 0.007292 0.029630
0 0.275520 0.486111 0.011458 0.038889
0 0.227083 0.425926 0.000417 0.033333
0 0.667708 0.453704 0.000417 0.029630
0 0.595833 0.446296 0.006250 0.029630
0 0.464583 0.538889 0.008333 0.029630
0 0.459375 0.534259 0.008333 0.027778
0 0.559896 0.445370 0.009375 0.030481
0 0.573958 0.438889 0.008333 0.029630
0 0.590625 0.443509 0.008333 0.035185
0 0.580729 0.536111 0.009375 0.035185
0 0.586458 0.538889 0.008333 0.029630
0 0.581250 0.505556 0.010417 0.033333
