0 0.689706 0.687582 0.004706 0.057516
0 0.570588 0.928105 0.019118 0.073203
0 0.584926 0.922222 0.012500 0.053595
0 0.393750 0.354902 0.008088 0.037908
0 0.436029 0.358170 0.008824 0.031373
0 0.482720 0.158824 0.006618 0.024837
0 0.042647 0.289542 0.013235 0.035294
0 0.040176 0.321569 0.014706 0.036601
0 0.042647 0.301765 0.011765 0.035294
0 0.507721 0.303268 0.008088 0.026144
0 0.508088 0.232026 0.004402 0.030065
0 0.502500 0.232026 0.004412 0.030065
0 0.509926 0.232680 0.003676 0.030373
0 0.547794 0.262745 0.005882 0.030373
0 0.558824 0.264052 0.005882 0.030373
0 0.564338 0.254902 0.005047 0.023529
0 0.560294 0.245752 0.005882 0.028758
