0 0.662500 0.764706 0.008824 0.000458
0 0.645220 0.769935 0.005147 0.010458
0 0.639338 0.773203 0.005047 0.009150
0 0.603971 0.955556 0.004412 0.013072
0 0.607279 0.953595 0.003676 0.011765
0 0.493015 0.847059 0.006618 0.013072
0 0.560294 0.762092 0.007353 0.013072
0 0.494118 0.746405 0.005882 0.013072
0 0.489706 0.799346 0.005882 0.001765
0 0.401765 0.567320 0.005882 0.013072
0 0.405047 0.583007 0.005882 0.015686
0 0.399265 0.524083 0.005882 0.007843
0 0.403676 0.509050 0.005882 0.011765
0 0.407720 0.497386 0.005147 0.009150
0 0.475000 0.471895 0.007353 0.013072
0 0.551103 0.503268 0.006618 0.015686
0 0.542647 0.407190 0.005882 0.014379
0 0.455505 0.430065 0.006618 0.015686
0 0.450000 0.433333 0.004402 0.014379
0 0.450838 0.400000 0.003676 0.007843
0 0.473529 0.292157 0.005882 0.011765
0 0.529412 0.277124 0.007353 0.013072
0 0.440440 0.254248 0.005882 0.011765
0 0.353676 0.248366 0.005882 0.003072
0 0.347794 0.237255 0.007353 0.004379
0 0.380047 0.241176 0.005882 0.014379
0 0.380505 0.230065 0.005147 0.010458
0 0.300368 0.209804 0.008088 0.001765
0 0.081618 0.276471 0.008824 0.011765
0 0.080882 0.269281 0.007353 0.010458
0 0.459091 0.145752 0.006618 0.016993
0 0.405882 0.163399 0.005882 0.007843
0 0.399632 0.073203 0.005147 0.009150
0 0.398529 0.162745 0.005882 0.009150
0 0.525735 0.015686 0.005882 0.018301
0 0.597794 0.149020 0.007353 0.015686
0 0.601029 0.154248 0.005882 0.013072
0 0.582353 0.020261 0.005882 0.013072
0 0.584926 0.024183 0.005147 0.010458
0 0.595220 0.071895 0.003676 0.015686
0 0.590440 0.080392 0.004412 0.011765
0 0.587868 0.076470 0.003676 0.011765
0 0.600368 0.043037 0.005147 0.015686
0 0.600000 0.089542 0.004402 0.009150
0 0.797794 0.090850 0.005882 0.004379
0 0.792279 0.088235 0.006608 0.014379
