0 0.009559 0.873203 0.019118 0.052288
0 0.008088 0.794771 0.016176 0.078431
0 0.045221 0.698039 0.024265 0.041830
0 0.146324 0.757516 0.019118 0.058824
0 0.066912 0.615033 0.017647 0.069281
0 0.043750 0.624183 0.021324 0.053595
0 0.043382 0.613725 0.025000 0.053595
0 0.048529 0.601961 0.019118 0.045752
0 0.269853 0.279085 0.008824 0.043037
0 0.264706 0.284304 0.007353 0.032680
0 0.985294 0.786275 0.020588 0.048366
0 0.968382 0.674510 0.013235 0.054902
0 0.964338 0.669935 0.012500 0.058824
0 0.900368 0.667974 0.019853 0.060131
0 0.820588 0.673203 0.022059 0.049673
0 0.864338 0.665359 0.013971 0.039216
0 0.861765 0.648366 0.011765 0.026144
0 0.867647 0.643791 0.014706 0.035294
0 0.793005 0.634641 0.016912 0.071895
0 0.770956 0.632680 0.015441 0.041830
0 0.520956 0.469281 0.013971 0.039216
0 0.603235 0.446405 0.010294 0.053595
0 0.670588 0.380699 0.010294 0.041830
0 0.604044 0.262092 0.008088 0.043037
0 0.509926 0.283660 0.009559 0.039216
0 0.568382 0.257506 0.007353 0.031373
0 0.576003 0.250980 0.008088 0.036601
0 0.607279 0.207843 0.008088 0.036601
0 0.588235 0.207843 0.007353 0.036600
0 0.596690 0.205229 0.008088 0.036601
0 0.605882 0.205882 0.007353 0.037908
0 0.606985 0.200654 0.005047 0.035294
0 0.600838 0.198039 0.006618 0.035294
0 0.540440 0.038562 0.005882 0.022222
0 0.475000 0.073203 0.005882 0.035294
0 0.452941 0.092810 0.005882 0.020915
0 0.437132 0.044444 0.005147 0.015686
0 0.434926 0.014379 0.005147 0.020915
