0 0.061765 0.307190 0.020588 0.083660
0 0.288235 0.302604 0.019118 0.066667
0 0.275368 0.307843 0.001029 0.053595
0 0.273529 0.292057 0.011765 0.061438
0 0.405047 0.201961 0.016176 0.064052
0 0.546324 0.775163 0.029412 0.122876
0 0.729779 0.275817 0.011029 0.049673
0 0.740809 0.264052 0.009559 0.044444
0 0.627574 0.266667 0.003971 0.057516
0 0.498897 0.273856 0.003971 0.066667
0 0.500735 0.268627 0.008824 0.060438
0 0.734926 0.224083 0.011029 0.053595
0 0.727206 0.203725 0.008824 0.040523
0 0.262500 0.080392 0.003235 0.045752
0 0.331250 0.116340 0.013971 0.031373
0 0.336397 0.054902 0.008088 0.033987
0 0.397059 0.069280 0.008824 0.036601
0 0.368750 0.060031 0.011029 0.041830
0 0.403235 0.125490 0.010294 0.047059
