0 0.086397 0.524083 0.015441 0.049673
0 0.020220 0.553595 0.013971 0.050980
0 0.006250 0.564052 0.002500 0.048366
0 0.032721 0.581699 0.011029 0.057516
0 0.041544 0.581699 0.011029 0.054902
0 0.209853 0.495425 0.008824 0.041830
0 0.245588 0.486275 0.008824 0.040830
0 0.220324 0.534641 0.008824 0.041830
0 0.273529 0.399346 0.005882 0.032680
0 0.213235 0.343137 0.004412 0.016993
0 0.225000 0.349020 0.004412 0.020915
0 0.222059 0.345098 0.004412 0.020915
0 0.246691 0.341830 0.006618 0.016993
0 0.288235 0.394118 0.007353 0.016993
0 0.304412 0.366013 0.005882 0.013072
0 0.323162 0.326797 0.005147 0.013072
0 0.338603 0.307190 0.005147 0.013072
0 0.332353 0.335294 0.005882 0.014379
0 0.355882 0.307843 0.005882 0.014379
0 0.994118 0.767320 0.011765 0.052288
0 0.943750 0.740523 0.012500 0.037908
0 0.916544 0.694118 0.012500 0.039216
0 0.926103 0.640523 0.012500 0.039216
0 0.912868 0.629412 0.012500 0.037908
0 0.875368 0.646405 0.012500 0.037908
0 0.856985 0.614379 0.012500 0.039216
0 0.815074 0.599346 0.012500 0.037908
0 0.744485 0.497386 0.012500 0.037908
0 0.669853 0.426797 0.008824 0.019608
0 0.644118 0.416340 0.007353 0.016993
