0 0.725520 0.943519 0.034375 0.057407
0 0.620354 0.787963 0.023958 0.050000
0 0.852083 0.700185 0.037500 0.061111
0 0.860979 0.604630 0.034375 0.053704
0 0.738542 0.709259 0.030250 0.051852
0 0.759375 0.486011 0.027083 0.072222
0 0.764583 0.372222 0.027083 0.055556
0 0.440625 0.950000 0.027083 0.059259
0 0.470354 0.874074 0.019792 0.048148
0 0.493750 0.758333 0.020833 0.064805
0 0.530729 0.586011 0.019792 0.064815
0 0.649479 0.560085 0.019792 0.061111
0 0.554067 0.459259 0.016667 0.066667
0 0.670875 0.447222 0.020833 0.061111
0 0.629067 0.350000 0.020833 0.066667
0 0.532803 0.318519 0.015625 0.059259
0 0.649479 0.239805 0.017708 0.064815
0 0.324479 0.037963 0.009792 0.061111
0 0.075521 0.191667 0.019792 0.046296
0 0.204067 0.212037 0.022917 0.064815
0 0.010417 0.651852 0.018750 0.040741
0 0.305625 0.269444 0.025000 0.079630
0 0.330771 0.269444 0.023958 0.061111
0 0.745303 0.086111 0.019792 0.072222
0 0.922396 0.092593 0.028025 0.070370
0 0.936458 0.090667 0.025000 0.068519
0 0.708854 0.087963 0.013542 0.053704
0 0.727604 0.098148 0.017708 0.070370
0 0.723437 0.077778 0.015625 0.070370
0 0.447907 0.197222 0.014583 0.046296
0 0.387500 0.206480 0.016667 0.061111
0 0.364583 0.098148 0.014583 0.059259
0 0.444270 0.256481 0.015625 0.064815
0 0.834896 0.069444 0.005625 0.061111
0 0.834375 0.088889 0.022907 0.066667
0 0.429688 0.242593 0.003542 0.066667
0 0.012500 0.605556 0.037500 0.051852
