0 0.971324 0.095425 0.013235 0.039216
0 0.436029 0.428005 0.017647 0.069281
0 0.456250 0.209608 0.015441 0.065359
0 0.342647 0.344444 0.007647 0.066667
0 0.358456 0.357506 0.013971 0.074510
0 0.368382 0.358070 0.014706 0.067974
0 0.362032 0.330719 0.013971 0.052288
0 0.404338 0.058170 0.012500 0.053595
0 0.390912 0.054248 0.011765 0.056209
0 0.396690 0.060131 0.008088 0.036601
0 0.505882 0.047712 0.014706 0.045752
0 0.772794 0.773856 0.025000 0.075807
0 0.976838 0.946405 0.034559 0.067974
0 0.940809 0.964052 0.033088 0.066667
0 0.917279 0.941176 0.024265 0.057516
0 0.849265 0.863399 0.036765 0.064052
0 0.780250 0.961438 0.025735 0.077124
0 0.801397 0.979085 0.024265 0.041830
0 0.654044 0.724837 0.008382 0.074510
0 0.657720 0.882353 0.021324 0.083660
0 0.629044 0.954902 0.027206 0.084967
0 0.632353 0.863399 0.025000 0.069280
0 0.645588 0.803725 0.022059 0.082353
0 0.603309 0.783660 0.006912 0.061438
0 0.620588 0.809608 0.017647 0.057516
0 0.505074 0.681046 0.016912 0.070588
0 0.537868 0.668627 0.006912 0.066667
0 0.553309 0.686275 0.006912 0.070588
0 0.537868 0.760784 0.027206 0.057516
0 0.525000 0.800654 0.029412 0.071895
0 0.444853 0.735948 0.022059 0.080046
0 0.393005 0.767320 0.021324 0.086275
0 0.401029 0.850980 0.016176 0.073203
0 0.443382 0.939206 0.022059 0.045752
0 0.386397 0.962092 0.024265 0.073203
0 0.376470 0.940523 0.025000 0.053595
0 0.370588 0.740830 0.020588 0.084967
0 0.610662 0.479085 0.015441 0.045752
0 0.625368 0.474510 0.024265 0.057516
0 0.228676 0.630373 0.023529 0.075817
0 0.249265 0.630709 0.025000 0.077124
0 0.240809 0.849020 0.024265 0.084967
0 0.206912 0.947059 0.033824 0.087582
0 0.433088 0.016993 0.008824 0.033987
0 0.388603 0.849673 0.027206 0.060031
0 0.379402 0.862745 0.014706 0.049673
0 0.295588 0.760784 0.007647 0.075817
0 0.274265 0.745752 0.023529 0.074500
0 0.246324 0.782353 0.007647 0.077124
0 0.254044 0.757506 0.025735 0.066667
0 0.270220 0.862745 0.022794 0.078431
0 0.302941 0.857516 0.022059 0.062745
0 0.319485 0.794771 0.022794 0.044444
0 0.331618 0.847712 0.020588 0.079739
0 0.286765 0.808497 0.007647 0.050980
0 0.295588 0.821569 0.025000 0.050980
0 0.349632 0.811111 0.016912 0.056209
0 0.354044 0.833987 0.005441 0.070588
