0 0.500042 0.246296 0.002083 0.009259
0 0.503385 0.256481 0.002604 0.005556
0 0.504427 0.268980 0.002604 0.010185
0 0.503125 0.284259 0.002083 0.005556
0 0.507031 0.295833 0.002604 0.006481
0 0.502760 0.320833 0.003646 0.013889
0 0.506770 0.344444 0.003125 0.014815
0 0.508333 0.339352 0.003125 0.008333
0 0.500260 0.372222 0.003646 0.011111
0 0.514583 0.386574 0.003125 0.010185
0 0.523177 0.392593 0.003646 0.009259
0 0.523438 0.387963 0.004167 0.011111
0 0.527344 0.397685 0.003646 0.013889
0 0.536719 0.440278 0.004687 0.015741
0 0.490104 0.440741 0.006250 0.018519
0 0.485937 0.477315 0.005208 0.015741
0 0.550781 0.480093 0.004687 0.017593
0 0.498698 0.512500 0.006771 0.019444
0 0.486458 0.501389 0.006250 0.015741
0 0.580250 0.539815 0.006250 0.027778
0 0.485417 0.624537 0.007292 0.019444
0 0.579948 0.688889 0.010937 0.025926
0 0.564844 0.682870 0.008854 0.023148
0 0.495833 0.693519 0.008333 0.027778
0 0.702604 0.870296 0.009375 0.050000
0 0.770875 0.766204 0.006250 0.045370
0 0.778385 0.772222 0.006770 0.044444
0 0.804067 0.793056 0.013542 0.047222
0 0.778385 0.827778 0.011979 0.033333
0 0.709896 0.978704 0.016667 0.025926
0 0.682552 0.898611 0.014063 0.037963
0 0.591667 0.790741 0.012500 0.016667
0 0.592187 0.801852 0.011458 0.022222
0 0.371354 0.618056 0.012500 0.025000
0 0.437240 0.882407 0.010937 0.027778
0 0.447035 0.749537 0.007812 0.039815
0 0.458854 0.700185 0.007292 0.042593
0 0.445312 0.709722 0.010417 0.034259
0 0.457292 0.856480 0.012500 0.055556
0 0.450520 0.859722 0.008333 0.037963
0 0.399219 0.762037 0.014063 0.031481
0 0.427083 0.809259 0.009375 0.044444
0 0.421094 0.811574 0.010937 0.034259
0 0.925260 0.743981 0.010937 0.028704
0 0.965885 0.756481 0.011979 0.031481
0 0.984375 0.756009 0.008333 0.036111
0 0.993490 0.750000 0.000937 0.044444
0 0.940885 0.970296 0.011979 0.053704
0 0.979427 0.974537 0.020313 0.039815
