0 0.865074 0.864052 0.020324 0.070588
0 0.090074 0.029412 0.008088 0.030065
0 0.076838 0.028758 0.008088 0.033987
0 0.054412 0.039869 0.004412 0.027451
0 0.308088 0.075163 0.008824 0.033987
0 0.407647 0.160784 0.008824 0.031373
0 0.402206 0.092800 0.005882 0.031373
0 0.394853 0.092057 0.005882 0.035294
0 0.356250 0.056209 0.006608 0.023529
0 0.679402 0.141830 0.005882 0.032680
0 0.650368 0.064706 0.005047 0.032680
0 0.846690 0.203268 0.008088 0.035294
0 0.785294 0.003268 0.005882 0.031373
0 0.778676 0.003268 0.007353 0.028758
0 0.760662 0.050327 0.006608 0.027451
0 0.759091 0.041176 0.005147 0.032680
