0 0.203125 0.969444 0.018750 0.020370
0 0.103646 0.806481 0.009375 0.024074
0 0.110417 0.801852 0.010417 0.025926
0 0.242088 0.700926 0.007292 0.031481
0 0.237500 0.669444 0.008333 0.030481
0 0.203021 0.612963 0.007292 0.025926
0 0.200042 0.701852 0.006250 0.022222
0 0.206770 0.699074 0.007292 0.027778
0 0.216146 0.566667 0.005208 0.014815
0 0.221354 0.562963 0.005208 0.018519
0 0.420833 0.574074 0.006250 0.014815
0 0.485417 0.492593 0.006250 0.018519
0 0.606667 0.377778 0.004167 0.014815
0 0.609792 0.376852 0.002083 0.012963
0 0.570833 0.562963 0.006250 0.008519
0 0.549479 0.550926 0.005208 0.024074
0 0.542708 0.550926 0.006250 0.020370
0 0.482292 0.426852 0.004167 0.009259
0 0.319271 0.421296 0.003125 0.012963
0 0.330729 0.411111 0.003125 0.011111
