0 0.943750 0.550980 0.008088 0.027450
0 0.943750 0.550634 0.005147 0.020915
0 0.835662 0.506993 0.008088 0.027451
0 0.796324 0.469280 0.007353 0.031373
0 0.802574 0.528758 0.008088 0.030065
0 0.802868 0.502614 0.005147 0.032680
0 0.820220 0.530719 0.006618 0.031373
0 0.822059 0.522876 0.007353 0.028758
0 0.302206 0.557506 0.008824 0.040523
0 0.325000 0.600654 0.010294 0.030065
0 0.731985 0.488235 0.005147 0.027451
0 0.476471 0.729412 0.011765 0.044444
0 0.635662 0.506536 0.008088 0.032680
0 0.561029 0.573856 0.005882 0.023529
0 0.567647 0.572549 0.007353 0.039216
0 0.551471 0.562092 0.008824 0.033987
0 0.528676 0.558824 0.008824 0.035294
0 0.530047 0.558170 0.007353 0.033987
0 0.527574 0.552288 0.005047 0.035294
0 0.586765 0.262092 0.002940 0.011765
0 0.588971 0.273203 0.002941 0.007843
