0 0.379779 0.943137 0.011029 0.035294
0 0.383088 0.937908 0.011765 0.032680
0 0.397426 0.940523 0.018382 0.035294
0 0.525368 0.558824 0.005147 0.019608
0 0.519853 0.557516 0.007353 0.019608
0 0.547059 0.467974 0.005882 0.020915
0 0.348529 0.450980 0.005882 0.013072
0 0.354779 0.452288 0.005147 0.013072
0 0.461029 0.433333 0.004412 0.014379
0 0.465074 0.431373 0.005147 0.013072
0 0.495588 0.394118 0.005882 0.014379
0 0.502941 0.398693 0.004412 0.010458
0 0.598162 0.436601 0.003676 0.010458
0 0.602574 0.435948 0.005147 0.009150
0 0.626103 0.424183 0.005147 0.014379
0 0.599632 0.390096 0.005147 0.024837
0 0.639706 0.354248 0.004402 0.020915
0 0.635662 0.349020 0.005047 0.020915
0 0.625735 0.347702 0.004412 0.018301
0 0.622426 0.346405 0.003676 0.020905
0 0.638235 0.333333 0.002940 0.015686
0 0.646690 0.343791 0.003676 0.013072
0 0.655505 0.320915 0.003676 0.014379
0 0.630505 0.316340 0.003676 0.018301
0 0.630618 0.305882 0.004412 0.015686
0 0.623062 0.303922 0.003676 0.019608
0 0.600294 0.314379 0.002941 0.016993
0 0.604779 0.301765 0.003676 0.016993
0 0.604044 0.300307 0.003676 0.014379
0 0.600838 0.300654 0.002206 0.015686
0 0.592279 0.325490 0.003676 0.008301
0 0.590544 0.305229 0.003676 0.016993
0 0.583088 0.309050 0.002941 0.019608
0 0.590809 0.288889 0.003676 0.003072
0 0.569018 0.302614 0.004412 0.016993
0 0.556608 0.300654 0.004412 0.015686
0 0.507647 0.322876 0.002941 0.018301
0 0.506608 0.355556 0.002941 0.026144
0 0.508382 0.346405 0.004412 0.023529
0 0.525735 0.350634 0.004412 0.023529
0 0.530047 0.349673 0.004412 0.024837
0 0.533456 0.345752 0.003676 0.022222
0 0.584559 0.340523 0.004402 0.019608
0 0.573529 0.343037 0.004412 0.019608
0 0.572426 0.344444 0.005047 0.022222
0 0.568005 0.345752 0.003676 0.019608
0 0.563235 0.350327 0.002940 0.013072
0 0.523897 0.295425 0.003676 0.005686
0 0.500662 0.297386 0.003676 0.016993
0 0.533824 0.306340 0.004412 0.018301
0 0.540809 0.305686 0.003676 0.014379
0 0.545220 0.315033 0.005147 0.015686
0 0.322426 0.369280 0.006618 0.027451
0 0.302132 0.369935 0.003676 0.026144
0 0.305047 0.369281 0.004412 0.032680
0 0.240074 0.370588 0.005047 0.024837
0 0.205047 0.374510 0.002941 0.019608
0 0.202574 0.370588 0.005047 0.024837
0 0.069118 0.341176 0.004412 0.015686
0 0.076103 0.341830 0.005147 0.024837
0 0.262500 0.349020 0.004402 0.020915
0 0.273529 0.347702 0.004412 0.018301
0 0.270220 0.352288 0.003676 0.011765
0 0.240809 0.300961 0.003676 0.015686
0 0.243750 0.296078 0.003676 0.004379
0 0.236765 0.300307 0.004412 0.016993
0 0.202940 0.273203 0.002941 0.010458
0 0.200735 0.274500 0.002941 0.013072
0 0.973529 0.335948 0.004402 0.020915
0 0.967647 0.334640 0.004412 0.020915
0 0.955505 0.364052 0.005147 0.019608
0 0.941912 0.355556 0.005882 0.020915
