0 0.299265 0.850327 0.013235 0.030065
0 0.609559 0.469281 0.008824 0.020915
0 0.668382 0.157516 0.005882 0.016993
0 0.659926 0.157516 0.005147 0.016993
0 0.636029 0.090096 0.002941 0.020915
0 0.543750 0.138562 0.005147 0.013072
0 0.560294 0.027450 0.004412 0.015686
0 0.505882 0.026144 0.004412 0.010458
0 0.507721 0.012418 0.003676 0.009150
0 0.502574 0.008497 0.003676 0.009150
0 0.517279 0.088889 0.003676 0.010458
0 0.466912 0.073203 0.004412 0.013072
0 0.467279 0.045098 0.003676 0.011765
0 0.235662 0.355556 0.006608 0.031373
0 0.326838 0.070588 0.003676 0.022222
0 0.330047 0.161438 0.004412 0.019608
0 0.308015 0.192810 0.003676 0.022222
0 0.363235 0.012418 0.002941 0.009150
0 0.051471 0.129412 0.005882 0.023529
0 0.050735 0.120261 0.004412 0.020915
0 0.079779 0.084314 0.005147 0.022222
0 0.221691 0.035294 0.005147 0.013072
0 0.225735 0.022876 0.002940 0.014379
0 0.208750 0.012418 0.002206 0.009150
0 0.226838 0.006993 0.003676 0.018301
0 0.234926 0.020915 0.003676 0.010458
0 0.776103 0.748366 0.018382 0.043137
