0 0.216912 0.700654 0.007353 0.013072
0 0.224632 0.697386 0.008088 0.014379
0 0.083824 0.759477 0.014706 0.018301
0 0.066902 0.475163 0.020588 0.016993
0 0.028309 0.328758 0.013971 0.019608
0 0.035294 0.332026 0.016176 0.015686
0 0.148897 0.252941 0.013971 0.019608
0 0.237868 0.475163 0.011029 0.019608
0 0.069118 0.641830 0.013235 0.013072
0 0.085662 0.629412 0.013971 0.011765
0 0.228676 0.627451 0.013235 0.013072
0 0.192279 0.660131 0.012500 0.020915
0 0.371324 0.533987 0.011765 0.016993
0 0.385662 0.464706 0.011029 0.019608
0 0.380147 0.422222 0.011765 0.018301
0 0.188603 0.163399 0.013971 0.023529
0 0.503235 0.892157 0.008824 0.014379
0 0.602574 0.388235 0.008088 0.018301
0 0.611397 0.381046 0.009559 0.019608
0 0.653309 0.087582 0.008088 0.016993
0 0.580250 0.161438 0.006618 0.014379
0 0.703309 0.341830 0.011029 0.019608
0 0.667647 0.949673 0.000294 0.016993
0 0.693750 0.900654 0.008088 0.023529
0 0.861397 0.466667 0.012500 0.015686
0 0.835662 0.054248 0.002500 0.024837
