0 0.353309 0.458070 0.006618 0.019608
0 0.348529 0.430709 0.005882 0.019608
0 0.344485 0.433987 0.005047 0.018301
0 0.293750 0.722222 0.006608 0.027451
0 0.285294 0.732026 0.007353 0.026044
0 0.285294 0.750980 0.004402 0.016993
0 0.495956 0.657506 0.005147 0.018301
0 0.690176 0.598693 0.004412 0.020915
0 0.697059 0.609804 0.004402 0.022222
0 0.720220 0.541830 0.003676 0.022222
0 0.772059 0.526797 0.004402 0.018301
0 0.763603 0.524837 0.003676 0.022222
0 0.760294 0.535948 0.004402 0.020915
0 0.754044 0.539869 0.003676 0.023529
0 0.752206 0.530065 0.004402 0.022222
0 0.733456 0.539869 0.003676 0.020905
0 0.742647 0.539869 0.002940 0.018301
0 0.747059 0.538562 0.002940 0.023529
0 0.782353 0.524083 0.004412 0.020915
0 0.807353 0.508301 0.004412 0.016993
0 0.850368 0.480392 0.003676 0.006993
0 0.853676 0.479739 0.002940 0.018301
0 0.860294 0.477024 0.002941 0.018301
0 0.858088 0.477024 0.002941 0.018301
0 0.901029 0.451634 0.004412 0.019608
0 0.906544 0.454902 0.003676 0.020915
0 0.940912 0.466013 0.004412 0.019608
0 0.925735 0.522876 0.004402 0.018301
0 0.934559 0.528005 0.005882 0.020915
0 0.938970 0.525490 0.004412 0.023529
0 0.948529 0.522876 0.004402 0.020915
0 0.952574 0.526044 0.003676 0.016993
0 0.959091 0.526144 0.006618 0.014379
0 0.994853 0.556209 0.005882 0.009608
0 0.988235 0.555556 0.005882 0.020905
0 0.969018 0.525490 0.005882 0.020915
0 0.966902 0.510458 0.004412 0.019608
0 0.970588 0.507090 0.002941 0.018301
0 0.972794 0.504379 0.002941 0.011765
0 0.974632 0.524837 0.005047 0.019608
0 0.968750 0.525490 0.005047 0.020915
0 0.980505 0.526144 0.003676 0.019608
0 0.982353 0.507843 0.004402 0.014379
0 0.980618 0.497386 0.002941 0.019608
0 0.980985 0.487582 0.005147 0.020915
0 0.964338 0.480392 0.005047 0.019608
0 0.976470 0.477778 0.004412 0.011765
0 0.977574 0.470588 0.003676 0.020905
0 0.990809 0.470588 0.003676 0.005686
0 0.987868 0.490503 0.005147 0.018301
0 0.994018 0.501307 0.004412 0.019608
0 0.992279 0.495425 0.005047 0.020915
0 0.922059 0.452940 0.002941 0.016993
