0 0.391912 0.637255 0.013235 0.053595
0 0.398162 0.631373 0.009559 0.047059
0 0.436397 0.311765 0.008088 0.037908
0 0.437500 0.309150 0.007353 0.027451
0 0.326003 0.196078 0.006618 0.033987
0 0.749265 0.333333 0.007353 0.044444
0 0.755505 0.333987 0.006618 0.035294
0 0.784926 0.220260 0.008088 0.032680
0 0.789706 0.230373 0.004412 0.015686
0 0.698529 0.223529 0.007353 0.033987
0 0.609926 0.264706 0.008088 0.032680
0 0.588235 0.128758 0.007353 0.024837
0 0.602574 0.004575 0.005147 0.028758
0 0.575368 0.077778 0.005147 0.019608
0 0.578676 0.073856 0.004412 0.022222
0 0.579044 0.075817 0.003676 0.015686
0 0.551103 0.046405 0.003676 0.022222
0 0.487032 0.084314 0.005147 0.024837
0 0.496691 0.041830 0.005147 0.018301
0 0.496691 0.047059 0.005147 0.018301
0 0.491544 0.016340 0.003676 0.019608
0 0.408824 0.088235 0.004402 0.019608
0 0.685294 0.039869 0.007353 0.033987
0 0.697426 0.015033 0.006618 0.028758
0 0.401765 0.043791 0.004412 0.022222
