0 0.544792 0.246296 0.004167 0.011111
0 0.470354 0.228704 0.003125 0.012963
0 0.474479 0.235085 0.003125 0.014815
0 0.429688 0.364815 0.005208 0.022222
0 0.304583 0.389815 0.006250 0.024074
0 0.290667 0.386111 0.006250 0.024074
0 0.365004 0.448148 0.007292 0.029630
0 0.353025 0.470370 0.006250 0.029630
0 0.348958 0.476852 0.006250 0.027778
0 0.320312 0.754630 0.015625 0.031481
0 0.411979 0.595370 0.007292 0.027778
0 0.586979 0.536111 0.005208 0.027778
0 0.906770 0.821296 0.011458 0.050000
0 0.900521 0.805556 0.009375 0.037037
0 0.685407 0.878704 0.010417 0.042593
0 0.867188 0.749074 0.015625 0.027778
0 0.823958 0.720370 0.008333 0.044444
0 0.811458 0.715741 0.010417 0.035185
0 0.626563 0.539805 0.007292 0.035185
0 0.628646 0.309259 0.005208 0.014815
0 0.678125 0.329630 0.006250 0.014815
