0 0.177941 0.642484 0.014706 0.037908
0 0.206544 0.643137 0.013971 0.054902
0 0.234559 0.639206 0.013235 0.054902
0 0.070221 0.572549 0.012500 0.047059
0 0.360765 0.562745 0.016176 0.045752
0 0.386029 0.559477 0.004706 0.052288
0 0.378309 0.496078 0.009559 0.037908
0 0.300471 0.463399 0.008824 0.040523
0 0.247059 0.363399 0.008824 0.031373
0 0.291544 0.330065 0.008088 0.027451
0 0.665074 0.778431 0.013971 0.050980
0 0.761397 0.698039 0.019853 0.044444
0 0.906250 0.361438 0.008088 0.022222
0 0.726471 0.450327 0.011765 0.030065
0 0.638971 0.377124 0.008824 0.024837
0 0.399632 0.362092 0.006608 0.028758
0 0.472059 0.380392 0.007353 0.028758
0 0.420588 0.371242 0.008824 0.026144
0 0.377941 0.367974 0.007353 0.032680
0 0.474265 0.322222 0.005882 0.019608
0 0.380047 0.352941 0.004412 0.031373
0 0.384559 0.352940 0.007353 0.033987
0 0.456250 0.217647 0.003676 0.019608
0 0.459559 0.062092 0.002941 0.013072
0 0.472059 0.067320 0.002941 0.015686
0 0.465809 0.031373 0.002206 0.014379
0 0.502574 0.024837 0.002206 0.011765
0 0.495956 0.133333 0.002206 0.010458
0 0.480618 0.088889 0.001471 0.007843
