0 0.232353 0.613072 0.016176 0.049673
0 0.041176 0.550980 0.016176 0.053595
0 0.224632 0.470895 0.012500 0.047059
0 0.733824 0.615033 0.016176 0.045752
0 0.639706 0.663399 0.017647 0.045752
0 0.043015 0.430065 0.009559 0.049673
0 0.052206 0.429412 0.011765 0.048366
0 0.561397 0.389542 0.011029 0.023529
0 0.340176 0.158824 0.005882 0.027451
0 0.432353 0.193464 0.005882 0.015686
0 0.377206 0.175817 0.004412 0.011765
0 0.400103 0.073203 0.005147 0.018301
0 0.398062 0.074510 0.005147 0.018301
0 0.407353 0.096078 0.005882 0.009150
0 0.540441 0.155556 0.005882 0.015686
0 0.558088 0.292157 0.008824 0.022222
0 0.546324 0.160131 0.005882 0.016993
0 0.565440 0.074510 0.004412 0.023529
