0 0.277941 0.686928 0.020588 0.066667
0 0.100000 0.707190 0.016176 0.057516
0 0.875735 0.839206 0.016176 0.060131
0 0.784559 0.785621 0.019118 0.070588
0 0.976838 0.734640 0.009559 0.062745
0 0.962868 0.706536 0.008382 0.061438
0 0.984926 0.724837 0.008382 0.077124
0 0.837868 0.666667 0.016912 0.044444
0 0.674265 0.605882 0.010294 0.030065
0 0.657721 0.505882 0.015441 0.033987
0 0.509559 0.349673 0.005882 0.019608
0 0.626103 0.450980 0.008088 0.036601
0 0.639706 0.450980 0.007353 0.040830
0 0.648897 0.450980 0.006608 0.039216
0 0.649265 0.294770 0.005882 0.032680
0 0.658456 0.296732 0.006618 0.015686
0 0.420220 0.196078 0.003676 0.015686
0 0.498162 0.228105 0.003676 0.016993
0 0.507647 0.230065 0.002941 0.018301
0 0.491176 0.212418 0.004412 0.014379
0 0.486029 0.218301 0.002941 0.013072
0 0.450000 0.160784 0.002941 0.013072
0 0.490912 0.177124 0.002941 0.014379
