0 0.292279 0.677024 0.012500 0.060131
0 0.309926 0.685620 0.013971 0.053595
0 0.500735 0.720569 0.017647 0.073203
0 0.711765 0.940523 0.019118 0.079739
0 0.721691 0.944444 0.019853 0.071895
0 0.690074 0.666003 0.013971 0.061438
0 0.700103 0.624183 0.016912 0.058824
0 0.330515 0.538562 0.016912 0.054902
0 0.228309 0.490196 0.013971 0.033987
0 0.220956 0.435294 0.002500 0.054902
0 0.205809 0.435294 0.011029 0.047059
0 0.238603 0.432026 0.002500 0.040523
0 0.016912 0.424837 0.013235 0.044444
0 0.027941 0.415686 0.011765 0.028758
0 0.031618 0.428105 0.011765 0.037908
0 0.094485 0.352941 0.009559 0.039216
0 0.251103 0.296732 0.006618 0.028758
0 0.223062 0.307190 0.009559 0.031373
0 0.362868 0.406340 0.011029 0.050980
0 0.395220 0.392157 0.008088 0.052288
0 0.445220 0.400000 0.009559 0.047059
0 0.455505 0.405882 0.008088 0.043137
0 0.292279 0.395425 0.006608 0.030065
0 0.298529 0.396732 0.007353 0.037908
0 0.306912 0.403922 0.007353 0.041830
0 0.304402 0.363399 0.005882 0.039216
0 0.305809 0.367320 0.009559 0.044444
0 0.326003 0.375817 0.009559 0.043137
0 0.335294 0.373856 0.007353 0.047059
0 0.303676 0.350980 0.007353 0.043037
0 0.340074 0.404575 0.006608 0.045752
0 0.344485 0.400961 0.006618 0.045752
0 0.406250 0.133333 0.006618 0.023529
0 0.414338 0.133987 0.008088 0.024837
0 0.568750 0.093464 0.003676 0.022222
0 0.700000 0.233333 0.008824 0.035294
0 0.721691 0.333987 0.009559 0.035294
0 0.722059 0.006536 0.007353 0.024837
0 0.740441 0.115033 0.005882 0.020915
0 0.802574 0.050980 0.005147 0.020915
0 0.677940 0.058824 0.004412 0.020915
0 0.677574 0.046405 0.005047 0.016993
0 0.680047 0.048366 0.004412 0.020915
0 0.686765 0.043790 0.004412 0.019608
0 0.690074 0.043790 0.005147 0.022222
