0 0.522396 0.578704 0.007292 0.031481
0 0.535677 0.552315 0.004687 0.017593
0 0.544010 0.549074 0.005729 0.018519
0 0.604844 0.553241 0.004687 0.021296
0 0.618750 0.562037 0.005208 0.018519
0 0.618490 0.572685 0.005729 0.023148
0 0.626042 0.588889 0.008333 0.033333
0 0.647396 0.602778 0.009375 0.040741
0 0.658594 0.609722 0.009896 0.043519
0 0.669010 0.634722 0.009896 0.036111
0 0.669531 0.643981 0.008854 0.049074
0 0.670833 0.671759 0.018750 0.080556
0 0.658073 0.689815 0.019271 0.061111
0 0.688802 0.740204 0.026562 0.137963
0 0.707187 0.757870 0.026042 0.139815
0 0.703281 0.744907 0.024479 0.128704
0 0.702604 0.708981 0.019792 0.100926
0 0.790365 0.675000 0.006146 0.077778
