0 0.858456 0.226044 0.003676 0.013072
0 0.855882 0.301961 0.007353 0.018301
0 0.800471 0.218301 0.002941 0.013072
0 0.805515 0.216340 0.002206 0.009150
0 0.810294 0.216993 0.002941 0.010458
0 0.049632 0.849020 0.027206 0.084967
0 0.077941 0.428105 0.008824 0.040523
0 0.084559 0.406536 0.007353 0.039216
0 0.076471 0.401307 0.010294 0.033987
0 0.238235 0.488235 0.010294 0.043137
0 0.326470 0.381699 0.004412 0.018301
0 0.302206 0.377778 0.008824 0.020915
0 0.005147 0.437255 0.005882 0.030065
0 0.084091 0.433333 0.009559 0.037908
0 0.087032 0.436601 0.011029 0.039216
0 0.127941 0.441830 0.007353 0.023529
0 0.116544 0.453595 0.009559 0.036601
0 0.740440 0.562745 0.011765 0.045752
0 0.566544 0.512418 0.011029 0.039216
0 0.506618 0.447059 0.010294 0.036601
0 0.512132 0.447712 0.005147 0.030065
0 0.400735 0.470588 0.011765 0.039216
0 0.626103 0.347059 0.006618 0.027451
0 0.600735 0.288889 0.004402 0.023529
0 0.590440 0.271242 0.004412 0.022222
0 0.598897 0.248366 0.003676 0.008301
0 0.967647 0.384304 0.007353 0.028758
