0 0.584559 0.253595 0.004402 0.018301
0 0.583456 0.284304 0.005147 0.016993
0 0.720220 0.030719 0.008088 0.019608
0 0.068382 0.314379 0.011765 0.011765
0 0.341176 0.577778 0.010294 0.015686
0 0.254412 0.720915 0.008824 0.016993
0 0.259926 0.705882 0.011029 0.013072
0 0.264706 0.692157 0.008824 0.011765
0 0.247426 0.701961 0.009559 0.015686
0 0.343750 0.536601 0.006618 0.016993
0 0.349265 0.537255 0.007353 0.015686
0 0.420956 0.581699 0.009559 0.018301
0 0.643382 0.422876 0.008824 0.004379
0 0.572794 0.554248 0.008824 0.013072
0 0.656250 0.583007 0.006618 0.013072
0 0.745956 0.602418 0.012500 0.009150
0 0.802941 0.398039 0.010294 0.016993
0 0.702500 0.257516 0.007353 0.020915
0 0.762032 0.043137 0.011029 0.023529
0 0.783824 0.025490 0.007353 0.015686
0 0.635294 0.311111 0.008824 0.015686
0 0.615809 0.305229 0.006618 0.016993
0 0.301765 0.834641 0.008824 0.016993
