0 0.363542 0.907407 0.033333 0.066667
0 0.453025 0.776852 0.027083 0.072222
0 0.068750 0.930481 0.060417 0.059259
0 0.091146 0.616667 0.044792 0.096296
0 0.296875 0.603889 0.037500 0.098148
0 0.394270 0.627778 0.032292 0.074074
0 0.458333 0.609444 0.035417 0.075926
0 0.527083 0.594444 0.029067 0.100000
0 0.606770 0.580556 0.028125 0.101852
0 0.697396 0.589805 0.032292 0.075926
0 0.770833 0.575000 0.039583 0.087037
0 0.801458 0.679630 0.039583 0.077778
0 0.849479 0.702037 0.044792 0.064815
0 0.835938 0.570296 0.040625 0.090741
0 0.974479 0.702778 0.050042 0.075926
0 0.952083 0.635085 0.052083 0.077778
0 0.909792 0.558333 0.060417 0.083333
0 0.854687 0.404815 0.040625 0.070370
0 0.926042 0.373048 0.033333 0.083333
0 0.755208 0.404815 0.029167 0.081481
0 0.686458 0.406480 0.031250 0.072222
0 0.605104 0.403704 0.023958 0.066667
0 0.547396 0.400926 0.020875 0.079630
0 0.483854 0.405741 0.023958 0.094444
0 0.400000 0.409444 0.037500 0.090741
0 0.328646 0.426852 0.032292 0.001852
0 0.226562 0.408519 0.038542 0.088889
0 0.077604 0.505556 0.042708 0.092593
0 0.018750 0.416667 0.050000 0.077778
0 0.008229 0.379630 0.036458 0.070370
0 0.029687 0.332407 0.040625 0.068509
0 0.001458 0.402778 0.022917 0.053704
0 0.797907 0.305556 0.027083 0.085185
0 0.894792 0.309259 0.037500 0.080481
0 0.859375 0.246296 0.027083 0.059259
0 0.830208 0.226852 0.022917 0.042593
0 0.944271 0.217593 0.023958 0.038889
0 0.964062 0.205556 0.017708 0.055556
0 0.932802 0.124074 0.034375 0.077778
0 0.880250 0.081481 0.037500 0.074074
0 0.804067 0.161111 0.020833 0.074074
0 0.775000 0.003704 0.025000 0.074074
0 0.785937 0.020370 0.028125 0.040741
0 0.707802 0.324074 0.026042 0.074074
0 0.650520 0.317593 0.023958 0.075926
0 0.606770 0.319444 0.021875 0.072222
0 0.549479 0.300185 0.026042 0.072222
0 0.470354 0.302778 0.023958 0.064815
0 0.406770 0.307407 0.030208 0.066667
0 0.339583 0.300852 0.039583 0.074074
0 0.247396 0.298048 0.036458 0.059259
0 0.054167 0.316667 0.039583 0.077778
0 0.031250 0.313889 0.035417 0.079630
0 0.009896 0.316667 0.032292 0.070370
0 0.584375 0.256480 0.018750 0.075926
0 0.528646 0.252778 0.009792 0.072222
0 0.479687 0.256480 0.017708 0.072222
0 0.459375 0.252778 0.006667 0.075926
0 0.440146 0.250926 0.015625 0.075926
0 0.402083 0.258333 0.020833 0.064805
0 0.378646 0.267593 0.007708 0.068519
0 0.322396 0.237037 0.023958 0.074074
0 0.300042 0.224074 0.022917 0.062963
0 0.275520 0.225926 0.023958 0.062963
0 0.082292 0.288889 0.033333 0.074074
0 0.066146 0.270370 0.026042 0.059259
0 0.017708 0.253704 0.029167 0.062963
0 0.002604 0.250926 0.030208 0.061111
0 0.077604 0.233333 0.032292 0.077778
0 0.222396 0.268509 0.026042 0.070370
0 0.232292 0.265740 0.010417 0.031481
0 0.254688 0.266667 0.030208 0.074074
0 0.258333 0.225926 0.029067 0.085185
0 0.229687 0.228704 0.020875 0.064815
0 0.085938 0.253704 0.028125 0.070370
0 0.098437 0.233333 0.023958 0.066667
0 0.208750 0.216667 0.018750 0.051852
0 0.239583 0.203704 0.006667 0.055556
0 0.354687 0.203704 0.009792 0.077778
0 0.428025 0.200000 0.018750 0.077778
0 0.455208 0.078704 0.016667 0.072222
0 0.495833 0.200926 0.002500 0.068519
0 0.480771 0.233333 0.013542 0.066667
0 0.505625 0.205556 0.014583 0.066667
0 0.586979 0.091667 0.017708 0.079630
0 0.740146 0.229630 0.019792 0.085185
0 0.728025 0.200926 0.020833 0.087037
0 0.690004 0.195370 0.023958 0.079630
0 0.608750 0.235185 0.018750 0.066667
0 0.649479 0.206667 0.017708 0.077778
0 0.662500 0.091667 0.014583 0.072222
0 0.727604 0.013889 0.017708 0.064815
0 0.609792 0.188889 0.016667 0.062963
0 0.630771 0.155556 0.015625 0.077778
0 0.600938 0.155556 0.015625 0.077778
0 0.656770 0.149074 0.017708 0.064815
0 0.630208 0.006481 0.014583 0.061111
0 0.338542 0.050926 0.022917 0.079630
0 0.460417 0.086111 0.037500 0.024074
0 0.422907 0.123148 0.018750 0.075926
0 0.408854 0.042593 0.015625 0.070370
0 0.390667 0.114815 0.018750 0.070370
0 0.405208 0.011111 0.016667 0.062963
0 0.637500 0.063889 0.008750 0.072222
0 0.699479 0.086011 0.019792 0.075926
0 0.693229 0.069444 0.011458 0.031481
0 0.690625 0.050000 0.012500 0.037037
0 0.722917 0.063889 0.014583 0.035185
0 0.725000 0.047222 0.012500 0.031481
0 0.708333 0.037037 0.016667 0.037037
0 0.709896 0.071296 0.009375 0.038889
0 0.692708 0.009444 0.018750 0.038889
0 0.336458 0.099074 0.016667 0.035185
0 0.336458 0.071296 0.016667 0.035185
0 0.300000 0.075000 0.008750 0.064815
0 0.277604 0.062037 0.021875 0.064815
0 0.250042 0.140741 0.027083 0.077778
0 0.207708 0.177778 0.022917 0.055556
0 0.348438 0.053704 0.013542 0.037037
0 0.392188 0.067593 0.013542 0.038889
0 0.385417 0.058333 0.012500 0.042593
0 0.376563 0.052778 0.009375 0.038889
0 0.366146 0.050000 0.011458 0.037037
0 0.260407 0.047222 0.025000 0.075926
0 0.332813 0.020370 0.015625 0.040741
0 0.220875 0.112963 0.018750 0.070370
0 0.205729 0.012037 0.023958 0.061111
0 0.095833 0.200926 0.025000 0.064815
0 0.082812 0.173148 0.021875 0.057407
0 0.050521 0.194444 0.032292 0.077778
0 0.065625 0.161111 0.025000 0.066667
0 0.029688 0.173148 0.026042 0.079630
0 0.049479 0.159259 0.026042 0.070370
0 0.044271 0.118519 0.028125 0.055556
0 0.005104 0.250926 0.030208 0.072222
0 0.024479 0.200852 0.042708 0.074074
0 0.005104 0.212963 0.030208 0.074074
0 0.063542 0.025000 0.033333 0.072222
0 0.003542 0.134259 0.027083 0.068519
0 0.009271 0.107407 0.032292 0.074074
0 0.009271 0.055556 0.032292 0.070370
0 0.025520 0.028704 0.030208 0.057407
0 0.077083 0.054630 0.025000 0.064805
0 0.090625 0.056480 0.027083 0.068519
0 0.005208 0.057407 0.025000 0.070370
0 0.202083 0.060085 0.020833 0.064815
0 0.091667 0.063889 0.022917 0.072222
0 0.055208 0.025926 0.025000 0.050852
0 0.056250 0.019444 0.018750 0.038889
0 0.074479 0.019444 0.017708 0.038889
0 0.028125 0.015741 0.020833 0.031481
