0 0.513603 0.745752 0.006618 0.024837
0 0.440440 0.907190 0.008824 0.023529
0 0.366544 0.530709 0.005147 0.018301
0 0.360765 0.428105 0.008824 0.011765
0 0.364338 0.395425 0.006608 0.011765
0 0.373062 0.406536 0.006618 0.010458
0 0.369018 0.379085 0.007353 0.013072
0 0.378309 0.390096 0.006618 0.011765
0 0.373897 0.396732 0.006608 0.011765
0 0.359559 0.969280 0.008824 0.019608
0 0.507721 0.805229 0.003676 0.023529
0 0.513971 0.847712 0.005882 0.022222
0 0.506250 0.650327 0.006618 0.014379
0 0.438235 0.170588 0.007353 0.016993
0 0.426003 0.301307 0.003676 0.019608
0 0.432720 0.307843 0.005147 0.016993
0 0.380882 0.205882 0.005882 0.006993
0 0.500368 0.307090 0.005147 0.023529
0 0.507353 0.066667 0.007353 0.020905
0 0.374632 0.205882 0.005047 0.016993
0 0.366544 0.205229 0.005047 0.018301
0 0.420956 0.299346 0.005047 0.018301
0 0.501471 0.166013 0.005882 0.015686
