0 0.245312 0.595370 0.013542 0.050000
0 0.261458 0.596296 0.014583 0.051852
0 0.238020 0.430556 0.009375 0.050000
0 0.583854 0.580556 0.015625 0.046296
0 0.763021 0.928704 0.028125 0.061111
0 0.782292 0.967593 0.029167 0.064815
0 0.345833 0.337963 0.008333 0.024074
0 0.365104 0.334259 0.009375 0.024074
0 0.384375 0.264815 0.004167 0.014815
0 0.502083 0.298148 0.004167 0.014815
0 0.502083 0.294444 0.004167 0.018519
0 0.503646 0.288889 0.005208 0.018519
0 0.492188 0.238889 0.003125 0.014815
0 0.546354 0.420370 0.013542 0.033333
