0 0.252940 0.804575 0.014706 0.071895
0 0.288603 0.600654 0.001029 0.058824
0 0.402941 0.623529 0.016176 0.033987
0 0.000294 0.509804 0.013235 0.044444
0 0.004044 0.504379 0.008088 0.043137
0 0.280147 0.352288 0.010294 0.037908
0 0.303309 0.345752 0.008088 0.040523
0 0.293750 0.342484 0.009559 0.039206
0 0.280882 0.339869 0.007353 0.028758
0 0.397794 0.412418 0.011765 0.027451
0 0.402206 0.410458 0.008824 0.036601
0 0.409559 0.408497 0.007353 0.030065
0 0.513971 0.375817 0.008824 0.027451
0 0.513235 0.365359 0.007353 0.022222
0 0.422059 0.362745 0.000294 0.037908
0 0.483088 0.247712 0.005882 0.024837
0 0.508088 0.032680 0.004412 0.019608
0 0.698529 0.505882 0.010294 0.033987
0 0.679779 0.247712 0.006618 0.024837
0 0.802132 0.406536 0.012500 0.039216
0 0.736765 0.033987 0.004412 0.022222
0 0.577941 0.109804 0.002941 0.013072
0 0.584191 0.096732 0.005147 0.015686
0 0.609559 0.098693 0.004412 0.016993
0 0.557720 0.066013 0.003676 0.014379
0 0.714706 0.081046 0.002941 0.010458
0 0.667279 0.059477 0.003676 0.004379
0 0.748897 0.055556 0.003676 0.009150
0 0.753676 0.055556 0.004412 0.009150
0 0.447426 0.069935 0.005147 0.023529
0 0.465440 0.128758 0.002941 0.022222
0 0.463235 0.135294 0.005882 0.016993
0 0.875368 0.690196 0.019853 0.057516
