0 0.785662 0.039869 0.005147 0.015686
0 0.702206 0.026797 0.004412 0.018301
0 0.632353 0.043791 0.002941 0.018301
0 0.603676 0.043137 0.004412 0.016993
0 0.606985 0.042484 0.003676 0.020915
0 0.727574 0.222876 0.009559 0.024837
0 0.754044 0.304379 0.008088 0.035294
0 0.766076 0.312418 0.007353 0.031373
0 0.770691 0.313725 0.006618 0.026144
0 0.682720 0.185621 0.005147 0.023529
0 0.697059 0.250634 0.004412 0.014379
0 0.688235 0.246405 0.005882 0.027450
0 0.688235 0.254248 0.005882 0.027450
0 0.682353 0.252940 0.005882 0.030065
0 0.690074 0.340176 0.008088 0.041830
0 0.694485 0.340176 0.008088 0.036601
0 0.684091 0.339216 0.006618 0.035294
0 0.682353 0.334640 0.005882 0.036601
0 0.573062 0.293464 0.009559 0.027451
0 0.548529 0.365359 0.005882 0.040523
0 0.463235 0.393464 0.007353 0.044444
0 0.484091 0.393464 0.008088 0.044444
0 0.489338 0.395425 0.009559 0.043037
0 0.643005 0.514379 0.013971 0.061438
0 0.627206 0.506536 0.004706 0.053595
0 0.402206 0.260438 0.007353 0.033987
0 0.400662 0.258170 0.008088 0.035294
0 0.477574 0.035294 0.003676 0.019608
0 0.438970 0.143137 0.004412 0.022222
0 0.433088 0.147059 0.004412 0.014379
0 0.341912 0.124837 0.005882 0.016993
0 0.336397 0.095425 0.006618 0.027451
0 0.285662 0.090850 0.006618 0.026144
0 0.233456 0.013725 0.003676 0.015686
0 0.240912 0.111765 0.004412 0.019608
0 0.066912 0.116340 0.005882 0.020915
0 0.065074 0.122222 0.005147 0.019608
0 0.045956 0.104575 0.006618 0.018301
0 0.038971 0.110458 0.005882 0.022222
0 0.028309 0.123529 0.005147 0.022222
0 0.100368 0.169281 0.009559 0.016993
0 0.083088 0.225490 0.007353 0.024837
0 0.036029 0.286275 0.008824 0.033987
0 0.045956 0.285620 0.006618 0.030065
0 0.037032 0.288889 0.009559 0.031373
0 0.027574 0.290850 0.009559 0.030065
0 0.008824 0.300961 0.010294 0.036601
0 0.005074 0.296078 0.009559 0.032680
0 0.003603 0.290850 0.006618 0.037908
