0 0.082720 0.263399 0.036029 0.084967
0 0.017647 0.389542 0.064706 0.060131
0 0.028676 0.364706 0.063235 0.057516
0 0.266544 0.405686 0.028676 0.086275
0 0.263235 0.399346 0.032353 0.013725
0 0.320691 0.099346 0.018382 0.073203
0 0.345956 0.117647 0.016912 0.031373
0 0.330985 0.092810 0.015441 0.073203
0 0.597426 0.293464 0.019853 0.079739
0 0.484191 0.159477 0.019853 0.067974
0 0.471324 0.155556 0.013235 0.070588
0 0.536765 0.097386 0.011765 0.074510
0 0.549265 0.103922 0.020588 0.069281
0 0.392647 0.086928 0.020588 0.069281
0 0.440441 0.064706 0.022059 0.069281
