0 0.761029 0.959477 0.022059 0.033987
0 0.245956 0.758170 0.012500 0.047059
0 0.009926 0.592810 0.015441 0.040523
0 0.051471 0.470588 0.011765 0.039216
0 0.230250 0.473856 0.012500 0.043137
0 0.234926 0.462745 0.002500 0.041830
0 0.097059 0.490503 0.013235 0.044444
0 0.030985 0.503922 0.013971 0.040523
0 0.006618 0.502614 0.010294 0.035294
0 0.000735 0.480392 0.010294 0.032680
0 0.095588 0.460784 0.008824 0.040523
0 0.110662 0.458824 0.011029 0.020915
0 0.037868 0.456209 0.009559 0.036601
0 0.060294 0.456863 0.008824 0.040523
0 0.056618 0.454248 0.007353 0.040523
0 0.063971 0.452288 0.008824 0.039216
0 0.072426 0.451634 0.011029 0.037908
0 0.077941 0.444444 0.010294 0.039216
0 0.076471 0.437255 0.010294 0.035294
0 0.073162 0.429412 0.011029 0.027451
0 0.070588 0.409150 0.007353 0.033987
0 0.077206 0.399346 0.008824 0.032680
0 0.073529 0.395425 0.008824 0.035294
0 0.031985 0.342484 0.009559 0.036601
0 0.038971 0.333333 0.010294 0.036601
0 0.251471 0.338562 0.010294 0.026144
0 0.244118 0.283007 0.007353 0.027451
0 0.064338 0.403268 0.008088 0.016993
0 0.209485 0.113072 0.005147 0.022222
0 0.247794 0.080392 0.005882 0.022222
0 0.250838 0.081046 0.006618 0.023529
0 0.333824 0.030373 0.004412 0.023529
0 0.323529 0.072549 0.005882 0.019608
0 0.346324 0.030373 0.005882 0.020915
0 0.350000 0.033333 0.004402 0.022222
0 0.339338 0.007843 0.005047 0.015686
0 0.404779 0.204379 0.005147 0.028758
0 0.422059 0.221569 0.007353 0.019608
0 0.426103 0.217647 0.005147 0.016993
0 0.402868 0.314379 0.008088 0.032680
0 0.422059 0.301765 0.005882 0.030065
0 0.433088 0.324837 0.007353 0.035294
0 0.485294 0.407843 0.007353 0.039206
0 0.405047 0.355556 0.005882 0.026144
0 0.378309 0.400458 0.006618 0.026144
0 0.395220 0.411765 0.009559 0.033987
0 0.416544 0.449020 0.008088 0.024837
0 0.448062 0.447712 0.008088 0.040523
0 0.469485 0.472549 0.008088 0.043037
0 0.461029 0.431373 0.010294 0.028758
0 0.504338 0.436601 0.008088 0.031373
0 0.537032 0.450327 0.008088 0.032680
0 0.542279 0.439869 0.002500 0.032680
0 0.737500 0.659477 0.006176 0.048366
0 0.497059 0.368627 0.005882 0.028758
0 0.572794 0.460784 0.008824 0.035294
0 0.583088 0.456209 0.008824 0.036600
0 0.590441 0.444444 0.007353 0.031373
0 0.598897 0.466003 0.011029 0.032680
0 0.647059 0.438562 0.007353 0.030065
0 0.705074 0.426797 0.006618 0.032680
0 0.673529 0.430373 0.008824 0.031373
0 0.740544 0.431373 0.008088 0.031373
0 0.727574 0.433333 0.006608 0.024837
0 0.758456 0.406340 0.008088 0.035294
0 0.755882 0.380699 0.005882 0.028758
0 0.601471 0.315033 0.007353 0.028758
0 0.607353 0.313072 0.007353 0.024837
0 0.898897 0.377778 0.002500 0.033987
0 0.940440 0.363399 0.010294 0.033987
0 0.901397 0.366013 0.008088 0.031373
0 0.904338 0.364052 0.006618 0.030065
