0 0.301838 0.575163 0.024265 0.081046
0 0.298062 0.549673 0.021324 0.082353
0 0.290809 0.528005 0.021324 0.075817
0 0.578676 0.422222 0.016176 0.054902
0 0.223062 0.444444 0.018382 0.067974
0 0.026838 0.403268 0.013971 0.066667
0 0.061765 0.391503 0.014706 0.066667
0 0.079402 0.198039 0.011765 0.045752
0 0.257353 0.206536 0.000294 0.047059
0 0.243382 0.202604 0.013235 0.047059
0 0.847059 0.222876 0.000294 0.043137
0 0.754044 0.067320 0.006618 0.036601
0 0.760029 0.171242 0.008824 0.041830
0 0.763235 0.056863 0.008824 0.031373
0 0.773062 0.169935 0.006618 0.039216
0 0.773062 0.150980 0.008088 0.032680
0 0.757720 0.125490 0.008088 0.036601
0 0.776470 0.136601 0.007353 0.035294
