0 0.120833 0.506481 0.014583 0.038889
0 0.141146 0.501852 0.015625 0.040741
0 0.057812 0.435185 0.011458 0.044444
0 0.280729 0.572222 0.003542 0.051852
0 0.245833 0.505741 0.014583 0.042593
0 0.302500 0.341667 0.008333 0.027778
0 0.299479 0.309444 0.007292 0.020370
0 0.303021 0.322222 0.007292 0.025926
0 0.320302 0.302778 0.007292 0.020370
0 0.302083 0.300852 0.006250 0.025926
0 0.443229 0.470370 0.009375 0.037037
0 0.450042 0.437963 0.010417 0.035185
0 0.458333 0.400852 0.010417 0.025926
0 0.446875 0.374074 0.000417 0.025926
0 0.478025 0.372222 0.012500 0.029630
0 0.470354 0.364815 0.007292 0.029630
0 0.465625 0.363889 0.006250 0.024074
0 0.504067 0.376852 0.008333 0.038889
0 0.595833 0.601111 0.016667 0.051852
0 0.639583 0.834259 0.020833 0.072222
0 0.553025 0.781481 0.020833 0.081481
0 0.657292 0.545370 0.008750 0.061111
0 0.730250 0.562963 0.012500 0.040741
0 0.406146 0.286111 0.007292 0.020370
0 0.400000 0.269444 0.006250 0.024074
0 0.340625 0.270296 0.006250 0.020370
0 0.665004 0.464815 0.009375 0.051852
0 0.704688 0.552778 0.005625 0.061111
0 0.425000 0.320370 0.006250 0.008519
0 0.425000 0.306667 0.008333 0.025926
0 0.256250 0.698148 0.020833 0.059259
0 0.265625 0.700926 0.020833 0.064815
0 0.535937 0.837963 0.028125 0.068519
0 0.891667 0.858333 0.029167 0.105556
0 0.909375 0.859259 0.027083 0.081481
