0 0.097059 0.808954 0.016176 0.069281
0 0.046690 0.913725 0.019853 0.073203
0 0.023529 0.907090 0.017647 0.073203
0 0.633824 0.390503 0.007353 0.035294
0 0.650368 0.395425 0.006608 0.035294
0 0.674632 0.335948 0.006608 0.031373
0 0.680985 0.335294 0.006618 0.030065
0 0.597426 0.203072 0.005147 0.020915
0 0.439706 0.235294 0.004412 0.018301
0 0.394485 0.203922 0.003676 0.020905
0 0.405441 0.188889 0.004412 0.016993
0 0.396690 0.228758 0.003676 0.020915
0 0.733456 0.350327 0.009559 0.028758
0 0.448529 0.214379 0.004412 0.018301
0 0.450000 0.186275 0.004412 0.014379
0 0.529044 0.250980 0.005147 0.015686
0 0.529044 0.254902 0.005147 0.015686
