0 0.750103 0.648366 0.022794 0.120261
0 0.763970 0.692810 0.022059 0.099346
0 0.804779 0.674500 0.021324 0.078431
0 0.850103 0.831373 0.046324 0.115033
0 0.860397 0.918301 0.033088 0.124183
0 0.904779 0.778430 0.034559 0.111111
0 0.929779 0.704575 0.022794 0.088889
0 0.920691 0.658824 0.030147 0.088889
0 0.943005 0.692810 0.019853 0.104575
0 0.820588 0.586928 0.019118 0.070588
0 0.952940 0.379739 0.019118 0.087582
0 0.893750 0.383660 0.008382 0.079739
0 0.667279 0.479739 0.003971 0.086275
0 0.735294 0.446405 0.004706 0.087582
0 0.745220 0.445098 0.012500 0.077124
0 0.768750 0.500307 0.013971 0.082353
0 0.783088 0.500458 0.014706 0.058824
0 0.785294 0.469935 0.004706 0.040523
0 0.802940 0.481699 0.026471 0.092810
0 0.806544 0.485621 0.013971 0.066667
0 0.694485 0.365359 0.005441 0.084967
0 0.747059 0.249020 0.001765 0.064052
0 0.840912 0.284314 0.020588 0.069281
0 0.834559 0.278430 0.013235 0.073203
0 0.864706 0.249673 0.001765 0.065359
0 0.855047 0.245098 0.010294 0.058824
0 0.836765 0.228005 0.014706 0.056209
0 0.893382 0.266667 0.023529 0.047059
0 0.800103 0.219608 0.012500 0.078431
0 0.820956 0.233333 0.003971 0.050980
0 0.801029 0.221569 0.010294 0.050980
0 0.394485 0.874500 0.027206 0.125490
0 0.297059 0.894770 0.022059 0.095425
0 0.354779 0.824083 0.027206 0.126797
0 0.344853 0.728005 0.026471 0.083660
0 0.405505 0.658170 0.030147 0.121569
0 0.434091 0.626797 0.033088 0.113725
0 0.540176 0.496078 0.016176 0.082353
0 0.529779 0.479739 0.005441 0.088889
0 0.476003 0.468627 0.019853 0.100654
0 0.402206 0.498693 0.022059 0.087582
0 0.408750 0.502614 0.008088 0.064052
0 0.403676 0.436600 0.017647 0.047059
0 0.476838 0.382353 0.006912 0.074510
0 0.269018 0.875817 0.020588 0.120261
0 0.267647 0.675807 0.032353 0.096732
0 0.036397 0.857506 0.044853 0.133333
0 0.073062 0.864706 0.036029 0.139869
0 0.004412 0.862745 0.027941 0.141176
0 0.033824 0.823529 0.038235 0.125490
0 0.075000 0.764706 0.035294 0.120261
0 0.075368 0.736600 0.038971 0.087582
0 0.018750 0.725490 0.036029 0.078431
0 0.096324 0.684967 0.035294 0.060031
0 0.030515 0.690850 0.028676 0.105882
0 0.027206 0.634641 0.030882 0.027451
0 0.009191 0.624837 0.018382 0.052288
0 0.065074 0.676471 0.012500 0.061438
0 0.078309 0.687582 0.025735 0.099346
0 0.085294 0.540523 0.032353 0.064052
0 0.034926 0.593464 0.021324 0.078431
0 0.056985 0.581699 0.021324 0.104575
0 0.203309 0.554248 0.044853 0.001961
0 0.236397 0.463399 0.024265 0.082353
0 0.022426 0.326044 0.021324 0.082353
0 0.003676 0.347712 0.020588 0.086275
0 0.012868 0.342484 0.021324 0.073203
0 0.062132 0.346405 0.018382 0.062745
0 0.063971 0.316993 0.013235 0.074510
0 0.059559 0.331373 0.011765 0.061438
0 0.280505 0.338562 0.022794 0.083660
0 0.243750 0.339869 0.009853 0.081046
0 0.393382 0.384304 0.014706 0.073203
0 0.506544 0.334641 0.019853 0.078431
0 0.530047 0.296732 0.020588 0.060131
0 0.599632 0.299346 0.009559 0.083660
0 0.623529 0.308954 0.019118 0.078431
0 0.603971 0.306536 0.010294 0.077124
0 0.020588 0.233987 0.022059 0.065359
0 0.057353 0.254248 0.011765 0.064052
0 0.047426 0.275817 0.018382 0.067974
0 0.677574 0.330709 0.018382 0.062745
0 0.660029 0.324183 0.019118 0.073203
0 0.647059 0.264052 0.001765 0.073203
0 0.664706 0.267320 0.003235 0.064052
0 0.644485 0.090850 0.009559 0.057516
0 0.633824 0.072549 0.008824 0.052288
0 0.647426 0.062745 0.009559 0.035294
0 0.564706 0.025490 0.008824 0.036601
0 0.582720 0.132026 0.006618 0.044444
0 0.595220 0.150980 0.008088 0.030065
0 0.604402 0.141830 0.010294 0.050980
0 0.550000 0.090503 0.010294 0.047059
0 0.573062 0.100654 0.009559 0.047059
0 0.439338 0.043790 0.005147 0.037908
0 0.460029 0.057516 0.010294 0.036601
0 0.468382 0.060784 0.005882 0.043037
0 0.543382 0.254902 0.004706 0.067974
0 0.538235 0.211111 0.011765 0.043137
0 0.550368 0.209150 0.009559 0.036601
0 0.568382 0.222876 0.014706 0.035294
0 0.005505 0.158824 0.011029 0.032680
0 0.039706 0.058170 0.016176 0.062745
0 0.035294 0.076471 0.011765 0.031373
0 0.059191 0.146405 0.015441 0.047059
0 0.071324 0.147059 0.010294 0.048366
0 0.112132 0.142484 0.011029 0.041830
0 0.093015 0.188235 0.016912 0.065359
0 0.216912 0.147059 0.008824 0.035294
0 0.020220 0.050327 0.012500 0.045752
0 0.208824 0.048366 0.001765 0.047059
0 0.088235 0.052288 0.013235 0.049673
0 0.227940 0.019608 0.007353 0.028758
0 0.208382 0.033987 0.007353 0.041830
0 0.268750 0.036600 0.009559 0.041830
0 0.260765 0.027451 0.005882 0.044444
0 0.080505 0.226144 0.013971 0.054902
0 0.208456 0.240830 0.013971 0.067974
0 0.205441 0.198693 0.011765 0.031373
0 0.206912 0.218954 0.010294 0.045752
0 0.223897 0.262745 0.006912 0.067974
0 0.256608 0.284967 0.014706 0.075817
0 0.243750 0.256863 0.003971 0.069281
0 0.232353 0.246405 0.003235 0.066667
0 0.266544 0.235294 0.003971 0.067974
0 0.336029 0.255556 0.000294 0.069281
0 0.325735 0.235294 0.001765 0.067974
0 0.312132 0.207190 0.015441 0.050980
0 0.359559 0.309608 0.010294 0.087582
0 0.373062 0.274510 0.011029 0.073203
0 0.365809 0.270242 0.006618 0.069281
0 0.405882 0.265359 0.003235 0.070588
0 0.430882 0.279085 0.003235 0.071895
0 0.442279 0.294770 0.011029 0.069281
0 0.454779 0.295425 0.005441 0.073203
0 0.468750 0.298693 0.002500 0.058824
0 0.390074 0.245098 0.002500 0.066667
0 0.260397 0.168627 0.011029 0.060131
0 0.272426 0.067974 0.009559 0.050980
0 0.250368 0.200000 0.002500 0.057516
0 0.237500 0.096732 0.011765 0.056209
0 0.354779 0.247059 0.009559 0.057506
0 0.460294 0.232680 0.007353 0.062745
0 0.403603 0.232026 0.009559 0.069281
0 0.339706 0.079739 0.008824 0.064052
0 0.353676 0.088889 0.011765 0.053595
0 0.347426 0.158824 0.008088 0.037908
0 0.380047 0.217647 0.010294 0.066667
0 0.404779 0.097386 0.012500 0.057516
0 0.435662 0.200000 0.008088 0.044444
0 0.482720 0.252288 0.012500 0.047059
0 0.495588 0.249020 0.003235 0.045752
