0 0.665625 0.442593 0.006250 0.033333
0 0.737500 0.589815 0.010417 0.038889
0 0.722396 0.625926 0.001458 0.048148
0 0.701458 0.612963 0.010417 0.051852
0 0.677083 0.512037 0.008333 0.031481
0 0.784896 0.850000 0.013542 0.048148
0 0.637500 0.580556 0.000417 0.046296
0 0.684896 0.700000 0.013542 0.040741
0 0.660937 0.597222 0.007292 0.035185
0 0.642708 0.545370 0.008333 0.031481
0 0.573438 0.387963 0.005208 0.024074
0 0.548438 0.316667 0.005208 0.014815
0 0.534896 0.378704 0.007292 0.020370
0 0.451042 0.357407 0.004167 0.022222
0 0.465104 0.343519 0.005208 0.020370
0 0.419271 0.442593 0.007292 0.025926
0 0.432292 0.460185 0.006250 0.031481
0 0.404687 0.537963 0.009375 0.031481
0 0.393750 0.750000 0.014583 0.048148
0 0.394271 0.761111 0.011458 0.044444
0 0.394792 0.756481 0.012500 0.046296
