0 0.638020 0.663889 0.008333 0.038889
0 0.629687 0.646759 0.008333 0.028704
0 0.623437 0.625463 0.008333 0.034259
0 0.907708 0.584722 0.005208 0.032407
0 0.907187 0.578704 0.012500 0.042593
0 0.655208 0.824074 0.008333 0.040740
0 0.658073 0.801111 0.005729 0.038889
0 0.411198 0.410648 0.003646 0.013889
0 0.400042 0.417593 0.004167 0.024074
0 0.394270 0.413426 0.004167 0.025000
0 0.397035 0.398611 0.002604 0.021296
0 0.530510 0.376852 0.004687 0.020370
0 0.539844 0.383333 0.005729 0.022222
0 0.553385 0.376852 0.003646 0.020370
0 0.577604 0.396296 0.005208 0.014815
0 0.589063 0.402315 0.005208 0.015741
0 0.560937 0.366667 0.004067 0.020370
0 0.563020 0.367593 0.004167 0.016667
0 0.474479 0.380481 0.003125 0.018519
0 0.476302 0.379630 0.003646 0.020370
0 0.479948 0.376389 0.004687 0.007593
0 0.460156 0.291204 0.004687 0.010185
0 0.887760 0.549074 0.005729 0.029630
0 0.890885 0.548148 0.005729 0.022222
0 0.934896 0.456009 0.005208 0.028704
0 0.944530 0.458333 0.005729 0.024074
0 0.980469 0.489352 0.005729 0.025000
0 0.996354 0.620759 0.007292 0.032407
0 0.879948 0.398601 0.004687 0.025000
0 0.890365 0.402305 0.004687 0.017593
0 0.869000 0.360648 0.007812 0.017593
0 0.756500 0.383796 0.004687 0.023148
0 0.760979 0.389352 0.003125 0.017593
0 0.720573 0.303426 0.004687 0.017593
0 0.703281 0.382870 0.006771 0.015741
0 0.743229 0.222685 0.004067 0.015741
0 0.587240 0.359259 0.004687 0.016667
0 0.591667 0.352315 0.004167 0.015741
0 0.377344 0.342030 0.002604 0.015741
0 0.427083 0.352778 0.005208 0.025926
