0 0.403235 0.054248 0.004412 0.014379
0 0.402868 0.072549 0.003676 0.014379
0 0.404044 0.067974 0.002206 0.003072
0 0.400103 0.077124 0.002206 0.013072
0 0.397794 0.075807 0.002941 0.015686
0 0.433456 0.017647 0.005147 0.015686
0 0.447059 0.080046 0.004412 0.013072
0 0.400000 0.349020 0.008824 0.028758
0 0.243750 0.374500 0.009559 0.030065
0 0.224265 0.448366 0.001765 0.044444
0 0.201029 0.447712 0.011765 0.048366
0 0.259926 0.426797 0.001029 0.037908
0 0.004044 0.479085 0.009559 0.050980
0 0.012500 0.462745 0.008824 0.041830
0 0.125000 0.460131 0.010294 0.026144
0 0.120588 0.478431 0.008824 0.015686
0 0.111765 0.498039 0.010294 0.023529
0 0.062132 0.459477 0.009559 0.048366
0 0.056985 0.390850 0.006618 0.036601
0 0.019853 0.424837 0.010294 0.044444
0 0.097794 0.415686 0.005882 0.023529
0 0.279402 0.562745 0.014706 0.040523
0 0.527574 0.036600 0.002206 0.007843
0 0.527940 0.098039 0.002941 0.010458
0 0.653676 0.205686 0.004412 0.020915
0 0.605809 0.305882 0.006618 0.028758
0 0.730985 0.522876 0.012500 0.052288
0 0.768005 0.808497 0.019853 0.082353
0 0.867279 0.870242 0.028676 0.058824
0 0.952940 0.924183 0.020588 0.086275
0 0.075000 0.706340 0.023529 0.054902
0 0.223062 0.741830 0.012500 0.050980
0 0.205074 0.730065 0.012500 0.053595
