0 0.029067 0.805556 0.011458 0.050000
0 0.021875 0.755556 0.012500 0.048148
0 0.768750 0.965278 0.005625 0.065741
0 0.774479 0.943509 0.012500 0.062963
0 0.835677 0.875000 0.014063 0.048148
0 0.866927 0.850852 0.014063 0.064815
0 0.879067 0.846296 0.011458 0.064815
0 0.674479 0.735185 0.014583 0.046296
0 0.033333 0.508796 0.009375 0.026852
0 0.004167 0.511574 0.009375 0.021296
0 0.051302 0.445370 0.007812 0.029630
0 0.173177 0.436574 0.005729 0.025000
0 0.192448 0.434722 0.006771 0.021296
0 0.213802 0.368519 0.005729 0.016667
0 0.204323 0.358796 0.004687 0.019444
0 0.093490 0.299074 0.003646 0.016667
0 0.188021 0.297222 0.004167 0.011111
0 0.216406 0.283333 0.003646 0.011111
0 0.281771 0.322685 0.005208 0.017593
0 0.273077 0.314815 0.003646 0.018519
0 0.298958 0.318519 0.004167 0.016667
0 0.311458 0.320833 0.004167 0.015741
0 0.314063 0.320370 0.003125 0.012963
0 0.330990 0.291204 0.003646 0.012037
0 0.354687 0.317593 0.005208 0.014815
0 0.420833 0.310648 0.004167 0.015741
0 0.424219 0.309722 0.004687 0.015741
0 0.440365 0.325463 0.005729 0.015741
0 0.261979 0.287963 0.004167 0.012963
