0 0.008456 0.466003 0.016912 0.056209
0 0.020588 0.452288 0.006176 0.057516
0 0.020324 0.439869 0.011765 0.048366
0 0.008456 0.438562 0.002500 0.048366
0 0.004412 0.456209 0.014706 0.052288
0 0.021324 0.449020 0.019118 0.058824
0 0.386765 0.462745 0.001765 0.052288
0 0.404779 0.358824 0.009559 0.048366
0 0.390074 0.339869 0.002500 0.049673
0 0.397059 0.300307 0.008824 0.040523
0 0.395588 0.279739 0.007353 0.033987
0 0.402206 0.340176 0.008824 0.036601
0 0.628676 0.433987 0.000294 0.049673
0 0.648529 0.400961 0.010294 0.043137
0 0.665440 0.426797 0.008824 0.050980
0 0.659091 0.441830 0.008088 0.039216
0 0.667279 0.000000 0.006618 0.032680
0 0.690176 0.086275 0.005882 0.036601
0 0.676103 0.109804 0.006618 0.018301
0 0.675000 0.118954 0.008824 0.020915
0 0.741544 0.235948 0.008088 0.030065
0 0.805505 0.083660 0.008088 0.031373
0 0.834926 0.090850 0.003676 0.016993
0 0.836029 0.097386 0.007353 0.027450
0 0.847059 0.094770 0.004412 0.035294
0 0.850103 0.101961 0.006618 0.028758
0 0.854402 0.095425 0.005882 0.028758
0 0.900368 0.205033 0.008088 0.035294
0 0.951471 0.251634 0.014706 0.022222
0 0.706912 0.304575 0.007353 0.044444
0 0.802574 0.409804 0.001029 0.058824
0 0.890912 0.495425 0.013235 0.049673
0 0.918382 0.543137 0.014706 0.032680
0 0.798529 0.565359 0.001765 0.061438
0 0.809853 0.732680 0.010294 0.056209
0 0.842647 0.703268 0.001765 0.060131
0 0.850368 0.680392 0.001029 0.056209
0 0.957353 0.656863 0.016176 0.050980
0 0.905809 0.661438 0.018382 0.057516
0 0.830505 0.750980 0.019853 0.058824
0 0.867647 0.801765 0.023529 0.075817
0 0.852941 0.754902 0.016176 0.030065
0 0.884559 0.784304 0.016176 0.062745
0 0.910294 0.754248 0.017647 0.060131
0 0.902574 0.740176 0.016912 0.044444
0 0.948529 0.808497 0.009118 0.079739
0 0.944118 0.760784 0.020588 0.047059
