0 0.407647 0.441176 0.017647 0.100654
0 0.326470 0.408497 0.016176 0.105882
0 0.020588 0.412418 0.027941 0.105882
0 0.076470 0.416340 0.027941 0.108497
0 0.022794 0.504379 0.039706 0.087582
0 0.009118 0.488235 0.029412 0.090196
0 0.830985 0.724183 0.018382 0.081046
0 0.808382 0.642484 0.011765 0.061438
0 0.856250 0.630709 0.009559 0.064052
0 0.835662 0.378431 0.012500 0.030065
0 0.680985 0.364706 0.008088 0.033987
0 0.670324 0.343791 0.007353 0.036601
0 0.654412 0.318301 0.011765 0.032680
0 0.672426 0.326797 0.009559 0.033987
0 0.702940 0.353595 0.010294 0.048366
0 0.708750 0.347059 0.009559 0.043137
0 0.704338 0.395425 0.009559 0.032680
0 0.740440 0.347059 0.007353 0.043137
0 0.750471 0.347059 0.010294 0.045752
0 0.755505 0.360784 0.009559 0.041830
0 0.772426 0.376470 0.009559 0.044444
0 0.785294 0.377778 0.008824 0.044444
0 0.800000 0.380699 0.010294 0.044444
0 0.798062 0.374510 0.009559 0.037908
0 0.809559 0.362092 0.010294 0.033987
0 0.798897 0.349020 0.009559 0.028758
0 0.796324 0.363399 0.001765 0.023529
0 0.792279 0.333987 0.009559 0.032680
0 0.683456 0.316993 0.009559 0.035294
0 0.698062 0.287582 0.009559 0.033987
0 0.701397 0.296732 0.006618 0.041830
0 0.725368 0.296732 0.006608 0.039216
0 0.732720 0.287582 0.009559 0.039216
0 0.740809 0.299346 0.008088 0.039206
0 0.746324 0.300654 0.007353 0.040830
0 0.757720 0.322222 0.008088 0.043137
0 0.764338 0.301765 0.008088 0.037908
0 0.776103 0.329412 0.009559 0.033987
0 0.772794 0.305686 0.007353 0.037908
0 0.780985 0.298039 0.009559 0.039216
0 0.777940 0.284314 0.007353 0.037908
0 0.788970 0.289542 0.007353 0.037908
0 0.754402 0.293464 0.008824 0.037908
0 0.762500 0.297386 0.007353 0.035294
0 0.770324 0.299346 0.007353 0.036601
0 0.764338 0.290096 0.006618 0.033987
0 0.765074 0.274500 0.006618 0.039216
0 0.755505 0.263399 0.008088 0.043137
0 0.760397 0.266667 0.005147 0.023529
0 0.768750 0.258824 0.008088 0.039206
0 0.740440 0.215686 0.008824 0.031373
0 0.753309 0.208497 0.008088 0.032680
0 0.770956 0.097386 0.006618 0.031373
0 0.779044 0.203268 0.005047 0.024837
0 0.784559 0.204575 0.007353 0.032680
0 0.786029 0.092157 0.007353 0.031373
0 0.797059 0.098693 0.005882 0.031373
0 0.786765 0.065359 0.005882 0.024837
0 0.797059 0.064052 0.005882 0.030065
0 0.790074 0.060131 0.006618 0.027451
0 0.043382 0.379739 0.014706 0.040523
0 0.036029 0.373856 0.010294 0.039216
0 0.120221 0.356209 0.015441 0.019608
0 0.004779 0.383660 0.008088 0.040523
0 0.085662 0.375063 0.013971 0.049673
0 0.057353 0.385620 0.013235 0.049673
0 0.045956 0.388889 0.009559 0.040523
0 0.036397 0.389542 0.002500 0.049673
0 0.058824 0.331373 0.014706 0.035294
0 0.089338 0.261438 0.011029 0.031373
0 0.030882 0.290096 0.008824 0.039216
0 0.040809 0.214379 0.012500 0.031373
0 0.094853 0.222222 0.008824 0.036600
0 0.019485 0.201307 0.009559 0.033987
0 0.128676 0.248366 0.008824 0.031373
0 0.142647 0.247712 0.010294 0.027451
0 0.062132 0.345752 0.009559 0.043137
0 0.065441 0.330065 0.007353 0.035294
0 0.070221 0.260784 0.011029 0.037908
0 0.080147 0.269281 0.010294 0.041830
0 0.206176 0.209804 0.010294 0.037908
0 0.202940 0.202614 0.005882 0.031373
0 0.227206 0.205229 0.007353 0.026044
0 0.229779 0.200307 0.008088 0.023529
0 0.246324 0.088889 0.008824 0.032680
0 0.242647 0.075817 0.007353 0.030065
0 0.240544 0.171895 0.008088 0.027451
0 0.229779 0.074510 0.006618 0.030065
0 0.200103 0.175163 0.008088 0.023529
0 0.080147 0.183660 0.005882 0.030065
0 0.086029 0.180392 0.008824 0.031373
0 0.075735 0.165359 0.005882 0.027451
0 0.080882 0.166013 0.005882 0.026144
0 0.087132 0.156209 0.006618 0.027451
0 0.090441 0.170588 0.005882 0.027451
0 0.094485 0.163399 0.005147 0.033987
0 0.207720 0.148366 0.008088 0.027451
0 0.202206 0.047712 0.007353 0.028758
0 0.255505 0.160784 0.006618 0.026144
0 0.266544 0.054248 0.005147 0.023529
0 0.270588 0.049673 0.005882 0.027451
0 0.232720 0.158824 0.005147 0.027451
0 0.229779 0.135948 0.005147 0.023529
0 0.258088 0.117647 0.004412 0.013072
0 0.097426 0.152288 0.009559 0.030065
0 0.092647 0.156863 0.004412 0.013072
0 0.048162 0.137908 0.006618 0.027451
0 0.063971 0.143791 0.004412 0.026144
0 0.068750 0.145098 0.005147 0.026144
0 0.073897 0.144444 0.006618 0.024837
0 0.076838 0.141176 0.005147 0.020915
0 0.089706 0.137255 0.007353 0.026144
0 0.206608 0.118954 0.005882 0.026144
0 0.222059 0.014379 0.004412 0.022222
0 0.225735 0.009150 0.004412 0.022222
0 0.228676 0.015686 0.004412 0.024837
0 0.237500 0.016340 0.004412 0.020915
0 0.240440 0.110458 0.005882 0.024837
0 0.336397 0.083660 0.005047 0.018301
0 0.496324 0.080392 0.004412 0.014379
0 0.519853 0.106536 0.004412 0.016993
0 0.547059 0.059477 0.005882 0.018301
0 0.533824 0.002614 0.004412 0.016993
0 0.488603 0.067320 0.003676 0.011765
0 0.492279 0.059477 0.003676 0.004379
0 0.487500 0.052288 0.002940 0.013072
0 0.922059 0.393464 0.000294 0.036601
