0 0.734015 0.818519 0.010937 0.061111
0 0.650781 0.389815 0.005729 0.024074
0 0.600000 0.373601 0.003125 0.021296
0 0.608854 0.377778 0.004067 0.025926
0 0.550260 0.447222 0.006771 0.022222
0 0.548177 0.385185 0.005729 0.016667
0 0.222656 0.661574 0.015104 0.036111
0 0.277865 0.553240 0.007812 0.037963
0 0.583854 0.480556 0.006250 0.030481
0 0.578646 0.470370 0.004067 0.031481
0 0.577083 0.467593 0.005208 0.030481
0 0.575260 0.462037 0.005729 0.030481
0 0.032292 0.307130 0.005208 0.019444
0 0.413021 0.319444 0.004167 0.014815
