0 0.031250 0.730719 0.018382 0.083660
0 0.015074 0.509150 0.013971 0.056209
0 0.024265 0.494771 0.014706 0.056209
0 0.250000 0.673203 0.004706 0.083660
0 0.263603 0.684304 0.025735 0.082353
0 0.460662 0.586928 0.003971 0.062745
0 0.455882 0.570588 0.008824 0.024837
0 0.467279 0.562092 0.006618 0.023529
0 0.475000 0.584304 0.014706 0.065359
0 0.506912 0.967320 0.020588 0.065359
0 0.540809 0.966003 0.019853 0.062745
0 0.627206 0.960438 0.022059 0.071895
0 0.479412 0.841830 0.016176 0.047059
0 0.502206 0.834640 0.013235 0.087582
0 0.544853 0.909804 0.007647 0.109804
0 0.599632 0.908954 0.016912 0.099346
0 0.624265 0.907090 0.014706 0.091503
0 0.636029 0.882353 0.023529 0.096732
0 0.557720 0.866667 0.027206 0.083660
0 0.568005 0.790850 0.018382 0.075817
0 0.580985 0.790850 0.016912 0.086275
0 0.390074 0.766013 0.012500 0.036601
0 0.640074 0.764052 0.006912 0.087582
0 0.660029 0.762092 0.016176 0.091503
0 0.680505 0.771242 0.015441 0.091503
0 0.695588 0.760784 0.020588 0.090503
0 0.700662 0.777124 0.013971 0.087582
0 0.749265 0.894770 0.023529 0.108497
0 0.798897 0.903922 0.020324 0.098039
0 0.795956 0.885621 0.015441 0.056209
0 0.767647 0.852940 0.020588 0.092810
0 0.809853 0.775163 0.017647 0.099346
0 0.840440 0.788235 0.017647 0.086275
0 0.984559 0.702418 0.017647 0.088889
0 0.996324 0.701111 0.007353 0.083660
0 0.870220 0.733987 0.013971 0.090196
0 0.900368 0.730373 0.016912 0.082353
0 0.933824 0.698039 0.004706 0.070588
0 0.894018 0.703922 0.016176 0.069281
0 0.935662 0.685620 0.012500 0.066667
0 0.950103 0.579085 0.013971 0.062745
0 0.952940 0.561438 0.008824 0.043137
0 0.930985 0.543791 0.008088 0.039216
0 0.925368 0.530373 0.018382 0.066667
0 0.973529 0.484304 0.007353 0.035294
0 0.996690 0.491503 0.006618 0.049673
0 0.930618 0.445752 0.010294 0.044444
0 0.943750 0.408301 0.009559 0.036601
0 0.955047 0.410458 0.008824 0.044444
0 0.855147 0.726144 0.022059 0.084967
0 0.919853 0.590196 0.014706 0.035294
0 0.859091 0.618301 0.012500 0.057516
0 0.848897 0.685620 0.013971 0.069281
0 0.944018 0.308497 0.008824 0.031373
0 0.956608 0.239216 0.005882 0.023529
0 0.943005 0.237908 0.008088 0.026144
0 0.930047 0.238562 0.007353 0.022222
0 0.909485 0.296732 0.009559 0.031373
0 0.903971 0.294771 0.007353 0.027451
0 0.844853 0.333333 0.007353 0.030373
0 0.820588 0.323529 0.001765 0.024837
0 0.803676 0.340830 0.005882 0.035294
0 0.808088 0.339869 0.007353 0.036600
0 0.800368 0.394018 0.006618 0.040523
0 0.793005 0.391503 0.006618 0.037908
0 0.786029 0.399346 0.004402 0.022222
0 0.775735 0.375807 0.005882 0.035294
0 0.760294 0.388889 0.007353 0.037908
0 0.764338 0.377024 0.006618 0.032680
0 0.755047 0.386928 0.008824 0.036601
0 0.745956 0.386928 0.005047 0.026144
0 0.737032 0.382353 0.008088 0.040523
0 0.745956 0.375063 0.006618 0.039216
0 0.750838 0.345098 0.008088 0.023529
0 0.760662 0.301111 0.008088 0.033987
0 0.761765 0.303268 0.004412 0.013072
0 0.744018 0.325490 0.007353 0.033987
0 0.729779 0.323529 0.005047 0.030065
0 0.726003 0.319608 0.006618 0.037908
0 0.702868 0.324183 0.008088 0.031373
0 0.768005 0.261438 0.005147 0.023529
0 0.742279 0.309804 0.008088 0.028758
0 0.739706 0.300654 0.007353 0.026044
0 0.730618 0.301307 0.005882 0.027451
0 0.745588 0.253595 0.004402 0.023529
0 0.752574 0.250980 0.005047 0.026144
0 0.669018 0.332680 0.008824 0.032680
0 0.684091 0.344444 0.008088 0.037908
0 0.702574 0.302418 0.006618 0.031373
0 0.694018 0.310458 0.004412 0.030065
0 0.689706 0.305882 0.007353 0.026044
0 0.679402 0.309804 0.007353 0.031373
0 0.677574 0.305882 0.006608 0.033987
0 0.674632 0.305229 0.008088 0.019608
0 0.698162 0.307843 0.009559 0.027451
0 0.670588 0.305229 0.007353 0.019608
0 0.654779 0.307843 0.006618 0.024837
0 0.663970 0.235948 0.005882 0.022222
0 0.638235 0.276470 0.005882 0.027451
0 0.593005 0.294771 0.006618 0.032680
0 0.586765 0.292800 0.005882 0.031373
0 0.577940 0.293464 0.004412 0.032680
0 0.584091 0.282353 0.008088 0.031373
0 0.606985 0.277024 0.006618 0.023529
0 0.600103 0.276471 0.006618 0.022222
0 0.595220 0.281046 0.008088 0.026144
0 0.594853 0.233333 0.005882 0.009608
0 0.588603 0.237255 0.005047 0.016993
0 0.570691 0.284314 0.006618 0.030065
0 0.559926 0.280392 0.005047 0.024837
0 0.552574 0.282353 0.008088 0.033987
0 0.535294 0.280046 0.008824 0.026144
0 0.523529 0.262092 0.008824 0.030065
0 0.506608 0.262745 0.007353 0.033987
0 0.495956 0.259477 0.008088 0.024837
0 0.484926 0.277778 0.006608 0.032680
0 0.469485 0.280392 0.005047 0.027451
0 0.460029 0.281046 0.005882 0.031373
0 0.452574 0.280046 0.006618 0.028758
0 0.444853 0.283660 0.007353 0.030373
0 0.440440 0.283007 0.004412 0.019608
0 0.580505 0.220915 0.005147 0.020915
0 0.576003 0.220915 0.006618 0.020915
0 0.474632 0.252288 0.006608 0.028758
0 0.458824 0.260438 0.005882 0.020915
0 0.502940 0.182353 0.002941 0.016993
0 0.497426 0.083007 0.003676 0.018301
0 0.428676 0.186275 0.004412 0.016993
0 0.438235 0.189542 0.004412 0.013072
0 0.323897 0.087582 0.003676 0.016993
0 0.309118 0.188235 0.005882 0.020915
0 0.303603 0.188889 0.005147 0.016993
0 0.299265 0.191503 0.004412 0.016993
0 0.263970 0.203922 0.004412 0.026144
0 0.258456 0.205229 0.006608 0.028758
0 0.048897 0.226144 0.006618 0.020915
0 0.045956 0.247059 0.009559 0.023529
0 0.079044 0.256209 0.005047 0.026144
0 0.073529 0.255556 0.004402 0.030065
0 0.065440 0.260784 0.004412 0.032680
0 0.068382 0.250980 0.008824 0.030373
0 0.030505 0.264052 0.005147 0.028758
0 0.027206 0.262745 0.005882 0.028758
0 0.003235 0.264706 0.007353 0.027451
0 0.036029 0.034641 0.002941 0.013072
0 0.028676 0.033987 0.002941 0.014379
0 0.024632 0.033987 0.002206 0.011765
0 0.020691 0.134641 0.003676 0.010458
0 0.009853 0.135294 0.005882 0.014379
