0 0.213603 0.692157 0.027206 0.074510
0 0.198162 0.698693 0.018382 0.058824
0 0.090441 0.649673 0.017647 0.081046
0 0.170221 0.973203 0.028676 0.053595
0 0.272794 0.513072 0.016176 0.053595
0 0.384191 0.413725 0.024265 0.053595
0 0.400735 0.408954 0.011765 0.064052
0 0.499632 0.333987 0.001029 0.056209
0 0.269853 0.306993 0.017647 0.058824
0 0.273529 0.309050 0.013235 0.061438
0 0.424632 0.208954 0.009559 0.045752
0 0.284926 0.209608 0.013971 0.052288
0 0.308088 0.206340 0.016176 0.058824
0 0.086765 0.368627 0.019118 0.031373
0 0.130882 0.226144 0.013235 0.031373
0 0.534091 0.228758 0.008088 0.054902
0 0.537868 0.218301 0.005147 0.026144
0 0.506544 0.174510 0.006618 0.045752
0 0.523897 0.072549 0.008088 0.036601
0 0.489706 0.047059 0.008824 0.050980
0 0.602574 0.260131 0.012500 0.052288
0 0.609559 0.223529 0.008824 0.036600
0 0.602574 0.205033 0.009559 0.048366
0 0.634559 0.209608 0.008824 0.047059
0 0.651103 0.226797 0.013971 0.043137
0 0.654412 0.217647 0.013235 0.035294
0 0.690074 0.180392 0.012500 0.049673
0 0.558456 0.094018 0.009559 0.044444
0 0.669485 0.037255 0.009559 0.036601
0 0.678676 0.035294 0.010294 0.043137
0 0.720956 0.152941 0.011029 0.033987
0 0.713235 0.126797 0.007353 0.028758
0 0.720220 0.120915 0.011029 0.040523
0 0.795220 0.192157 0.011029 0.049673
0 0.805882 0.300458 0.013235 0.056209
0 0.790809 0.293464 0.015441 0.053595
