0 0.061458 0.053704 0.012500 0.029630
0 0.097907 0.146296 0.012500 0.033333
0 0.200042 0.495370 0.020833 0.027778
0 0.064583 0.895370 0.027083 0.060111
0 0.339583 0.341667 0.014583 0.038889
0 0.262500 0.391667 0.016667 0.038889
0 0.648958 0.066667 0.010417 0.040741
0 0.657292 0.021296 0.010417 0.035185
0 0.802604 0.340667 0.013542 0.038889
0 0.845303 0.435185 0.017708 0.055556
0 0.783854 0.962963 0.021875 0.048148
0 0.597907 0.424074 0.010417 0.048148
0 0.804063 0.243519 0.013542 0.038889
0 0.838542 0.203889 0.012500 0.046296
0 0.849479 0.204815 0.009375 0.040741
0 0.878646 0.220296 0.013542 0.038889
0 0.870302 0.034259 0.013542 0.038889
0 0.852083 0.042593 0.002500 0.040741
