0 0.876471 0.866013 0.036765 0.079739
0 0.821324 0.835948 0.033824 0.074510
0 0.855882 0.222876 0.014706 0.027451
0 0.927206 0.042484 0.010294 0.047059
0 0.914706 0.146405 0.008824 0.010458
0 0.780882 0.032680 0.007353 0.035294
0 0.783088 0.037908 0.007353 0.037908
0 0.500838 0.211765 0.009559 0.054902
0 0.523897 0.232680 0.002500 0.052288
0 0.486397 0.239869 0.009559 0.053595
0 0.462500 0.248366 0.004706 0.047059
0 0.462868 0.271242 0.009559 0.016993
0 0.452940 0.293464 0.010294 0.066667
0 0.442279 0.249673 0.015441 0.033987
0 0.418382 0.260784 0.011765 0.043137
0 0.359559 0.274510 0.011765 0.036601
0 0.370588 0.270588 0.016176 0.036601
0 0.383456 0.269935 0.013971 0.040523
0 0.300103 0.266667 0.015441 0.057516
0 0.288235 0.272549 0.003235 0.061438
0 0.230505 0.305229 0.012500 0.066667
0 0.001029 0.395425 0.022059 0.045752
0 0.027940 0.389542 0.016176 0.044444
0 0.008456 0.374510 0.024265 0.064052
0 0.069485 0.405686 0.024265 0.067974
0 0.093382 0.430065 0.025000 0.070588
0 0.093750 0.346405 0.013971 0.065359
0 0.082721 0.392810 0.016912 0.074510
0 0.095221 0.403268 0.011029 0.053595
0 0.207720 0.386275 0.021324 0.061438
0 0.265440 0.375163 0.019118 0.075817
0 0.279402 0.425490 0.014706 0.071895
0 0.284926 0.357506 0.013971 0.066667
0 0.256250 0.479085 0.001029 0.077124
0 0.258456 0.492057 0.011029 0.066667
0 0.248062 0.458824 0.009559 0.070588
0 0.245221 0.454902 0.012500 0.047059
0 0.237032 0.434641 0.011029 0.069281
0 0.233088 0.406993 0.010294 0.067974
0 0.236029 0.400000 0.004706 0.062745
0 0.338970 0.354902 0.014706 0.058824
0 0.330882 0.394018 0.008824 0.030065
0 0.350103 0.413072 0.016912 0.062745
0 0.402132 0.315686 0.013971 0.061438
0 0.428676 0.374500 0.016176 0.061438
0 0.370691 0.343137 0.013971 0.061438
0 0.383824 0.390503 0.017647 0.071895
0 0.403676 0.430709 0.016176 0.064052
0 0.438970 0.466667 0.016176 0.070588
0 0.440544 0.412418 0.018382 0.069281
0 0.468382 0.452940 0.013235 0.069281
0 0.455505 0.359477 0.013971 0.065359
0 0.490074 0.395425 0.003971 0.058824
0 0.520691 0.494771 0.016912 0.077124
0 0.506912 0.422876 0.016176 0.069281
0 0.496324 0.343037 0.013235 0.066667
0 0.490912 0.279739 0.010294 0.036601
0 0.507353 0.290096 0.008824 0.052288
0 0.508824 0.258070 0.007353 0.030065
0 0.509853 0.286928 0.007353 0.037908
0 0.544853 0.277024 0.011765 0.057516
0 0.587500 0.256863 0.003235 0.069281
0 0.578676 0.302418 0.017647 0.062745
0 0.537032 0.326144 0.012500 0.058824
0 0.527574 0.377024 0.012500 0.069281
0 0.559559 0.403268 0.006176 0.069281
0 0.559559 0.359477 0.006176 0.065359
0 0.600471 0.451634 0.019118 0.069281
0 0.602206 0.380046 0.016176 0.066667
0 0.604706 0.349020 0.014706 0.062745
0 0.630882 0.374500 0.013235 0.066667
0 0.627574 0.284304 0.013971 0.058824
0 0.672426 0.306993 0.012500 0.058824
0 0.727206 0.403725 0.010294 0.066667
0 0.723897 0.396078 0.001029 0.062745
0 0.990440 0.071242 0.008824 0.030065
0 0.995956 0.075063 0.006618 0.030065
0 0.994853 0.055556 0.008824 0.027450
