0 0.211029 0.671895 0.016176 0.052288
0 0.415809 0.577124 0.013971 0.040523
0 0.256608 0.432026 0.008824 0.045752
0 0.834559 0.624083 0.011765 0.045752
0 0.872794 0.630065 0.003235 0.052288
0 0.948529 0.706536 0.006176 0.061438
0 0.940074 0.706536 0.008382 0.050980
0 0.955515 0.722222 0.015441 0.037908
0 0.965441 0.719608 0.011765 0.040523
0 0.973162 0.707843 0.012500 0.027451
0 0.976838 0.695425 0.009559 0.057506
0 0.946324 0.580392 0.006176 0.049673
0 0.955047 0.545098 0.013235 0.047059
0 0.960029 0.541176 0.011765 0.049673
0 0.860029 0.532680 0.011765 0.043137
0 0.630505 0.518954 0.009559 0.041830
0 0.637500 0.501765 0.008824 0.045752
0 0.626838 0.502418 0.009559 0.044444
0 0.645956 0.508497 0.008088 0.047059
0 0.673529 0.503725 0.011765 0.041830
0 0.674265 0.505229 0.004706 0.037908
0 0.700000 0.486275 0.011765 0.033987
0 0.787132 0.545752 0.011029 0.040523
0 0.820220 0.516993 0.011029 0.045752
0 0.550838 0.457516 0.008088 0.044444
0 0.687500 0.450980 0.008824 0.039206
0 0.397426 0.430065 0.009559 0.039206
0 0.504044 0.441176 0.009559 0.037908
0 0.437500 0.250980 0.005882 0.018301
0 0.077206 0.269935 0.005882 0.024837
0 0.200103 0.271242 0.006618 0.027451
0 0.207720 0.277124 0.008088 0.028758
0 0.208015 0.264706 0.005147 0.024837
0 0.280985 0.220915 0.005147 0.020915
0 0.286029 0.222222 0.005882 0.020905
0 0.280985 0.199346 0.005147 0.019608
0 0.101471 0.355556 0.011765 0.028758
