0 0.725000 0.599346 0.008824 0.040523
0 0.687032 0.977778 0.009559 0.044444
0 0.676470 0.460784 0.004412 0.027451
0 0.702132 0.529412 0.006618 0.039216
0 0.604338 0.516340 0.006618 0.033987
0 0.560662 0.367974 0.005047 0.016993
0 0.531250 0.322876 0.002206 0.015686
0 0.530147 0.323529 0.004412 0.016993
0 0.594485 0.454248 0.006608 0.032680
0 0.572794 0.500000 0.008824 0.030065
0 0.520691 0.461438 0.005147 0.028758
0 0.529044 0.455556 0.003676 0.032680
0 0.509559 0.460784 0.008824 0.027451
0 0.470221 0.493464 0.008088 0.030065
0 0.455147 0.423529 0.004412 0.020915
0 0.463970 0.237255 0.002941 0.011765
0 0.469118 0.250327 0.002941 0.009150
0 0.448062 0.332680 0.005147 0.019608
0 0.368005 0.402614 0.003676 0.023529
0 0.354402 0.400654 0.004412 0.022222
0 0.422059 0.434641 0.005882 0.016993
0 0.420691 0.547059 0.005147 0.037908
0 0.409485 0.515033 0.006618 0.036601
0 0.412132 0.566013 0.011029 0.041830
0 0.310294 0.463399 0.007353 0.019608
0 0.250838 0.439869 0.006618 0.032680
0 0.264338 0.758824 0.002500 0.064052
0 0.038971 0.639869 0.007353 0.045752
