0 0.005441 0.871242 0.014706 0.040523
0 0.033824 0.984314 0.019118 0.031373
0 0.229779 0.788889 0.001029 0.053595
0 0.283088 0.703072 0.013235 0.050980
0 0.276003 0.713725 0.011029 0.052288
0 0.205882 0.778430 0.016176 0.053595
0 0.287500 0.602604 0.010294 0.036601
0 0.336029 0.533333 0.008824 0.036600
0 0.333456 0.496078 0.008088 0.032680
0 0.370221 0.456863 0.005147 0.022222
0 0.300471 0.307843 0.004412 0.016993
0 0.300662 0.305882 0.003676 0.015686
0 0.302132 0.306536 0.005147 0.016993
0 0.308015 0.301961 0.003676 0.010458
0 0.394853 0.390196 0.005882 0.019608
0 0.350103 0.381699 0.005147 0.023529
0 0.354044 0.377778 0.005047 0.023529
0 0.376838 0.337255 0.005047 0.018301
0 0.387868 0.340523 0.003676 0.009608
0 0.402868 0.322222 0.003676 0.016993
0 0.405809 0.324837 0.003676 0.011765
0 0.430985 0.302614 0.005147 0.014379
0 0.726838 0.906536 0.015441 0.050980
0 0.659559 0.839869 0.017647 0.035294
0 0.696691 0.618954 0.011029 0.027451
0 0.613603 0.579085 0.011029 0.033987
0 0.654779 0.548366 0.008088 0.019608
0 0.659926 0.549020 0.008088 0.036600
0 0.772059 0.626797 0.008824 0.040523
0 0.782720 0.630719 0.006618 0.040523
0 0.755147 0.625490 0.010294 0.022222
0 0.763235 0.623529 0.010294 0.020915
0 0.748897 0.618954 0.009559 0.022222
0 0.764706 0.580699 0.008824 0.033987
0 0.795220 0.579085 0.009559 0.033987
0 0.787500 0.543790 0.007353 0.028758
0 0.779779 0.534641 0.006618 0.023529
0 0.700294 0.497386 0.007353 0.032680
0 0.706544 0.461438 0.005147 0.028758
0 0.695588 0.445752 0.004402 0.023529
0 0.683088 0.447702 0.005882 0.024837
0 0.684559 0.443037 0.005882 0.028758
0 0.568750 0.397386 0.005147 0.015686
0 0.546324 0.300654 0.004402 0.013072
0 0.594018 0.330065 0.004412 0.019608
0 0.599632 0.334640 0.005147 0.015686
0 0.603676 0.333333 0.004402 0.018301
0 0.609091 0.334641 0.005147 0.018301
