0 0.689706 0.490196 0.017647 0.088889
0 0.605441 0.200000 0.014706 0.052288
0 0.260662 0.205229 0.009559 0.060031
0 0.009559 0.333333 0.019118 0.078431
0 0.338235 0.209804 0.004706 0.056209
0 0.344853 0.201765 0.008824 0.039216
0 0.349265 0.209804 0.001765 0.061438
0 0.422059 0.049020 0.013235 0.054902
0 0.280505 0.050980 0.008088 0.044444
0 0.355147 0.081046 0.014706 0.028758
0 0.733824 0.066667 0.008824 0.045752
0 0.728676 0.060131 0.010294 0.040523
0 0.686029 0.009804 0.008824 0.049673
0 0.502574 0.204575 0.003971 0.064052
0 0.496690 0.199346 0.012500 0.056209
0 0.405074 0.095425 0.009559 0.033987
0 0.398062 0.035294 0.009559 0.041830
0 0.357353 0.032026 0.000294 0.035294
