0 0.426838 0.226797 0.008088 0.035294
0 0.529402 0.241830 0.008824 0.039216
0 0.537868 0.245098 0.006608 0.037908
0 0.544485 0.240830 0.006618 0.036601
0 0.607720 0.847712 0.019853 0.077124
0 0.046691 0.907843 0.028676 0.069281
0 0.076471 0.193464 0.007353 0.033987
0 0.081985 0.192157 0.008088 0.031373
0 0.108824 0.249020 0.011765 0.032680
0 0.504779 0.224837 0.008088 0.028758
0 0.409091 0.115686 0.005147 0.022222
0 0.406544 0.115686 0.005147 0.024837
0 0.409485 0.100654 0.003676 0.020915
0 0.425000 0.000000 0.004412 0.019608
0 0.420956 0.094770 0.005147 0.019608
0 0.478309 0.132680 0.005147 0.016993
0 0.453676 0.107843 0.005882 0.019608
0 0.473897 0.074510 0.005147 0.015686
