0 0.050000 0.481046 0.023529 0.057516
0 0.030250 0.463399 0.022794 0.061438
0 0.051103 0.418301 0.019853 0.031373
0 0.063235 0.368627 0.004706 0.057516
0 0.045221 0.369935 0.018382 0.039216
0 0.040809 0.364052 0.021324 0.037908
0 0.046691 0.356209 0.022794 0.032680
0 0.038971 0.432680 0.016176 0.039216
0 0.022059 0.110458 0.016176 0.035294
0 0.031985 0.101961 0.012500 0.039216
0 0.301838 0.752941 0.024265 0.081046
0 0.335294 0.637255 0.020588 0.061438
0 0.204779 0.555556 0.019853 0.060131
0 0.806985 0.930373 0.016912 0.064052
0 0.802868 0.881699 0.025735 0.092810
0 0.773062 0.856863 0.019853 0.082353
0 0.644018 0.837908 0.027941 0.096732
0 0.803971 0.660131 0.020588 0.086275
0 0.911397 0.712418 0.024265 0.057516
0 0.701029 0.513072 0.019118 0.074510
0 0.750000 0.411111 0.013235 0.037908
0 0.675735 0.363399 0.013235 0.041830
0 0.641912 0.360784 0.016176 0.041830
0 0.608456 0.348366 0.013971 0.037908
0 0.705147 0.357516 0.011765 0.032680
0 0.680515 0.350980 0.011029 0.035294
0 0.058088 0.277124 0.014706 0.049673
0 0.049265 0.279085 0.010294 0.037908
0 0.315441 0.335294 0.017647 0.050980
0 0.456250 0.263399 0.013971 0.043137
0 0.425735 0.219608 0.011765 0.033987
0 0.407721 0.178431 0.012500 0.037908
0 0.389338 0.148366 0.011029 0.035294
0 0.391176 0.213072 0.011765 0.028758
0 0.311029 0.175817 0.008824 0.027451
0 0.297794 0.163399 0.008824 0.028758
0 0.304412 0.100000 0.008824 0.027451
0 0.430882 0.296732 0.014706 0.033987
0 0.425000 0.293464 0.014706 0.032680
0 0.365440 0.049020 0.007353 0.027451
0 0.473062 0.129412 0.006618 0.033987
0 0.486029 0.027451 0.007353 0.037908
0 0.490912 0.120261 0.007353 0.036601
0 0.530618 0.158824 0.008824 0.032680
0 0.540809 0.067974 0.008088 0.024837
