0 0.380985 0.735948 0.021324 0.101961
0 0.674265 0.856863 0.025000 0.003268
0 0.942647 0.875063 0.033824 0.103268
0 0.965809 0.889542 0.030047 0.100654
0 0.755882 0.440176 0.019118 0.077124
0 0.768750 0.456863 0.003971 0.069281
0 0.783456 0.462092 0.008382 0.069281
0 0.579402 0.346405 0.011765 0.062745
0 0.452940 0.471895 0.019118 0.067974
0 0.488970 0.352288 0.011765 0.064052
0 0.500103 0.366013 0.013971 0.047059
0 0.507353 0.346405 0.000294 0.049673
0 0.620691 0.275817 0.013971 0.044444
0 0.726003 0.286928 0.012500 0.048366
0 0.725000 0.323529 0.006176 0.037908
0 0.778309 0.237255 0.005441 0.032680
0 0.806544 0.207843 0.011029 0.044444
0 0.826470 0.205229 0.008824 0.033987
0 0.872426 0.200458 0.006618 0.033987
0 0.880882 0.206536 0.007353 0.030373
0 0.888970 0.211765 0.008824 0.036601
0 0.920691 0.213725 0.008088 0.037908
0 0.930618 0.214379 0.008824 0.033987
0 0.948062 0.218301 0.011029 0.041830
0 0.994853 0.220905 0.008824 0.047059
0 0.584559 0.042484 0.007353 0.026144
0 0.607353 0.011765 0.005882 0.024837
0 0.606985 0.097386 0.009559 0.027450
0 0.549265 0.088889 0.008824 0.039206
0 0.570691 0.097386 0.006618 0.027451
0 0.578676 0.096078 0.005882 0.024837
0 0.080882 0.362092 0.008824 0.036600
0 0.088603 0.344444 0.006912 0.064052
0 0.056985 0.306536 0.006912 0.053595
0 0.645956 0.070588 0.005047 0.033987
0 0.657720 0.074510 0.008088 0.031373
0 0.706250 0.075807 0.008088 0.033987
0 0.585662 0.049020 0.001029 0.030065
0 0.558456 0.003072 0.003676 0.023529
0 0.570691 0.011765 0.008088 0.018301
0 0.600662 0.026797 0.003676 0.048366
0 0.623897 0.030065 0.008088 0.028758
0 0.663235 0.028758 0.008824 0.030373
0 0.675735 0.037908 0.005882 0.026044
0 0.683456 0.037908 0.006608 0.031373
0 0.850368 0.003268 0.008088 0.044444
0 0.940809 0.278430 0.015441 0.057516
0 0.989706 0.285620 0.013235 0.061438
0 0.863603 0.395425 0.022794 0.035294
0 0.427941 0.467320 0.016176 0.061438
0 0.355505 0.471895 0.012500 0.075817
