0 0.726003 0.501307 0.021324 0.058824
0 0.407353 0.343790 0.013235 0.060131
0 0.237032 0.122222 0.009559 0.045752
0 0.230618 0.166667 0.010294 0.050980
0 0.208382 0.161438 0.010294 0.053595
0 0.088235 0.123529 0.008824 0.040523
0 0.082353 0.124837 0.013235 0.037908
0 0.073162 0.128105 0.008088 0.036601
0 0.065809 0.122222 0.009559 0.043137
0 0.055147 0.122876 0.008824 0.036601
0 0.054044 0.114379 0.009559 0.040523
0 0.045221 0.118301 0.008088 0.040523
0 0.082353 0.096078 0.017647 0.047059
0 0.090074 0.095425 0.015441 0.053595
0 0.109191 0.237255 0.012500 0.032680
0 0.215441 0.253595 0.010294 0.047059
0 0.076103 0.373203 0.013971 0.058824
0 0.245956 0.480392 0.003971 0.050980
0 0.080147 0.884314 0.026471 0.077124
0 0.061765 0.856863 0.016176 0.064052
0 0.074265 0.833987 0.019118 0.070588
0 0.201397 0.852288 0.018382 0.073203
0 0.088603 0.816340 0.019853 0.074510
0 0.207720 0.673856 0.016912 0.061438
0 0.209926 0.644444 0.005441 0.065359
0 0.253676 0.764706 0.006176 0.067974
