0 0.980882 0.792800 0.010294 0.058824
0 0.967647 0.788235 0.007353 0.054902
0 0.960662 0.795425 0.008088 0.035294
0 0.934091 0.752941 0.009559 0.049673
0 0.920324 0.781699 0.010294 0.054902
0 0.906912 0.774510 0.007353 0.048366
0 0.909485 0.758170 0.009559 0.049673
0 0.908824 0.769280 0.011765 0.048366
0 0.899265 0.750634 0.010294 0.039216
0 0.890176 0.754902 0.008824 0.050980
0 0.883824 0.764706 0.008824 0.057506
0 0.970691 0.703268 0.009559 0.047059
0 0.955882 0.696078 0.000294 0.045752
0 0.906176 0.713072 0.010294 0.045752
0 0.873897 0.698039 0.015441 0.041830
0 0.883088 0.682353 0.013235 0.039216
0 0.772426 0.684967 0.009559 0.047059
0 0.804779 0.694770 0.012500 0.040523
0 0.866544 0.667974 0.008088 0.039206
0 0.878309 0.665359 0.009559 0.033987
0 0.883456 0.652288 0.002500 0.047059
0 0.862032 0.647059 0.011029 0.041830
0 0.855505 0.633987 0.006618 0.036601
0 0.859926 0.664052 0.008088 0.036600
0 0.847059 0.663399 0.000294 0.045752
0 0.845588 0.633333 0.008824 0.037908
0 0.804402 0.660784 0.010294 0.040523
0 0.803235 0.650980 0.007353 0.039216
0 0.806985 0.650327 0.006608 0.037908
0 0.800368 0.648366 0.009559 0.036600
0 0.780618 0.649673 0.008824 0.044444
0 0.776470 0.638562 0.008824 0.032680
0 0.768382 0.641830 0.008824 0.026144
0 0.755047 0.647059 0.010294 0.039216
0 0.722059 0.628005 0.007353 0.040523
0 0.660662 0.620569 0.006618 0.035294
0 0.648897 0.620569 0.006618 0.035294
0 0.624265 0.606993 0.007353 0.033987
0 0.640074 0.605033 0.011029 0.040523
0 0.650103 0.607190 0.008088 0.030065
0 0.670691 0.600654 0.008088 0.030065
0 0.604402 0.614379 0.007353 0.036601
0 0.608088 0.601111 0.008824 0.037908
0 0.583824 0.604379 0.010294 0.041830
0 0.574632 0.609804 0.001029 0.035294
0 0.566544 0.609804 0.008088 0.035294
0 0.564338 0.600000 0.005147 0.015686
0 0.526470 0.622876 0.011765 0.035294
0 0.533088 0.595425 0.007353 0.032680
0 0.505809 0.564052 0.006618 0.024837
0 0.504779 0.602604 0.005147 0.036601
0 0.493005 0.598039 0.006618 0.032680
0 0.475000 0.605882 0.005882 0.024837
0 0.470324 0.606536 0.005882 0.033987
0 0.500294 0.601307 0.007353 0.028758
0 0.501397 0.592157 0.008088 0.031373
0 0.404044 0.592057 0.008088 0.033987
0 0.441176 0.590196 0.008824 0.027451
0 0.002206 0.582353 0.004402 0.030065
0 0.004338 0.588889 0.006618 0.027451
0 0.002500 0.581046 0.007353 0.032680
0 0.020588 0.573203 0.004402 0.032680
0 0.022426 0.573856 0.005047 0.031373
0 0.030250 0.571895 0.008088 0.040523
0 0.039706 0.574500 0.008824 0.035294
0 0.050471 0.573856 0.005882 0.031373
0 0.058456 0.574500 0.008088 0.030065
0 0.042647 0.557516 0.007353 0.027451
0 0.036765 0.530065 0.005882 0.027451
0 0.040074 0.530719 0.005147 0.018301
0 0.042647 0.522876 0.007353 0.028758
0 0.053676 0.517647 0.005882 0.028758
0 0.276838 0.505229 0.003676 0.022222
0 0.279402 0.503268 0.004412 0.023529
0 0.284091 0.505229 0.003676 0.022222
0 0.878676 0.569280 0.008824 0.027451
0 0.870691 0.571895 0.006618 0.030065
0 0.837868 0.563399 0.006608 0.028758
0 0.849265 0.557506 0.007353 0.030065
0 0.783456 0.588235 0.006608 0.033987
0 0.786029 0.560438 0.007353 0.030065
0 0.769485 0.547059 0.006608 0.024837
0 0.763970 0.549020 0.005882 0.028758
0 0.615074 0.560131 0.008088 0.024837
0 0.608750 0.516340 0.005147 0.020915
0 0.640912 0.526144 0.005882 0.022222
0 0.635294 0.520569 0.008824 0.028758
0 0.658824 0.520905 0.025000 0.024837
0 0.683088 0.530373 0.030882 0.024837
0 0.735294 0.549673 0.026470 0.024837
0 0.743382 0.529402 0.027941 0.026144
0 0.952574 0.532680 0.008088 0.019608
0 0.930147 0.530065 0.007353 0.016993
0 0.920956 0.509050 0.003676 0.024837
0 0.927574 0.509050 0.005147 0.019608
0 0.923897 0.506536 0.005047 0.032680
0 0.737500 0.505229 0.005882 0.024837
0 0.729779 0.506536 0.005047 0.022222
0 0.731985 0.498693 0.005147 0.014379
0 0.670588 0.447702 0.004412 0.011765
0 0.666902 0.461438 0.004412 0.015686
0 0.689338 0.459477 0.003676 0.004379
0 0.687868 0.462092 0.003676 0.004379
0 0.680250 0.462745 0.003676 0.015686
0 0.677574 0.462745 0.005047 0.018301
0 0.320588 0.490850 0.004402 0.019608
0 0.326471 0.492157 0.005882 0.014379
0 0.070956 0.432026 0.003676 0.004379
0 0.073897 0.430373 0.005147 0.013072
0 0.079044 0.430709 0.005147 0.014379
0 0.080985 0.428758 0.003676 0.013072
0 0.087032 0.432026 0.003676 0.016993
