0 0.927206 0.854248 0.026471 0.071895
0 0.907353 0.760438 0.038235 0.118954
0 0.862868 0.769280 0.025735 0.129412
0 0.796324 0.747702 0.030882 0.138562
0 0.743750 0.802604 0.030147 0.138562
0 0.759926 0.708497 0.027206 0.017647
0 0.774265 0.656863 0.023529 0.018954
0 0.720324 0.711765 0.029412 0.121569
0 0.715074 0.678431 0.012500 0.052288
0 0.625368 0.646405 0.033088 0.032026
0 0.328309 0.603072 0.031618 0.083660
0 0.563970 0.409150 0.016176 0.094118
0 0.546690 0.411111 0.021324 0.098039
0 0.543382 0.370588 0.007647 0.079739
0 0.508382 0.489542 0.017647 0.098039
0 0.499632 0.462745 0.008382 0.096732
0 0.497426 0.433987 0.005441 0.088889
0 0.483088 0.405686 0.016176 0.078431
0 0.472059 0.397386 0.020588 0.094018
0 0.459926 0.365359 0.006912 0.092810
0 0.502500 0.328758 0.014706 0.084967
0 0.507279 0.298039 0.013971 0.078431
0 0.489338 0.303268 0.005441 0.078431
0 0.040912 0.166667 0.020588 0.066667
0 0.290074 0.076471 0.011029 0.060131
0 0.279402 0.176471 0.013235 0.065359
0 0.256985 0.077778 0.013971 0.075817
0 0.230985 0.177778 0.015441 0.060131
0 0.367647 0.084967 0.011765 0.064052
0 0.439706 0.072549 0.008824 0.057516
0 0.409853 0.143791 0.008824 0.057516
0 0.409091 0.266013 0.013971 0.077124
0 0.386029 0.259477 0.001765 0.074510
0 0.360662 0.257506 0.012500 0.075817
0 0.342279 0.260031 0.012500 0.075817
0 0.309853 0.260131 0.014706 0.078431
0 0.296690 0.259477 0.012500 0.074510
0 0.249632 0.264052 0.001029 0.067974
0 0.225368 0.270895 0.015441 0.078431
0 0.095956 0.274510 0.012500 0.070588
0 0.074632 0.279085 0.013971 0.079739
0 0.048897 0.281699 0.012500 0.079739
0 0.018750 0.289542 0.013971 0.071895
0 0.097059 0.290850 0.004706 0.077124
0 0.075735 0.298693 0.007647 0.077124
0 0.040544 0.300654 0.016912 0.078431
0 0.009118 0.275163 0.020588 0.087582
0 0.433456 0.274500 0.012500 0.073203
0 0.449632 0.275063 0.008088 0.069281
0 0.463235 0.265359 0.000294 0.067974
0 0.474632 0.255556 0.002500 0.077124
0 0.499265 0.255556 0.001765 0.071895
0 0.430505 0.250327 0.012500 0.079739
0 0.400294 0.241176 0.008824 0.074510
0 0.384926 0.240830 0.009559 0.083660
0 0.344853 0.236600 0.010294 0.081046
0 0.325368 0.238562 0.002500 0.082353
0 0.307720 0.206536 0.012500 0.075817
0 0.025735 0.263399 0.014706 0.074510
0 0.048162 0.264706 0.013971 0.079739
0 0.074265 0.253595 0.014706 0.088889
0 0.202206 0.250327 0.001765 0.071895
0 0.230618 0.250327 0.013235 0.069281
0 0.056250 0.273203 0.005441 0.078431
0 0.047426 0.220905 0.016912 0.067974
0 0.027574 0.220569 0.013971 0.066667
0 0.087500 0.266667 0.006176 0.075817
0 0.575368 0.070588 0.012500 0.053595
