0 0.330208 0.673148 0.014583 0.038889
0 0.351562 0.663889 0.015625 0.042593
0 0.373958 0.667593 0.016667 0.042593
0 0.379688 0.614815 0.015625 0.033333
0 0.386979 0.568519 0.015625 0.033333
0 0.391146 0.574074 0.013542 0.033333
0 0.424479 0.539815 0.013542 0.031481
0 0.426563 0.542593 0.013542 0.033333
0 0.435417 0.504630 0.010417 0.020370
0 0.451562 0.483333 0.011458 0.022222
0 0.433854 0.464815 0.011458 0.022222
0 0.402083 0.522222 0.010417 0.029630
0 0.278025 0.695370 0.022917 0.075926
0 0.335938 0.608519 0.015625 0.059259
0 0.375000 0.545370 0.002500 0.042593
0 0.090104 0.387037 0.009375 0.033333
0 0.540667 0.598148 0.014583 0.059259
0 0.569270 0.518519 0.009375 0.040741
0 0.550520 0.493519 0.009375 0.042593
0 0.538020 0.437963 0.007292 0.038889
0 0.533854 0.447222 0.007292 0.038889
0 0.516146 0.468519 0.011458 0.025926
0 0.515625 0.454630 0.014583 0.031481
0 0.509792 0.443519 0.010417 0.038889
0 0.540146 0.377778 0.009375 0.037037
0 0.547907 0.365741 0.008333 0.031481
0 0.519271 0.318519 0.007292 0.018519
0 0.483333 0.314815 0.006250 0.014815
0 0.461458 0.423148 0.012500 0.020370
0 0.451042 0.393519 0.010417 0.024074
0 0.454687 0.395370 0.009375 0.020370
0 0.437500 0.375926 0.008333 0.022222
0 0.427083 0.446296 0.000417 0.044444
0 0.430250 0.424074 0.008333 0.037037
0 0.407187 0.400926 0.011458 0.038889
0 0.446875 0.352778 0.008333 0.027778
0 0.449479 0.328704 0.007292 0.027778
0 0.462500 0.309444 0.006250 0.024074
0 0.440146 0.332407 0.005208 0.020370
