0 0.395313 0.800926 0.011458 0.035185
0 0.416667 0.813889 0.012500 0.042593
0 0.501563 0.825926 0.009375 0.037037
0 0.501563 0.812037 0.011458 0.038889
0 0.538021 0.661111 0.007292 0.037037
0 0.428125 0.662963 0.008333 0.033333
0 0.497396 0.449074 0.005208 0.016667
0 0.535937 0.405556 0.005208 0.014815
0 0.523958 0.344444 0.004167 0.011111
0 0.557813 0.555556 0.007292 0.025926
0 0.496354 0.469444 0.005208 0.027778
0 0.469792 0.480556 0.004067 0.012963
0 0.473438 0.475926 0.005208 0.025926
0 0.478025 0.412963 0.004167 0.022222
0 0.549479 0.432407 0.005208 0.016667
0 0.546354 0.379630 0.003025 0.014815
0 0.543750 0.398148 0.004167 0.011111
0 0.472396 0.402037 0.005208 0.020370
0 0.539062 0.376852 0.003025 0.016667
0 0.517188 0.341667 0.003125 0.009259
