0 0.990104 0.580556 0.013542 0.025926
0 0.991927 0.623611 0.015104 0.025000
0 0.982552 0.619907 0.009896 0.025000
0 0.979687 0.616667 0.008333 0.025926
0 0.571094 0.957870 0.015104 0.049074
0 0.585938 0.755556 0.001458 0.040741
0 0.528906 0.723611 0.009896 0.032407
0 0.544271 0.811574 0.009375 0.036111
0 0.543750 0.803704 0.011458 0.033333
0 0.546094 0.589352 0.009896 0.032407
0 0.517969 0.597222 0.007812 0.024074
0 0.528125 0.595370 0.007292 0.024074
0 0.483333 0.458796 0.004067 0.023148
0 0.476823 0.481944 0.006771 0.021296
0 0.494531 0.482407 0.005729 0.018519
0 0.517448 0.432407 0.005729 0.022222
0 0.509635 0.428241 0.004687 0.017593
0 0.509115 0.400000 0.004687 0.018519
0 0.520833 0.334722 0.004167 0.012037
0 0.469010 0.325000 0.002604 0.014815
0 0.499740 0.343981 0.004687 0.015741
0 0.510417 0.347685 0.003125 0.010185
0 0.510156 0.344444 0.003646 0.014815
0 0.476302 0.305093 0.002604 0.012037
