0 0.024632 0.270588 0.001029 0.041830
0 0.033088 0.290503 0.010294 0.044444
0 0.039706 0.295425 0.001765 0.041830
0 0.002574 0.290196 0.012500 0.044444
0 0.012868 0.284314 0.011029 0.043137
0 0.009559 0.182353 0.007353 0.035294
0 0.002206 0.174510 0.008824 0.035294
0 0.003603 0.447712 0.015441 0.050980
0 0.212500 0.656863 0.013235 0.053595
0 0.373062 0.960784 0.012500 0.062745
0 0.365809 0.940176 0.012500 0.057516
0 0.365440 0.918301 0.011765 0.058824
0 0.212868 0.065359 0.006618 0.026144
0 0.282720 0.299346 0.012500 0.044444
0 0.319485 0.201961 0.008088 0.032680
0 0.189338 0.211765 0.011029 0.028758
0 0.370956 0.062745 0.008088 0.033987
0 0.380250 0.058170 0.006618 0.037908
0 0.392647 0.044444 0.005882 0.033987
0 0.398897 0.045098 0.006608 0.030065
0 0.399632 0.060784 0.005047 0.032680
0 0.407279 0.103268 0.006618 0.036601
0 0.336029 0.067974 0.007353 0.037908
0 0.327206 0.050327 0.008824 0.036601
0 0.337500 0.060131 0.005882 0.032680
0 0.420220 0.177778 0.006618 0.033987
0 0.450735 0.087582 0.008824 0.037908
0 0.520220 0.201307 0.008088 0.036601
0 0.380515 0.264052 0.009559 0.033987
0 0.400000 0.292057 0.005882 0.035294
0 0.405505 0.296078 0.005147 0.032680
0 0.403676 0.317647 0.008824 0.033987
0 0.483088 0.332026 0.005882 0.036600
0 0.507720 0.285621 0.008088 0.043137
0 0.459559 0.408497 0.011765 0.037908
0 0.587500 0.490850 0.008824 0.048366
0 0.562032 0.935948 0.012500 0.060131
0 0.560662 0.908497 0.015441 0.062745
0 0.580505 0.543791 0.012500 0.054902
0 0.475000 0.395425 0.008824 0.050980
0 0.601765 0.248366 0.005882 0.041830
0 0.650735 0.244444 0.005882 0.036600
0 0.673062 0.250980 0.005147 0.039216
0 0.588235 0.313072 0.005882 0.037908
0 0.580882 0.314379 0.007353 0.035294
0 0.577574 0.334641 0.008088 0.031373
0 0.538235 0.360784 0.007353 0.044444
0 0.544118 0.361438 0.007353 0.024837
0 0.790912 0.200000 0.005882 0.036601
0 0.805047 0.206536 0.005882 0.036601
0 0.949265 0.253595 0.008824 0.036600
0 0.485294 0.328105 0.004412 0.018301
