0 0.773897 0.860784 0.005441 0.077124
0 0.752940 0.573856 0.016176 0.062745
0 0.570956 0.492057 0.011029 0.056209
0 0.655882 0.520905 0.011765 0.048366
0 0.658088 0.500458 0.010294 0.056209
0 0.056618 0.739216 0.014706 0.056209
0 0.045956 0.732680 0.019853 0.071895
0 0.265809 0.090850 0.008088 0.036601
0 0.286397 0.000654 0.005147 0.026144
0 0.393382 0.194118 0.007353 0.032680
0 0.642279 0.259477 0.008088 0.037908
0 0.630250 0.256863 0.009559 0.043137
0 0.495588 0.281699 0.008824 0.035294
0 0.501765 0.100000 0.005882 0.027451
0 0.466544 0.067320 0.005147 0.022222
0 0.450735 0.036600 0.004412 0.020915
0 0.452574 0.063399 0.005147 0.022222
