0 0.465365 0.921296 0.019271 0.088889
0 0.389583 0.723148 0.014583 0.042593
0 0.410417 0.672222 0.009375 0.033333
0 0.320052 0.636111 0.006771 0.025926
0 0.579427 0.742130 0.014063 0.045370
0 0.008594 0.781481 0.017188 0.062963
0 0.095573 0.720370 0.016146 0.042593
0 0.243750 0.619444 0.007292 0.018519
0 0.239844 0.613426 0.005729 0.015741
0 0.272135 0.589352 0.004687 0.010185
0 0.352083 0.581481 0.003125 0.011111
0 0.349219 0.578241 0.002604 0.008333
0 0.069792 0.661111 0.012500 0.033333
0 0.088542 0.647222 0.009375 0.027778
0 0.292969 0.585085 0.003646 0.014815
0 0.957552 0.967593 0.024479 0.060111
0 0.932030 0.972685 0.020313 0.054630
