0 0.450520 0.533333 0.038542 0.181481
0 0.405208 0.496296 0.037500 0.066667
0 0.486979 0.409444 0.026042 0.138889
0 0.529067 0.358333 0.025000 0.124074
0 0.360458 0.337963 0.025000 0.120370
0 0.244270 0.393519 0.023958 0.131481
0 0.027604 0.437963 0.038542 0.150000
0 0.325000 0.089815 0.020833 0.083333
0 0.044270 0.267593 0.028125 0.101852
0 0.390004 0.387963 0.026042 0.120370
0 0.480208 0.339805 0.025000 0.120370
0 0.497396 0.383333 0.026042 0.022222
0 0.409271 0.434259 0.055208 0.109259
0 0.578025 0.278704 0.020833 0.098148
0 0.450000 0.203889 0.018750 0.083333
0 0.099479 0.252778 0.032292 0.098148
0 0.066667 0.261111 0.025000 0.077778
0 0.084375 0.284259 0.018750 0.072222
0 0.091667 0.273148 0.016667 0.064815
0 0.054688 0.116667 0.017708 0.044444
0 0.326562 0.028704 0.011458 0.046296
0 0.430208 0.095370 0.014583 0.079630
0 0.403025 0.189815 0.018750 0.075926
0 0.387500 0.089815 0.014583 0.075926
0 0.407292 0.036111 0.012500 0.042593
0 0.379688 0.067593 0.017708 0.068519
0 0.394270 0.173148 0.017708 0.075926
0 0.095302 0.107407 0.013542 0.051852
0 0.023438 0.159259 0.028125 0.033333
0 0.007708 0.103704 0.018750 0.048148
0 0.007292 0.033333 0.014583 0.059259
0 0.048438 0.009259 0.013542 0.051852
0 0.030250 0.112037 0.014583 0.053704
0 0.042088 0.107407 0.011458 0.048148
0 0.030771 0.104630 0.013542 0.053704
0 0.059375 0.087963 0.004583 0.050000
0 0.071354 0.100000 0.011458 0.022222
0 0.007802 0.080556 0.015625 0.042593
0 0.420354 0.107407 0.013542 0.048148
0 0.430729 0.070370 0.015625 0.074074
0 0.440004 0.169444 0.015625 0.061111
0 0.448437 0.028704 0.013542 0.057407
0 0.439062 0.017593 0.009375 0.038889
0 0.464062 0.119444 0.013542 0.031481
0 0.463542 0.122222 0.008333 0.018519
0 0.470833 0.145370 0.018750 0.024074
0 0.468750 0.144444 0.012500 0.022222
0 0.486979 0.158333 0.013542 0.038889
0 0.483333 0.155556 0.016667 0.025926
0 0.520302 0.161111 0.017708 0.066667
0 0.547396 0.237963 0.021875 0.068519
0 0.538021 0.228704 0.021875 0.068519
0 0.583333 0.228704 0.022917 0.053704
0 0.573958 0.253704 0.002500 0.085185
0 0.558333 0.209259 0.004583 0.081481
0 0.544270 0.191667 0.015625 0.072222
0 0.952083 0.730481 0.054167 0.192593
0 0.763542 0.298048 0.018750 0.096296
0 0.750520 0.289815 0.019792 0.079630
0 0.906770 0.267593 0.021875 0.061111
0 0.704583 0.271296 0.012500 0.050000
0 0.721354 0.278704 0.032292 0.042593
0 0.952083 0.281481 0.016667 0.025926
0 0.971875 0.286111 0.016667 0.024074
0 0.973958 0.275000 0.022917 0.035185
0 0.990625 0.268519 0.018750 0.044444
0 0.794792 0.060185 0.014583 0.061111
0 0.795833 0.055556 0.012500 0.040741
0 0.778646 0.086111 0.011458 0.061111
0 0.773958 0.085185 0.014583 0.066667
