0 0.257353 0.301111 0.005882 0.026144
0 0.252574 0.303072 0.005147 0.030065
0 0.305147 0.267974 0.005882 0.020915
0 0.278676 0.586928 0.014706 0.033987
0 0.370956 0.856863 0.005441 0.079739
0 0.431618 0.722222 0.016176 0.050980
0 0.447426 0.275063 0.005147 0.024837
0 0.446324 0.252940 0.004412 0.019608
0 0.441544 0.215686 0.003676 0.015686
0 0.448062 0.217647 0.003676 0.016993
0 0.449632 0.207843 0.003676 0.000458
0 0.464706 0.230065 0.004412 0.010458
0 0.472426 0.286275 0.005147 0.015686
0 0.486765 0.070588 0.002941 0.014379
0 0.492279 0.250980 0.003676 0.020905
0 0.479044 0.051634 0.002206 0.010458
0 0.477206 0.038562 0.002941 0.010458
0 0.514338 0.188235 0.003676 0.010458
0 0.518382 0.277778 0.004412 0.014379
0 0.533088 0.320261 0.005882 0.013072
0 0.545588 0.365359 0.005882 0.032680
0 0.554402 0.367974 0.005882 0.032680
0 0.556985 0.741176 0.013971 0.049673
0 0.596690 0.858824 0.015441 0.070588
0 0.833088 0.608301 0.014706 0.049673
0 0.852940 0.615033 0.010294 0.048366
0 0.836765 0.605882 0.005882 0.024837
0 0.980515 0.773203 0.011029 0.024837
0 0.677574 0.301765 0.006618 0.030065
0 0.658456 0.283660 0.003676 0.026044
0 0.655505 0.281046 0.005147 0.026144
