0 0.439583 0.327305 0.005208 0.028704
0 0.586979 0.607593 0.009375 0.048148
0 0.455990 0.420296 0.006771 0.037037
0 0.446094 0.699537 0.001979 0.056481
0 0.346354 0.690740 0.011458 0.053704
0 0.439062 0.587963 0.008333 0.050852
0 0.445302 0.564815 0.008333 0.046296
0 0.453906 0.709259 0.009896 0.040740
0 0.269530 0.965278 0.018229 0.067593
0 0.230250 0.918519 0.014583 0.061111
0 0.326302 0.635185 0.010937 0.044444
0 0.390406 0.482870 0.008854 0.043519
0 0.462500 0.420296 0.007292 0.031481
0 0.463020 0.432870 0.006250 0.032407
0 0.354687 0.565741 0.012500 0.038889
0 0.347396 0.505556 0.006250 0.022222
0 0.359015 0.519907 0.007812 0.037963
0 0.352865 0.522685 0.006770 0.034259
0 0.480469 0.334259 0.005729 0.029630
0 0.496875 0.342593 0.005208 0.024074
0 0.496354 0.348601 0.007292 0.026852
0 0.422035 0.258333 0.005729 0.025926
0 0.415365 0.322685 0.007812 0.017593
0 0.302500 0.245370 0.005208 0.024074
0 0.405990 0.253704 0.005729 0.022222
0 0.044271 0.559722 0.014583 0.034259
0 0.001458 0.204167 0.005208 0.019444
0 0.076302 0.377305 0.005729 0.032407
0 0.074740 0.385648 0.000937 0.034259
0 0.070354 0.384722 0.008333 0.026852
0 0.168490 0.293519 0.007812 0.022222
0 0.252604 0.216667 0.007292 0.018519
0 0.205208 0.261111 0.008333 0.024074
0 0.223698 0.281944 0.005729 0.015741
0 0.222396 0.280093 0.006250 0.023148
0 0.234115 0.293981 0.006771 0.015741
0 0.236458 0.290741 0.004167 0.020370
0 0.245573 0.306481 0.006771 0.024074
0 0.311198 0.183333 0.005729 0.012963
0 0.312500 0.181481 0.004167 0.014815
