0 0.993382 0.654248 0.003235 0.058824
0 0.737500 0.869935 0.023529 0.087582
0 0.760294 0.870242 0.020588 0.090196
0 0.373529 0.966667 0.032353 0.066667
0 0.076838 0.940523 0.028676 0.005882
0 0.005515 0.456863 0.013971 0.056209
0 0.254402 0.455556 0.011765 0.053595
0 0.270220 0.452941 0.013971 0.058824
0 0.700838 0.448366 0.009559 0.041830
0 0.686397 0.443790 0.012500 0.045752
0 0.606176 0.495425 0.010294 0.054902
0 0.602132 0.465359 0.008088 0.039216
0 0.600662 0.490196 0.009559 0.031373
0 0.545956 0.494118 0.013971 0.047059
0 0.420588 0.406536 0.011765 0.033987
0 0.436029 0.300458 0.010294 0.040523
0 0.442279 0.309804 0.006608 0.039216
0 0.452206 0.300654 0.000294 0.039216
0 0.464706 0.315033 0.008824 0.020915
0 0.463235 0.310458 0.008824 0.022222
0 0.453309 0.084967 0.005147 0.030065
0 0.454779 0.159477 0.005147 0.015686
0 0.303676 0.340830 0.013235 0.043137
0 0.384559 0.187582 0.007353 0.027451
0 0.404402 0.195425 0.005882 0.030065
0 0.400103 0.188235 0.006618 0.026144
0 0.377940 0.141176 0.005882 0.026144
0 0.373897 0.041830 0.005147 0.024837
0 0.368382 0.154248 0.005882 0.026144
0 0.395588 0.169935 0.008824 0.026144
0 0.436765 0.007190 0.004412 0.020915
0 0.433456 0.007843 0.005147 0.022222
0 0.207647 0.054248 0.004412 0.016993
0 0.319485 0.126144 0.005147 0.019608
0 0.344485 0.092157 0.003676 0.014379
0 0.320956 0.060131 0.003676 0.013072
0 0.273897 0.005882 0.003676 0.001765
