0 0.495052 0.691204 0.007812 0.037963
0 0.512760 0.650463 0.009896 0.037963
0 0.518229 0.581019 0.008333 0.034259
0 0.583854 0.493056 0.008333 0.032407
0 0.565004 0.446759 0.005208 0.025000
0 0.503802 0.459259 0.003646 0.024074
0 0.502344 0.456009 0.005729 0.030556
0 0.507030 0.462500 0.003646 0.017593
0 0.475780 0.451852 0.004687 0.018519
0 0.475000 0.455093 0.004067 0.017593
0 0.490365 0.460648 0.005729 0.019444
0 0.490885 0.465278 0.004687 0.017593
0 0.496094 0.406481 0.004687 0.020370
0 0.492448 0.399074 0.003646 0.016667
0 0.478646 0.401852 0.004167 0.018519
0 0.472135 0.395833 0.003646 0.015741
0 0.469531 0.382407 0.004687 0.016667
0 0.483073 0.386574 0.003646 0.015741
0 0.489844 0.376852 0.003646 0.014815
0 0.485156 0.362037 0.002604 0.011111
0 0.476562 0.287963 0.002083 0.001111
0 0.485677 0.301111 0.002604 0.012963
0 0.480469 0.320833 0.002604 0.010185
0 0.355729 0.831019 0.012500 0.062037
0 0.357812 0.628241 0.010417 0.034259
0 0.347135 0.693981 0.011979 0.041667
0 0.330510 0.693981 0.013021 0.056481
0 0.300000 0.500463 0.006250 0.032407
