0 0.918382 0.700000 0.023529 0.092810
0 0.947059 0.636601 0.027941 0.088889
0 0.678309 0.258070 0.011029 0.053595
0 0.687032 0.260131 0.011029 0.060131
0 0.600103 0.092810 0.006618 0.033987
0 0.604338 0.103922 0.008088 0.032680
0 0.609118 0.116993 0.008824 0.035294
0 0.620324 0.097386 0.007353 0.032680
0 0.625000 0.003922 0.007353 0.032680
0 0.630618 0.196732 0.010294 0.045752
0 0.639338 0.200654 0.009559 0.040523
0 0.711397 0.105882 0.008088 0.020915
0 0.475000 0.069280 0.005882 0.026144
0 0.657353 0.411111 0.017647 0.064052
0 0.633088 0.300000 0.011765 0.048366
0 0.591176 0.157516 0.010294 0.032680
0 0.579044 0.060031 0.006618 0.018301
0 0.604402 0.035294 0.007353 0.026144
0 0.489706 0.088889 0.007353 0.020915
0 0.434559 0.267974 0.013235 0.044444
0 0.437500 0.270588 0.014706 0.044444
0 0.403603 0.067974 0.005147 0.023529
0 0.409559 0.069280 0.005882 0.023529
0 0.430985 0.024183 0.005147 0.024837
0 0.498529 0.006536 0.004402 0.013072
