0 0.140441 0.756209 0.017647 0.043137
0 0.017279 0.624183 0.018382 0.040523
0 0.008456 0.600654 0.016912 0.043137
0 0.107721 0.556863 0.013971 0.033987
0 0.121324 0.569935 0.014706 0.039216
0 0.147426 0.452941 0.011029 0.035294
0 0.096324 0.435948 0.013235 0.032680
0 0.198529 0.393464 0.011765 0.026144
0 0.062132 0.379085 0.008088 0.036601
0 0.067647 0.378431 0.008824 0.035294
0 0.249265 0.378430 0.007353 0.037908
0 0.262500 0.373203 0.007353 0.032680
0 0.394853 0.434641 0.008824 0.032680
0 0.307720 0.331373 0.006618 0.030065
0 0.293382 0.306536 0.005882 0.030065
0 0.304044 0.304575 0.006608 0.028758
0 0.322426 0.332026 0.005047 0.026144
0 0.326003 0.331373 0.005147 0.030065
0 0.328676 0.334640 0.005882 0.031373
0 0.323062 0.308497 0.005147 0.026144
0 0.326838 0.301765 0.005147 0.022222
0 0.334091 0.314379 0.005147 0.030065
0 0.338970 0.320261 0.004412 0.018301
0 0.339706 0.305229 0.002941 0.014379
0 0.340809 0.302418 0.005147 0.033987
0 0.322426 0.297386 0.006608 0.030065
0 0.328309 0.302604 0.005147 0.024837
0 0.334559 0.304379 0.005882 0.030065
0 0.334559 0.305882 0.005882 0.026044
0 0.360397 0.256209 0.005147 0.023529
0 0.380250 0.256863 0.003676 0.019608
0 0.385662 0.258070 0.005147 0.024837
0 0.390176 0.255556 0.004412 0.024837
0 0.398062 0.251634 0.005147 0.024837
0 0.420220 0.160131 0.002206 0.014379
0 0.424632 0.061438 0.002206 0.014379
0 0.442279 0.049673 0.002206 0.014379
0 0.452206 0.038562 0.002941 0.015686
0 0.452206 0.022876 0.002941 0.013072
0 0.445956 0.023529 0.002206 0.014379
0 0.460294 0.109150 0.002941 0.011765
0 0.440074 0.000000 0.002206 0.009150
0 0.447059 0.000654 0.002941 0.010458
0 0.443750 0.001961 0.002206 0.010458
0 0.503309 0.138562 0.003676 0.010458
0 0.470956 0.193464 0.003676 0.018301
0 0.503971 0.198039 0.004412 0.019608
0 0.721324 0.435294 0.008824 0.033987
0 0.513971 0.433987 0.008824 0.028758
0 0.526103 0.428105 0.009559 0.032680
0 0.655047 0.312418 0.004412 0.028758
0 0.660294 0.303922 0.005882 0.027450
0 0.670588 0.304379 0.005882 0.032680
0 0.589706 0.284967 0.005882 0.023529
0 0.600000 0.267974 0.004412 0.020915
0 0.601765 0.274510 0.007353 0.013072
0 0.604706 0.210458 0.004412 0.023529
0 0.565440 0.167974 0.002941 0.016993
0 0.527941 0.099346 0.002941 0.007843
0 0.513235 0.075163 0.002941 0.006536
0 0.528676 0.078430 0.001471 0.007843
