0 0.460662 0.839869 0.003971 0.050980
0 0.502206 0.821569 0.010294 0.032680
0 0.325368 0.487582 0.008088 0.033987
0 0.365809 0.320905 0.005147 0.019608
0 0.369853 0.305686 0.005882 0.027451
0 0.495588 0.345098 0.005882 0.018301
0 0.477206 0.256209 0.004402 0.018301
0 0.459191 0.264052 0.005147 0.015686
0 0.466544 0.249673 0.005147 0.013072
0 0.452574 0.220915 0.005147 0.013072
0 0.425735 0.224183 0.002941 0.014379
0 0.411765 0.173203 0.004412 0.014379
0 0.700103 0.474510 0.005147 0.033987
0 0.695220 0.465359 0.005147 0.031373
0 0.698529 0.469280 0.005882 0.033987
0 0.715074 0.516993 0.009559 0.022222
0 0.712868 0.511765 0.009559 0.022222
0 0.430505 0.122876 0.003676 0.013072
