0 0.308015 0.870588 0.008088 0.018301
0 0.301029 0.874510 0.007353 0.018301
0 0.313971 0.728105 0.007353 0.015686
0 0.399265 0.788889 0.007353 0.014379
0 0.530882 0.873856 0.007353 0.001765
0 0.538970 0.870588 0.007353 0.013072
0 0.736397 0.789542 0.006608 0.007843
0 0.783824 0.756209 0.007353 0.001765
0 0.784559 0.770895 0.007353 0.011765
0 0.958824 0.670895 0.010294 0.013072
0 0.740440 0.777778 0.005882 0.013072
0 0.733824 0.779739 0.005882 0.001765
0 0.915074 0.777778 0.008088 0.013072
0 0.820956 0.760784 0.008088 0.013072
0 0.302206 0.407090 0.014706 0.016993
0 0.430985 0.036601 0.021324 0.073203
0 0.320691 0.222876 0.009559 0.014379
0 0.329779 0.042484 0.009559 0.013072
0 0.472426 0.292157 0.008088 0.014379
0 0.652206 0.070588 0.005882 0.016993
0 0.664338 0.075817 0.006618 0.011765
0 0.562500 0.116993 0.008824 0.011765
0 0.564338 0.106536 0.008088 0.011765
0 0.478309 0.290850 0.005147 0.011765
0 0.782721 0.166667 0.008088 0.011765
0 0.960662 0.507190 0.009559 0.015686
0 0.820588 0.748366 0.007353 0.009150
0 0.747059 0.899346 0.007353 0.003072
0 0.746324 0.902418 0.007353 0.013072
0 0.737032 0.940523 0.003676 0.009150
0 0.739338 0.948366 0.005047 0.009150
0 0.939706 0.764706 0.007353 0.013072
0 0.926471 0.775163 0.007353 0.013072
0 0.954044 0.760784 0.008088 0.013072
0 0.976471 0.779085 0.007353 0.013072
0 0.965809 0.691503 0.008088 0.013072
0 0.863235 0.705882 0.007353 0.013072
0 0.907353 0.696732 0.007353 0.013072
0 0.978309 0.686275 0.008088 0.013072
0 0.985294 0.682353 0.007353 0.013072
0 0.993382 0.682353 0.007353 0.013072
0 0.934559 0.726797 0.007353 0.003072
0 0.927940 0.722222 0.007353 0.011765
