0 0.494792 0.372222 0.004167 0.011111
0 0.503125 0.370370 0.004167 0.011111
0 0.509896 0.366667 0.005208 0.011111
0 0.489063 0.440741 0.005208 0.014815
0 0.475521 0.459259 0.005208 0.014815
0 0.461979 0.533333 0.007292 0.022222
0 0.534896 0.520370 0.005208 0.018519
0 0.519792 0.538889 0.006250 0.022222
0 0.519271 0.537963 0.007292 0.024074
0 0.431250 0.633333 0.010417 0.025926
0 0.438021 0.653704 0.009375 0.025926
0 0.425521 0.687963 0.009375 0.031481
0 0.440625 0.699074 0.010417 0.031481
0 0.494271 0.792593 0.009375 0.033333
0 0.463542 0.800926 0.016667 0.042593
0 0.465625 0.791667 0.010417 0.035185
0 0.416146 0.822222 0.009375 0.040741
0 0.411979 0.829630 0.011458 0.040741
0 0.374479 0.750926 0.009375 0.053704
0 0.384896 0.750000 0.009375 0.050852
0 0.140104 0.937037 0.017708 0.051852
0 0.454687 0.507407 0.007292 0.014815
