0 0.356618 0.523529 0.013235 0.045752
0 0.355515 0.583007 0.012500 0.036601
0 0.296324 0.500000 0.000294 0.045752
0 0.804402 0.757516 0.013235 0.061438
0 0.804779 0.751634 0.009559 0.028758
0 0.620220 0.197386 0.005147 0.020915
0 0.555147 0.327451 0.005882 0.022222
0 0.409559 0.331373 0.007353 0.027451
0 0.366076 0.456863 0.008824 0.048366
0 0.001471 0.379085 0.008824 0.039216
0 0.043750 0.433987 0.002500 0.026144
0 0.224632 0.430065 0.009559 0.036600
0 0.229402 0.426797 0.008824 0.037908
0 0.230985 0.422876 0.008088 0.040523
0 0.234559 0.409804 0.007353 0.032680
0 0.205074 0.418954 0.009559 0.035294
0 0.091912 0.411111 0.010294 0.037908
0 0.205047 0.408497 0.008824 0.035294
0 0.207353 0.398693 0.008824 0.033987
0 0.080515 0.416340 0.008088 0.030065
0 0.082721 0.414379 0.006618 0.028758
0 0.066176 0.398039 0.007353 0.032680
0 0.208456 0.387582 0.008088 0.035294
0 0.072794 0.465359 0.011765 0.015686
0 0.440441 0.161438 0.004412 0.014379
0 0.448162 0.125490 0.003676 0.013072
0 0.456985 0.124837 0.002206 0.014379
0 0.485294 0.095425 0.002940 0.015686
