0 0.067279 0.608497 0.015441 0.024837
0 0.350471 0.572549 0.016176 0.020915
0 0.246690 0.186928 0.018382 0.020915
0 0.589338 0.208301 0.011029 0.015686
0 0.593382 0.235294 0.007353 0.000458
0 0.503309 0.424837 0.002500 0.020915
0 0.837868 0.675807 0.016912 0.047059
0 0.958456 0.609608 0.025735 0.028758
0 0.803603 0.713725 0.013971 0.028758
0 0.829044 0.720905 0.011029 0.022222
0 0.901029 0.452288 0.016176 0.028758
0 0.094853 0.447702 0.025000 0.022222
0 0.904044 0.098039 0.005441 0.031373
0 0.755047 0.640523 0.027941 0.031373
