0 0.358456 0.608954 0.024265 0.087582
0 0.534559 0.462092 0.007647 0.066667
0 0.466544 0.396732 0.003971 0.066667
0 0.448529 0.405882 0.004706 0.066667
0 0.435294 0.384967 0.004706 0.066667
0 0.422794 0.399346 0.003235 0.069281
0 0.400368 0.385620 0.013971 0.075817
0 0.362500 0.367974 0.006176 0.064052
0 0.384926 0.282353 0.002500 0.062745
0 0.035294 0.278431 0.013235 0.060131
0 0.682353 0.387582 0.003235 0.069281
0 0.722794 0.340830 0.011765 0.032680
0 0.737500 0.266003 0.013235 0.058824
0 0.750103 0.270588 0.011029 0.057516
0 0.838970 0.356209 0.011765 0.061438
0 0.894018 0.354248 0.017647 0.065359
0 0.909485 0.356209 0.021324 0.058824
0 0.801765 0.465359 0.016176 0.065359
0 0.798897 0.464052 0.005441 0.062745
0 0.797059 0.375807 0.010294 0.035294
0 0.778309 0.384967 0.008382 0.069281
0 0.788970 0.366013 0.013235 0.060131
0 0.040074 0.097386 0.015441 0.047059
0 0.048162 0.164706 0.012500 0.049673
0 0.065441 0.158824 0.010294 0.048366
0 0.285662 0.235294 0.008382 0.047059
0 0.300000 0.228758 0.004706 0.044444
0 0.302868 0.245752 0.008088 0.049673
0 0.302500 0.226144 0.011765 0.039216
0 0.509091 0.147059 0.011029 0.043137
0 0.570956 0.005229 0.008088 0.035294
0 0.559559 0.008497 0.005882 0.018301
0 0.550103 0.085621 0.006618 0.037908
0 0.702132 0.084967 0.011029 0.036601
0 0.763235 0.092057 0.014706 0.043137
0 0.735294 0.072549 0.007353 0.035294
0 0.750368 0.065359 0.002500 0.036601
0 0.763603 0.058070 0.009559 0.032680
0 0.774632 0.052288 0.009559 0.033987
0 0.832720 0.102614 0.006618 0.016993
0 0.906985 0.035948 0.011029 0.044444
0 0.863970 0.108497 0.011765 0.039216
0 0.844018 0.098693 0.008824 0.037908
0 0.826470 0.071242 0.008824 0.035294
0 0.020956 0.021569 0.011029 0.039216
0 0.059091 0.107843 0.011029 0.037908
0 0.071691 0.136601 0.008088 0.035294
0 0.263970 0.129412 0.008824 0.036601
0 0.283824 0.020915 0.007353 0.035294
0 0.290176 0.120261 0.007353 0.036601
0 0.362500 0.010458 0.010294 0.037908
0 0.369853 0.006536 0.007353 0.040523
0 0.332353 0.069935 0.005882 0.035294
0 0.399265 0.088235 0.004402 0.032680
0 0.405882 0.094018 0.004412 0.026144
0 0.429044 0.094018 0.005147 0.028758
0 0.450838 0.100654 0.006618 0.039216
0 0.508088 0.090503 0.005882 0.036601
0 0.503676 0.024183 0.007353 0.033987
0 0.495220 0.084967 0.005147 0.033987
0 0.480882 0.080699 0.005882 0.035294
0 0.664338 0.067320 0.008088 0.035294
0 0.653676 0.065359 0.005882 0.033987
0 0.640544 0.067974 0.008088 0.026144
0 0.634926 0.064052 0.008088 0.026044
0 0.723897 0.047702 0.008088 0.035294
0 0.795588 0.043037 0.007353 0.036601
0 0.969485 0.054248 0.008088 0.035294
0 0.887868 0.094770 0.008088 0.035294
0 0.880250 0.093464 0.009559 0.035294
0 0.862868 0.090096 0.006618 0.031373
0 0.850103 0.083660 0.005147 0.028758
0 0.835294 0.064052 0.007353 0.036600
0 0.806912 0.061438 0.007353 0.033987
0 0.733088 0.043037 0.007353 0.036601
0 0.608456 0.058070 0.005147 0.032680
0 0.625368 0.059477 0.005047 0.032680
0 0.580618 0.076471 0.004412 0.030065
0 0.586029 0.079085 0.004402 0.019608
0 0.573062 0.078431 0.006618 0.033987
0 0.455882 0.049020 0.005882 0.032680
0 0.446690 0.050327 0.006618 0.030065
0 0.430047 0.078431 0.005882 0.026144
0 0.425735 0.077024 0.005882 0.033987
0 0.302940 0.127451 0.007353 0.032680
0 0.323529 0.026144 0.007353 0.030065
0 0.270220 0.020261 0.008088 0.027451
0 0.051103 0.102614 0.009559 0.037908
0 0.062868 0.086928 0.009559 0.030065
0 0.082353 0.146405 0.010294 0.031373
0 0.081985 0.126144 0.006618 0.030065
0 0.077574 0.123529 0.006618 0.030065
0 0.200735 0.038562 0.008824 0.044444
0 0.208750 0.144444 0.008088 0.035294
0 0.228309 0.041830 0.006618 0.035294
0 0.302500 0.069935 0.005882 0.032680
0 0.322426 0.067974 0.005047 0.033987
0 0.404779 0.088235 0.005047 0.032680
0 0.698529 0.050634 0.005882 0.035294
0 0.693382 0.033987 0.005882 0.028758
0 0.697794 0.030373 0.005882 0.028758
0 0.702574 0.039206 0.005147 0.028758
0 0.744853 0.047059 0.007353 0.023529
0 0.750000 0.044444 0.007353 0.033987
0 0.901765 0.101961 0.008824 0.033987
0 0.906544 0.315033 0.008088 0.041830
0 0.934559 0.333987 0.001765 0.056209
0 0.872794 0.313072 0.014706 0.045752
0 0.958456 0.311765 0.013971 0.030065
0 0.943015 0.314379 0.015441 0.053595
0 0.964706 0.108497 0.007353 0.018301
0 0.955147 0.107190 0.005882 0.018301
0 0.949632 0.107190 0.005147 0.020915
0 0.934559 0.104575 0.008824 0.020915
0 0.927206 0.109150 0.005882 0.024837
0 0.921691 0.110458 0.009559 0.022222
0 0.908088 0.092157 0.007353 0.022222
0 0.903676 0.085621 0.011765 0.024837
0 0.896691 0.079739 0.008088 0.023529
0 0.888603 0.080392 0.006608 0.032680
0 0.955505 0.091503 0.009559 0.041830
0 0.925735 0.052288 0.007353 0.030373
0 0.873062 0.075163 0.011029 0.040523
0 0.849632 0.064706 0.006608 0.030065
0 0.858824 0.080699 0.007353 0.040523
0 0.839338 0.067320 0.009559 0.031373
0 0.597426 0.582353 0.009853 0.079739
0 0.577574 0.590503 0.019853 0.079739
0 0.528309 0.663399 0.022794 0.090096
0 0.538603 0.638562 0.002500 0.082353
0 0.017279 0.716340 0.034559 0.081046
0 0.352941 0.125490 0.005882 0.018301
0 0.346324 0.126144 0.005882 0.019608
0 0.330250 0.126144 0.008088 0.027451
0 0.241912 0.141830 0.008824 0.022222
0 0.249632 0.138562 0.009559 0.020915
0 0.259559 0.138562 0.007353 0.020915
0 0.206618 0.143137 0.010294 0.022222
0 0.078309 0.152288 0.006618 0.022222
0 0.380985 0.116340 0.008088 0.018301
0 0.390176 0.116993 0.007353 0.016993
0 0.680047 0.011111 0.005882 0.022222
0 0.669485 0.002418 0.005147 0.024837
0 0.670691 0.015686 0.005147 0.018301
