0 0.970220 0.714379 0.030147 0.077124
0 0.768750 0.767974 0.027206 0.077024
0 0.753309 0.708301 0.018382 0.079739
0 0.768005 0.729412 0.019853 0.070588
0 0.922426 0.600654 0.024265 0.064052
0 0.065809 0.535948 0.021324 0.041830
0 0.065441 0.524183 0.020588 0.033987
0 0.387500 0.279085 0.001765 0.056209
0 0.452574 0.200654 0.009559 0.043037
0 0.430618 0.177124 0.008824 0.043137
0 0.370220 0.208497 0.008088 0.043137
0 0.325368 0.206340 0.012500 0.037908
0 0.327574 0.209804 0.002500 0.043137
0 0.303676 0.083007 0.008824 0.041830
0 0.303971 0.179085 0.008824 0.036601
0 0.256985 0.053595 0.012500 0.040523
0 0.054779 0.300307 0.016912 0.050980
0 0.045588 0.295425 0.013235 0.033987
0 0.033456 0.294118 0.013971 0.031373
0 0.048529 0.218954 0.011765 0.024837
0 0.045588 0.200000 0.003235 0.036601
0 0.050103 0.195425 0.015441 0.043137
0 0.074632 0.147059 0.012500 0.035294
0 0.050103 0.111111 0.011029 0.033987
0 0.017279 0.147059 0.012500 0.022222
0 0.017647 0.141830 0.011765 0.024837
0 0.039706 0.056863 0.010294 0.022222
0 0.027206 0.034640 0.008824 0.030065
0 0.165074 0.065359 0.008088 0.020915
0 0.219853 0.045098 0.007353 0.024837
0 0.280985 0.020261 0.005147 0.022222
0 0.275000 0.002418 0.008824 0.024837
0 0.282720 0.012418 0.006618 0.024837
0 0.357353 0.002614 0.005882 0.030065
0 0.363603 0.098039 0.008088 0.030373
0 0.367647 0.086275 0.007353 0.030373
0 0.364706 0.088235 0.007353 0.027450
0 0.366544 0.015033 0.008088 0.031373
0 0.375000 0.010458 0.008824 0.030065
0 0.380882 0.012418 0.007353 0.028758
0 0.387500 0.011765 0.008824 0.030065
0 0.398529 0.003268 0.007353 0.023529
0 0.404402 0.101961 0.008824 0.026144
0 0.502132 0.228758 0.011029 0.041830
0 0.565440 0.255556 0.011765 0.048366
0 0.568750 0.230065 0.009559 0.039206
0 0.519485 0.192810 0.009559 0.027451
0 0.560029 0.301307 0.010294 0.048366
0 0.794018 0.546405 0.017647 0.065359
0 0.382720 0.573203 0.016912 0.071895
0 0.366544 0.568627 0.006912 0.081046
0 0.354044 0.580699 0.013971 0.049673
0 0.278676 0.624837 0.023529 0.057516
0 0.317279 0.696078 0.021324 0.048366
0 0.724265 0.752941 0.026471 0.073203
0 0.291912 0.206536 0.011765 0.036601
