0 0.556250 0.433987 0.008088 0.026044
0 0.551103 0.489542 0.006618 0.022222
0 0.550735 0.482353 0.008824 0.026144
0 0.687868 0.414379 0.006618 0.020915
0 0.595956 0.250980 0.005047 0.023529
0 0.595588 0.217647 0.005882 0.011765
0 0.601397 0.241830 0.005147 0.018301
0 0.613235 0.260131 0.005882 0.015686
0 0.618015 0.254248 0.005147 0.011765
0 0.620324 0.250980 0.004412 0.018301
0 0.606912 0.244444 0.004412 0.018301
0 0.377206 0.174510 0.004412 0.014379
0 0.388971 0.143791 0.004412 0.007843
0 0.465441 0.226144 0.004412 0.013072
0 0.473897 0.283007 0.006618 0.019608
0 0.491544 0.209150 0.005147 0.013072
0 0.448529 0.054248 0.002941 0.013072
0 0.450735 0.164706 0.002941 0.010458
0 0.454044 0.182353 0.005147 0.009150
0 0.438971 0.216340 0.005882 0.009150
0 0.508824 0.209150 0.004412 0.010458
0 0.470956 0.335294 0.005147 0.019608
0 0.630505 0.310458 0.006618 0.022222
0 0.734926 0.503072 0.006618 0.032680
0 0.910294 0.862745 0.014706 0.026144
0 0.919118 0.877124 0.014706 0.026144
0 0.865809 0.820260 0.013971 0.050980
0 0.887032 0.793464 0.008088 0.049673
0 0.880250 0.779739 0.012500 0.050980
0 0.873529 0.760784 0.004706 0.047059
0 0.800471 0.781699 0.014706 0.052288
0 0.348897 0.566003 0.013971 0.047059
0 0.364338 0.560031 0.013971 0.048366
