0 0.973062 0.013725 0.008088 0.027451
0 0.958088 0.060031 0.007353 0.026144
0 0.953309 0.054248 0.001029 0.032680
0 0.925735 0.120261 0.004412 0.020915
0 0.924632 0.116993 0.009559 0.027451
0 0.770324 0.025490 0.007353 0.027451
0 0.767279 0.023529 0.006618 0.018301
0 0.759559 0.032680 0.008824 0.020915
0 0.749632 0.041176 0.008088 0.022222
0 0.739706 0.054248 0.008824 0.024837
0 0.730147 0.071895 0.007353 0.026144
0 0.723529 0.087582 0.007353 0.020915
0 0.720956 0.091503 0.008088 0.026144
0 0.714338 0.115033 0.008088 0.013072
0 0.713603 0.126144 0.012500 0.027451
0 0.710662 0.151634 0.008088 0.026144
0 0.709191 0.161438 0.008088 0.030065
0 0.778676 0.024183 0.007353 0.036601
0 0.770324 0.128758 0.007353 0.035294
0 0.752940 0.185621 0.007353 0.039216
0 0.746690 0.183007 0.008088 0.036601
0 0.938970 0.007843 0.004412 0.015686
0 0.907647 0.011111 0.005882 0.022222
0 0.844018 0.509804 0.023529 0.049673
0 0.808750 0.496732 0.021324 0.049673
0 0.787500 0.482353 0.006176 0.044444
0 0.688235 0.287582 0.001765 0.041830
0 0.620220 0.216340 0.008088 0.040523
0 0.657353 0.064052 0.008824 0.037908
0 0.593750 0.269280 0.012500 0.041830
0 0.583088 0.298693 0.000294 0.045752
0 0.569018 0.290196 0.008824 0.039216
0 0.545956 0.226797 0.006608 0.040523
0 0.501765 0.192810 0.008824 0.037908
0 0.501765 0.179739 0.007353 0.035294
0 0.507353 0.422222 0.003235 0.044444
0 0.505505 0.515686 0.008088 0.043137
0 0.609091 0.486928 0.009559 0.037908
0 0.581985 0.494771 0.011029 0.024837
0 0.600735 0.505882 0.010294 0.026144
0 0.598529 0.521569 0.008824 0.028758
0 0.612132 0.537255 0.011029 0.026144
0 0.534559 0.000458 0.005882 0.020915
0 0.509485 0.011765 0.008088 0.023529
0 0.487032 0.013725 0.005147 0.027451
0 0.453676 0.007843 0.007353 0.015686
0 0.442647 0.007843 0.005882 0.015686
0 0.401103 0.007190 0.006618 0.014379
0 0.377206 0.000458 0.007353 0.020915
0 0.386765 0.064706 0.008824 0.035294
0 0.377574 0.066667 0.006618 0.023529
0 0.370220 0.064052 0.006618 0.033987
0 0.455882 0.290503 0.007353 0.039216
0 0.387500 0.294770 0.011765 0.043137
0 0.378676 0.290503 0.008824 0.044444
0 0.388603 0.394018 0.011029 0.045752
0 0.389338 0.383660 0.008088 0.037908
0 0.429779 0.643037 0.012500 0.052288
0 0.433456 0.856209 0.009559 0.030373
0 0.429044 0.889542 0.008382 0.058824
0 0.403971 0.888235 0.013235 0.061438
0 0.393750 0.907647 0.013971 0.054902
0 0.388235 0.701765 0.014706 0.056209
0 0.376470 0.709804 0.014706 0.052288
0 0.321691 0.850327 0.016912 0.066667
0 0.300471 0.833333 0.019118 0.061438
0 0.277940 0.769935 0.020588 0.052288
0 0.311397 0.682353 0.013971 0.023529
0 0.308088 0.635294 0.019118 0.031373
0 0.284091 0.588889 0.006618 0.035294
0 0.256985 0.677778 0.001029 0.050980
0 0.253309 0.669280 0.012500 0.052288
0 0.248162 0.664052 0.006618 0.023529
0 0.300000 0.408301 0.008824 0.044444
0 0.279044 0.528005 0.011029 0.047059
0 0.264706 0.558824 0.003235 0.043137
0 0.252206 0.542484 0.000294 0.052288
0 0.266912 0.537908 0.013235 0.024837
0 0.277574 0.483007 0.013971 0.030065
0 0.278309 0.469281 0.011029 0.026144
0 0.263603 0.472549 0.009559 0.040523
0 0.280985 0.425490 0.009559 0.027451
0 0.275000 0.408301 0.010294 0.026144
0 0.303235 0.016993 0.007353 0.033987
0 0.306250 0.006340 0.008088 0.032680
0 0.292647 0.047702 0.007353 0.037908
0 0.274632 0.035948 0.006608 0.035294
0 0.322426 0.098039 0.006608 0.033987
0 0.326838 0.209804 0.009559 0.040523
0 0.302500 0.218301 0.008824 0.041830
0 0.286765 0.203725 0.010294 0.040523
0 0.303971 0.158824 0.007353 0.040523
0 0.306985 0.067974 0.006618 0.037908
0 0.300368 0.092800 0.005147 0.020915
0 0.269853 0.094770 0.005882 0.022222
0 0.282353 0.094018 0.008824 0.028758
0 0.292647 0.108497 0.005882 0.020915
0 0.290074 0.101307 0.006618 0.019608
0 0.295221 0.092157 0.005147 0.016993
0 0.293015 0.090850 0.006618 0.019608
0 0.291912 0.083660 0.005882 0.020915
0 0.288235 0.080392 0.005882 0.016993
0 0.289338 0.098039 0.006618 0.020915
0 0.200103 0.821569 0.016912 0.045752
0 0.180515 0.830719 0.015441 0.030065
0 0.057353 0.850980 0.019118 0.052288
0 0.161765 0.829412 0.017647 0.056209
0 0.077941 0.806536 0.016176 0.052288
0 0.152574 0.701307 0.018382 0.035294
0 0.206618 0.667320 0.016176 0.030065
0 0.204779 0.650980 0.015441 0.028758
0 0.217279 0.629412 0.016912 0.027451
0 0.242647 0.381699 0.013235 0.026144
0 0.240441 0.369935 0.010294 0.020915
0 0.204338 0.352941 0.012500 0.041830
0 0.175735 0.384967 0.011765 0.019608
0 0.059926 0.382353 0.013971 0.043137
0 0.032353 0.504379 0.014706 0.045752
0 0.045588 0.496732 0.003235 0.047059
0 0.027574 0.497386 0.003971 0.050980
0 0.040176 0.481046 0.013235 0.044444
0 0.041544 0.465359 0.006618 0.023529
0 0.184559 0.317647 0.013235 0.039216
0 0.003309 0.320261 0.009559 0.031373
0 0.199265 0.258170 0.008824 0.024837
0 0.200368 0.250327 0.008088 0.022222
0 0.223162 0.293464 0.013971 0.035294
0 0.200000 0.207647 0.008824 0.032680
0 0.200368 0.206536 0.009559 0.036600
0 0.237500 0.097386 0.008824 0.033987
0 0.242279 0.086928 0.006618 0.036601
0 0.263235 0.175163 0.008824 0.020915
0 0.263235 0.167320 0.008824 0.020915
0 0.235294 0.034641 0.007353 0.036601
0 0.203676 0.167974 0.010294 0.027451
0 0.202940 0.133987 0.007353 0.032680
0 0.209926 0.037908 0.006618 0.030065
0 0.208382 0.128758 0.007353 0.030065
0 0.226103 0.132680 0.009559 0.019608
0 0.221324 0.120261 0.007353 0.033987
0 0.226838 0.099346 0.011029 0.026144
0 0.245588 0.080392 0.008824 0.037908
0 0.254779 0.068627 0.009559 0.024837
0 0.234926 0.070895 0.006618 0.028758
0 0.243382 0.059477 0.007353 0.030065
0 0.248897 0.056209 0.006608 0.028758
0 0.167279 0.043137 0.008088 0.028758
