0 0.367647 0.570242 0.026471 0.083660
0 0.805147 0.622876 0.023529 0.040523
0 0.822426 0.626797 0.001029 0.032680
0 0.934559 0.626144 0.025000 0.041830
0 0.505882 0.401961 0.020588 0.064052
0 0.480618 0.384967 0.014706 0.066667
0 0.469853 0.388235 0.000294 0.070588
0 0.447059 0.362745 0.001765 0.071895
0 0.458088 0.360784 0.001765 0.065359
0 0.289706 0.435294 0.004706 0.067974
0 0.284091 0.528758 0.018382 0.053595
0 0.252206 0.490503 0.026471 0.073203
0 0.248529 0.367320 0.001765 0.057516
0 0.291544 0.345098 0.012500 0.044444
0 0.280250 0.320915 0.011029 0.043137
0 0.307353 0.320915 0.016176 0.048366
0 0.304706 0.354248 0.013235 0.044444
