0 0.478676 0.960784 0.001765 0.047059
0 0.723062 0.866013 0.009559 0.035294
0 0.545588 0.578431 0.008824 0.022222
0 0.564338 0.500961 0.006618 0.026144
0 0.570956 0.500961 0.008088 0.026144
0 0.363603 0.392810 0.008088 0.019608
0 0.451471 0.427451 0.007353 0.023529
0 0.451103 0.429412 0.005147 0.016993
0 0.459559 0.429402 0.005882 0.024837
0 0.465074 0.426797 0.005047 0.022222
0 0.464706 0.422222 0.004402 0.026144
0 0.533456 0.357506 0.005147 0.019608
0 0.552574 0.360438 0.005147 0.022222
0 0.543750 0.350327 0.005047 0.020915
0 0.538235 0.345098 0.004402 0.020915
0 0.550368 0.345098 0.005047 0.020915
0 0.534559 0.297386 0.004402 0.016993
0 0.526838 0.292057 0.005147 0.016993
0 0.408015 0.217647 0.002206 0.014379
0 0.513971 0.213725 0.004412 0.011765
0 0.508750 0.196732 0.003676 0.014379
0 0.468750 0.237908 0.003676 0.013072
0 0.465074 0.067974 0.003676 0.014379
0 0.509853 0.153595 0.002941 0.011765
0 0.479402 0.131373 0.002941 0.009150
