0 0.067087 0.899074 0.038542 0.072222
0 0.023437 0.930556 0.044792 0.079630
0 0.057812 0.899074 0.030208 0.068519
0 0.669792 0.545370 0.025000 0.083333
0 0.463020 0.567593 0.021875 0.079630
0 0.427083 0.587037 0.020833 0.059259
0 0.508333 0.403889 0.022917 0.061111
0 0.502604 0.439805 0.017708 0.053704
0 0.780729 0.225926 0.009792 0.055556
0 0.702083 0.089815 0.018750 0.053704
0 0.692087 0.162963 0.011458 0.048148
0 0.683854 0.069444 0.013542 0.046296
0 0.538020 0.177778 0.017708 0.051852
0 0.468750 0.334259 0.006667 0.057407
0 0.475520 0.342593 0.011458 0.059259
0 0.332803 0.221296 0.023958 0.046296
0 0.392088 0.205556 0.019792 0.048148
0 0.390667 0.174074 0.016667 0.051852
0 0.356250 0.076852 0.020833 0.061111
0 0.432292 0.071296 0.018750 0.057407
0 0.377083 0.046296 0.004583 0.048148
0 0.408333 0.056480 0.012500 0.042593
0 0.405625 0.054630 0.012500 0.042593
0 0.535417 0.079630 0.012500 0.033333
0 0.530250 0.121296 0.012500 0.053704
0 0.582292 0.062963 0.012500 0.044444
0 0.576042 0.200926 0.000417 0.053704
0 0.582802 0.203704 0.011458 0.048148
0 0.383854 0.019444 0.007292 0.042593
0 0.389583 0.018519 0.010417 0.040741
0 0.395303 0.116667 0.011458 0.044444
0 0.403646 0.016667 0.011458 0.044444
0 0.580208 0.056480 0.010417 0.046296
0 0.585407 0.052778 0.008333 0.042593
0 0.594270 0.052778 0.009375 0.050000
0 0.600520 0.059259 0.009375 0.044444
0 0.687500 0.086011 0.012500 0.042593
0 0.699479 0.093509 0.013542 0.050000
0 0.740004 0.108333 0.013542 0.057407
0 0.982802 0.092593 0.019792 0.044444
0 0.708333 0.025000 0.000417 0.042593
0 0.733333 0.046296 0.002500 0.048148
0 0.750563 0.077778 0.009375 0.033333
0 0.848958 0.082407 0.004583 0.053704
0 0.806667 0.097222 0.012500 0.050000
0 0.798958 0.062963 0.002500 0.040741
0 0.836979 0.020296 0.011458 0.038889
0 0.806146 0.025000 0.011458 0.046296
0 0.563020 0.013889 0.009375 0.027778
0 0.664583 0.007593 0.010417 0.035185
0 0.679067 0.016667 0.010417 0.033333
0 0.672907 0.016667 0.006250 0.033333
0 0.801979 0.071296 0.007292 0.038889
0 0.808229 0.072222 0.009375 0.040741
0 0.359896 0.878704 0.026042 0.068519
0 0.033333 0.234259 0.027083 0.060111
0 0.301979 0.096296 0.015625 0.044444
0 0.306667 0.151852 0.016667 0.055556
0 0.330729 0.003704 0.011458 0.055556
0 0.334896 0.006481 0.013542 0.042593
0 0.455208 0.020296 0.008333 0.038889
0 0.458854 0.026852 0.009375 0.035085
0 0.098437 0.017593 0.015625 0.035185
0 0.279687 0.007593 0.013542 0.035185
