0 0.727940 0.089542 0.007353 0.037908
0 0.980882 0.021569 0.008824 0.039216
0 0.975000 0.094770 0.007353 0.032680
0 0.888235 0.035948 0.010294 0.033987
0 0.840176 0.110458 0.010294 0.032680
0 0.847794 0.284967 0.001765 0.049673
0 0.897059 0.290850 0.003235 0.045752
0 0.550368 0.833333 0.020324 0.098039
0 0.500662 0.894118 0.022794 0.088889
0 0.469118 0.966667 0.033824 0.064052
0 0.740809 0.951634 0.030147 0.086275
0 0.705515 0.751634 0.024265 0.073203
0 0.711029 0.754902 0.013235 0.058824
0 0.791176 0.520915 0.020588 0.048366
0 0.623897 0.462745 0.016912 0.052288
0 0.629779 0.437255 0.015441 0.050980
0 0.629044 0.375817 0.013971 0.050980
0 0.034559 0.243137 0.010294 0.049673
0 0.230147 0.556209 0.022059 0.069281
0 0.237500 0.521569 0.022059 0.057516
0 0.337132 0.539869 0.021324 0.060131
0 0.482721 0.601307 0.019853 0.062745
0 0.877941 0.379739 0.014706 0.058824
0 0.960765 0.349020 0.013235 0.054902
0 0.850368 0.165359 0.006618 0.024837
0 0.851103 0.160131 0.006618 0.030065
0 0.840074 0.009150 0.008088 0.030065
0 0.886029 0.057506 0.005882 0.028758
0 0.886765 0.060784 0.005882 0.024837
0 0.965074 0.090503 0.009559 0.031373
0 0.972426 0.080392 0.008088 0.027450
0 0.937500 0.066667 0.008824 0.037908
0 0.805882 0.081046 0.005882 0.026144
0 0.883824 0.085621 0.005882 0.024837
0 0.876838 0.026797 0.006618 0.024837
0 0.774265 0.016993 0.007353 0.023529
0 0.890912 0.031373 0.007353 0.028758
