0 0.520833 0.570296 0.012500 0.061111
0 0.535407 0.577778 0.014583 0.059259
0 0.558854 0.602778 0.003542 0.064815
0 0.490004 0.462037 0.011458 0.046296
0 0.459896 0.392593 0.009375 0.037037
0 0.467708 0.385085 0.008333 0.040741
0 0.363020 0.234259 0.007292 0.027778
0 0.425000 0.499074 0.000417 0.035185
0 0.606667 0.912963 0.020833 0.059259
0 0.604583 0.893519 0.018750 0.053704
0 0.502604 0.656480 0.013542 0.042593
0 0.500520 0.648148 0.013542 0.051852
0 0.483854 0.503889 0.009375 0.042593
0 0.499479 0.502963 0.011458 0.040741
0 0.500042 0.517593 0.008333 0.031481
0 0.455208 0.474074 0.000417 0.037037
0 0.400520 0.427778 0.007292 0.033333
0 0.408333 0.376852 0.006250 0.027778
0 0.409271 0.412963 0.007292 0.029630
0 0.428646 0.387963 0.007292 0.035085
0 0.429067 0.397222 0.008333 0.027778
0 0.404583 0.443519 0.008333 0.027778
0 0.407187 0.450000 0.007292 0.025926
0 0.354687 0.566667 0.001458 0.051852
0 0.357292 0.565740 0.010417 0.031481
0 0.328646 0.295370 0.007292 0.024074
0 0.384896 0.285085 0.007292 0.025926
0 0.397396 0.262963 0.003025 0.022222
0 0.372907 0.267593 0.006250 0.020370
0 0.372907 0.275926 0.006250 0.022222
0 0.380771 0.262963 0.005208 0.022222
0 0.344270 0.249074 0.005208 0.024074
0 0.382802 0.231481 0.005208 0.022222
0 0.388020 0.230556 0.005208 0.024074
0 0.482802 0.442593 0.009375 0.044444
0 0.568750 0.779630 0.020833 0.088889
0 0.589583 0.767593 0.004583 0.079630
0 0.629687 0.833333 0.005625 0.077778
0 0.692708 0.888889 0.004583 0.085185
0 0.703025 0.800926 0.016667 0.068519
0 0.285938 0.407407 0.007292 0.025926
0 0.327604 0.429630 0.007292 0.033333
0 0.290004 0.309259 0.009375 0.037037
0 0.357802 0.198148 0.005208 0.018519
0 0.309375 0.230556 0.006250 0.027778
0 0.353025 0.245370 0.006250 0.020370
0 0.225000 0.710185 0.014583 0.046296
0 0.194271 0.709259 0.017708 0.048148
0 0.201563 0.700000 0.013542 0.040741
0 0.213021 0.696296 0.009375 0.037037
0 0.289583 0.961111 0.025000 0.059259
0 0.293750 0.940740 0.014583 0.066667
0 0.846875 0.886011 0.025000 0.083333
0 0.763542 0.852778 0.004583 0.075926
0 0.937500 0.862963 0.020833 0.062963
0 0.966146 0.878704 0.017708 0.057407
0 0.535937 0.271296 0.007292 0.024074
0 0.541667 0.271296 0.008333 0.024074
0 0.548958 0.271296 0.006250 0.024074
