0 0.593382 0.937255 0.022059 0.086275
0 0.395588 0.452941 0.020588 0.066667
0 0.424265 0.404575 0.017647 0.066667
0 0.708824 0.668627 0.009118 0.090196
0 0.730505 0.684314 0.021324 0.082353
0 0.752940 0.462092 0.020588 0.084967
0 0.665809 0.545098 0.005441 0.086275
0 0.640074 0.547712 0.018382 0.057516
0 0.706985 0.438562 0.009853 0.077124
0 0.960765 0.668627 0.026471 0.082353
0 0.955047 0.644444 0.025000 0.081046
0 0.253309 0.875807 0.024265 0.094118
0 0.233824 0.892800 0.025000 0.078431
0 0.276838 0.554248 0.008382 0.078431
0 0.209485 0.645752 0.019853 0.099346
0 0.207279 0.618301 0.012500 0.078431
0 0.240809 0.620915 0.022794 0.057516
0 0.078309 0.779085 0.025735 0.094018
0 0.050000 0.767320 0.023529 0.088889
0 0.009118 0.767974 0.030882 0.095425
0 0.390440 0.326144 0.008824 0.035294
0 0.393750 0.306340 0.008088 0.031373
0 0.400471 0.306536 0.011765 0.053595
0 0.405515 0.249020 0.006618 0.024837
0 0.404402 0.256863 0.013235 0.058824
0 0.387500 0.262745 0.001765 0.057516
0 0.750000 0.278431 0.013235 0.049673
0 0.805147 0.256863 0.014706 0.045752
0 0.860662 0.241830 0.016912 0.047059
0 0.878309 0.237908 0.012500 0.049673
0 0.890074 0.233987 0.009559 0.036601
0 0.490912 0.169281 0.010294 0.043137
0 0.438970 0.021569 0.010294 0.035294
0 0.265809 0.507843 0.008382 0.066667
0 0.270691 0.480392 0.013971 0.061438
0 0.245956 0.498693 0.005441 0.066667
0 0.247794 0.485620 0.010294 0.077124
0 0.012868 0.522876 0.022794 0.062745
0 0.600103 0.421569 0.016912 0.079739
0 0.609559 0.371895 0.014706 0.053595
0 0.429779 0.975817 0.036029 0.037908
0 0.654044 0.028758 0.003676 0.037908
0 0.650735 0.024183 0.007353 0.039216
0 0.523529 0.079085 0.000294 0.035294
0 0.532720 0.083007 0.009559 0.043137
0 0.426838 0.056863 0.006618 0.022222
0 0.434559 0.058070 0.005882 0.016993
0 0.476838 0.069935 0.009559 0.022222
