0 0.927574 0.709050 0.019853 0.077124
0 0.654779 0.638562 0.003971 0.082353
0 0.639706 0.653595 0.008824 0.047059
0 0.625735 0.645098 0.007647 0.074510
0 0.560765 0.364052 0.011765 0.056209
0 0.780505 0.447712 0.013971 0.056209
0 0.475000 0.205229 0.007353 0.039206
0 0.354044 0.085620 0.008088 0.032680
0 0.256250 0.016993 0.008088 0.037908
0 0.204779 0.393464 0.002500 0.057516
0 0.230250 0.057516 0.006618 0.023529
0 0.205047 0.167320 0.010294 0.036601
0 0.487032 0.444444 0.012500 0.044444
0 0.520691 0.451634 0.012500 0.048366
0 0.600471 0.663399 0.017647 0.058824
0 0.409853 0.587582 0.014706 0.053595
0 0.530618 0.371895 0.007353 0.056209
0 0.524265 0.373203 0.001765 0.053595
0 0.396690 0.224837 0.009559 0.033987
0 0.402500 0.344444 0.011765 0.050980
0 0.623529 0.247059 0.008824 0.047059
0 0.606176 0.224837 0.008824 0.039216
0 0.707647 0.333333 0.019118 0.054902
0 0.740074 0.307647 0.012500 0.057516
0 0.664706 0.342484 0.008824 0.052288
0 0.659091 0.332026 0.011029 0.049673
0 0.245588 0.209050 0.007353 0.039216
0 0.240440 0.213072 0.008824 0.031373
0 0.257353 0.203922 0.003235 0.044444
0 0.088971 0.287582 0.008824 0.044444
0 0.090441 0.285621 0.010294 0.045752
0 0.187132 0.391503 0.009559 0.030065
0 0.199632 0.391503 0.013971 0.032680
0 0.182353 0.392810 0.010294 0.024837
0 0.166176 0.766013 0.022059 0.049673
0 0.807279 0.378431 0.008088 0.043137
0 0.563603 0.060131 0.006618 0.035294
0 0.555505 0.170588 0.006618 0.032680
0 0.576470 0.138562 0.007353 0.031373
0 0.584091 0.137908 0.009559 0.035294
0 0.486397 0.054248 0.005047 0.032680
0 0.478309 0.054902 0.005047 0.026144
0 0.470588 0.001765 0.004412 0.020915
0 0.599265 0.071895 0.007353 0.024837
0 0.402868 0.086275 0.006618 0.033987
0 0.345588 0.003072 0.005882 0.018301
0 0.334091 0.009150 0.003676 0.018301
