0 0.843750 0.967320 0.008382 0.065359
0 0.834191 0.933987 0.011029 0.030065
0 0.836029 0.940830 0.019118 0.064052
0 0.802868 0.903922 0.019853 0.079739
0 0.648529 0.689542 0.003235 0.058824
0 0.628309 0.606536 0.009559 0.033987
0 0.593005 0.730719 0.006618 0.044444
0 0.585294 0.730709 0.011765 0.060131
0 0.705882 0.608497 0.000294 0.045752
0 0.695220 0.609804 0.008088 0.030065
0 0.603676 0.563399 0.011765 0.033987
0 0.548897 0.542484 0.006618 0.028758
0 0.549632 0.535948 0.011029 0.041830
0 0.525368 0.494771 0.009559 0.027451
0 0.406985 0.533333 0.008088 0.033987
0 0.407720 0.528758 0.009559 0.045752
0 0.399632 0.500000 0.008088 0.037908
0 0.604779 0.484967 0.008088 0.039206
0 0.586397 0.479739 0.008088 0.049673
0 0.593750 0.485620 0.008088 0.037908
0 0.548897 0.394118 0.006618 0.032680
0 0.463235 0.326144 0.005882 0.030065
0 0.477206 0.107843 0.002941 0.014379
0 0.500838 0.075817 0.002206 0.010458
