0 0.323897 0.740830 0.019853 0.082353
0 0.294485 0.762092 0.022794 0.088889
0 0.300471 0.728105 0.016176 0.081046
0 0.399632 0.432026 0.006912 0.071895
0 0.390074 0.403268 0.003971 0.061438
0 0.490074 0.866013 0.025735 0.077124
0 0.450368 0.432026 0.012500 0.071895
0 0.588603 0.928758 0.009853 0.061438
0 0.623529 0.880699 0.023529 0.079739
0 0.594485 0.855556 0.009853 0.084967
0 0.602940 0.897386 0.011765 0.050980
0 0.796691 0.339869 0.013971 0.047059
0 0.795221 0.337255 0.009559 0.044444
0 0.750735 0.390503 0.011765 0.048366
0 0.657353 0.336600 0.011765 0.048366
0 0.613235 0.167320 0.008824 0.031373
0 0.621691 0.170588 0.008088 0.032680
0 0.626838 0.155556 0.008088 0.023529
0 0.617279 0.154248 0.008088 0.023529
0 0.598062 0.137908 0.011029 0.045752
0 0.655882 0.166013 0.010294 0.047059
0 0.913971 0.127451 0.010294 0.035294
0 0.768750 0.122876 0.009559 0.028758
0 0.797794 0.038562 0.007353 0.024837
