0 0.402132 0.216340 0.002206 0.009150
0 0.386397 0.269280 0.003676 0.018301
0 0.489706 0.208954 0.002941 0.006536
0 0.506544 0.297386 0.005147 0.014379
0 0.517647 0.322876 0.004412 0.015686
0 0.412132 0.310458 0.005147 0.014379
0 0.539706 0.445098 0.004412 0.022222
0 0.526838 0.370588 0.005147 0.016993
0 0.527941 0.373856 0.002941 0.015686
0 0.704402 0.520915 0.004412 0.027451
0 0.598529 0.534640 0.008824 0.036601
0 0.748529 0.602418 0.010294 0.040523
0 0.769485 0.633987 0.009559 0.047059
0 0.742279 0.584314 0.009559 0.023529
0 0.739338 0.587582 0.008088 0.022222
0 0.706250 0.922222 0.005441 0.069281
0 0.332353 0.392057 0.004412 0.023529
0 0.340809 0.392800 0.005147 0.027451
0 0.234559 0.500307 0.007353 0.022222
0 0.227574 0.496732 0.006608 0.031373
0 0.297059 0.459477 0.007353 0.032680
0 0.204338 0.531373 0.006618 0.030065
0 0.206985 0.526797 0.008088 0.033987
0 0.459559 0.566667 0.011765 0.032680
