0 0.713971 0.367974 0.007353 0.027451
0 0.716912 0.482353 0.010294 0.033987
0 0.780505 0.451634 0.009559 0.037908
0 0.790074 0.454902 0.006608 0.031373
0 0.796690 0.454902 0.006618 0.033987
0 0.800838 0.459477 0.006618 0.027451
0 0.705882 0.621569 0.010294 0.037908
0 0.772059 0.876471 0.017647 0.050980
0 0.833456 0.720261 0.019853 0.049673
0 0.685662 0.303922 0.005047 0.024837
0 0.835662 0.401961 0.008088 0.030065
0 0.325368 0.609150 0.012500 0.039216
0 0.408015 0.318301 0.005147 0.022222
0 0.422059 0.307647 0.005882 0.028758
0 0.463970 0.257516 0.004412 0.020915
0 0.469018 0.256863 0.004412 0.022222
0 0.112132 0.486275 0.011029 0.023529
0 0.172794 0.500000 0.013235 0.032680
0 0.166544 0.449673 0.009559 0.026144
0 0.175735 0.462092 0.010294 0.032680
0 0.092647 0.385620 0.008824 0.031373
0 0.226103 0.383007 0.008088 0.028758
0 0.274265 0.343037 0.005882 0.024837
0 0.279044 0.344444 0.005047 0.024837
0 0.496691 0.260784 0.005147 0.016993
0 0.531985 0.526797 0.012500 0.026144
0 0.475000 0.235294 0.004402 0.020915
0 0.478676 0.235948 0.004402 0.019608
0 0.479779 0.232680 0.003676 0.020905
0 0.500103 0.207190 0.003676 0.016993
0 0.504402 0.205229 0.004412 0.018301
0 0.503603 0.202614 0.005147 0.015686
0 0.061397 0.592810 0.016912 0.035294
0 0.066176 0.588235 0.014706 0.039216
