0 0.252940 0.520915 0.010294 0.045752
0 0.176838 0.428758 0.011029 0.026144
0 0.163603 0.467320 0.008088 0.024837
0 0.208456 0.444444 0.005047 0.028758
0 0.091176 0.436601 0.007353 0.026144
0 0.184926 0.449673 0.005147 0.015686
0 0.189706 0.449673 0.004412 0.015686
0 0.220324 0.377778 0.010294 0.033987
0 0.224632 0.373203 0.006608 0.024837
0 0.322426 0.398039 0.008088 0.024837
0 0.325735 0.394118 0.004412 0.019608
0 0.302132 0.241830 0.005147 0.026144
0 0.304044 0.239869 0.005047 0.024837
0 0.375368 0.264706 0.006608 0.024837
0 0.380618 0.171242 0.004412 0.023529
0 0.404044 0.501307 0.011029 0.027451
0 0.566544 0.360438 0.009559 0.032680
0 0.572794 0.329412 0.008824 0.023529
0 0.521324 0.177124 0.004412 0.016993
0 0.400000 0.141176 0.002941 0.007843
0 0.668382 0.350327 0.004402 0.018301
0 0.658824 0.349020 0.007353 0.008301
0 0.662868 0.346405 0.006608 0.031373
0 0.502206 0.078431 0.004412 0.007843
0 0.505515 0.069935 0.003676 0.006536
0 0.500735 0.075163 0.004412 0.009150
