0 0.240927 0.507870 0.007812 0.036111
0 0.204948 0.509444 0.010937 0.040741
0 0.176042 0.525463 0.011458 0.032407
0 0.253906 0.446296 0.006771 0.018519
0 0.270875 0.457870 0.012500 0.032407
0 0.280250 0.450000 0.007292 0.031481
0 0.004323 0.963426 0.023438 0.073148
0 0.057552 0.965740 0.024479 0.068519
0 0.055208 0.943509 0.025000 0.092593
0 0.006771 0.956019 0.027083 0.087963
0 0.208229 0.962037 0.025000 0.075926
0 0.299209 0.969444 0.024479 0.061111
0 0.302760 0.956944 0.022396 0.086111
0 0.334015 0.969907 0.022396 0.060185
0 0.356250 0.955093 0.027083 0.089815
0 0.530510 0.963889 0.015104 0.072222
0 0.625260 0.969907 0.020354 0.060185
0 0.630771 0.951852 0.018750 0.096296
0 0.627344 0.955093 0.008229 0.089815
0 0.528025 0.937037 0.018750 0.116667
0 0.537240 0.902037 0.017188 0.101852
0 0.635677 0.844444 0.022396 0.000000
0 0.392708 0.923148 0.030208 0.101852
0 0.409896 0.883333 0.021875 0.111111
0 0.448437 0.893056 0.023958 0.110185
0 0.598077 0.692593 0.016146 0.074074
0 0.608594 0.743980 0.017188 0.076852
0 0.609375 0.793509 0.012500 0.090741
0 0.957552 0.960648 0.026562 0.078704
0 0.986458 0.939352 0.027083 0.017593
0 0.829948 0.774537 0.008229 0.095370
0 0.828025 0.764815 0.020833 0.090741
0 0.650260 0.806944 0.020303 0.095370
0 0.807802 0.642130 0.014583 0.073148
0 0.800780 0.619444 0.013021 0.055556
0 0.990885 0.454167 0.018229 0.063889
0 0.956510 0.441667 0.017188 0.042593
0 0.898177 0.443519 0.030729 0.051852
0 0.871875 0.440278 0.023958 0.065741
0 0.745833 0.419444 0.020833 0.042593
0 0.736198 0.415278 0.014063 0.047222
0 0.777604 0.428241 0.018750 0.060185
0 0.918750 0.420833 0.021875 0.045370
0 0.971094 0.429167 0.021354 0.043519
0 0.940625 0.425463 0.019792 0.045370
0 0.650780 0.577778 0.010937 0.050000
0 0.699479 0.530556 0.008333 0.030481
0 0.696875 0.507130 0.007292 0.036111
0 0.689323 0.507593 0.006771 0.035185
0 0.709635 0.506944 0.008854 0.017593
0 0.710938 0.503704 0.007292 0.016667
0 0.703385 0.476389 0.005729 0.026852
0 0.688802 0.430556 0.003646 0.018519
0 0.689323 0.413426 0.003646 0.010185
0 0.589323 0.417593 0.003646 0.009259
0 0.583594 0.418056 0.003646 0.013889
0 0.549479 0.437037 0.005208 0.016667
0 0.575260 0.422222 0.003646 0.011111
0 0.650260 0.490667 0.005729 0.033333
0 0.630208 0.495370 0.007292 0.022222
0 0.588802 0.531944 0.007812 0.036111
0 0.615625 0.506481 0.008333 0.024074
0 0.599740 0.512500 0.008854 0.026852
0 0.583333 0.540278 0.008333 0.030556
0 0.566927 0.536574 0.007812 0.037963
0 0.648698 0.462037 0.005729 0.018519
0 0.475520 0.437500 0.004167 0.025000
0 0.483854 0.424074 0.005208 0.020370
0 0.466667 0.462963 0.006250 0.018519
0 0.445052 0.466667 0.005729 0.020370
0 0.480990 0.453704 0.004687 0.020370
0 0.465104 0.445370 0.004167 0.014815
0 0.407969 0.410648 0.004687 0.017593
0 0.308490 0.475926 0.004687 0.027778
0 0.378906 0.469444 0.004687 0.022222
0 0.355729 0.433333 0.004067 0.025926
0 0.347907 0.436574 0.005208 0.026852
0 0.450042 0.406481 0.003125 0.014815
0 0.267188 0.437963 0.006250 0.014815
