0 0.347426 0.904575 0.030047 0.117647
0 0.370324 0.901307 0.022059 0.118954
0 0.394485 0.892057 0.022794 0.111111
0 0.041176 0.826797 0.026471 0.095425
0 0.047426 0.708954 0.025735 0.099346
0 0.219853 0.603922 0.020588 0.057516
0 0.069118 0.478431 0.019118 0.078431
0 0.069018 0.488235 0.020588 0.084967
0 0.045220 0.484314 0.022794 0.079739
0 0.295588 0.308954 0.011765 0.062745
0 0.304402 0.321569 0.010294 0.062745
0 0.361397 0.290196 0.013971 0.047059
0 0.368015 0.287582 0.013971 0.049673
0 0.379412 0.282353 0.019118 0.052288
0 0.413971 0.271895 0.014706 0.044444
0 0.422426 0.268627 0.012500 0.045752
0 0.437132 0.262092 0.011029 0.050980
0 0.402940 0.423529 0.013235 0.075817
0 0.647426 0.458070 0.013971 0.050980
0 0.598529 0.353595 0.003235 0.071895
0 0.590912 0.345752 0.011765 0.071895
0 0.587032 0.304575 0.011029 0.049673
0 0.576838 0.290850 0.002500 0.064052
0 0.557353 0.293464 0.003235 0.061438
0 0.030618 0.107843 0.010294 0.043137
0 0.009118 0.105882 0.010294 0.044444
0 0.041544 0.107843 0.009559 0.043137
0 0.063603 0.037908 0.011029 0.045752
0 0.005515 0.125490 0.015441 0.047059
0 0.001029 0.193464 0.014706 0.054902
0 0.005505 0.196732 0.009559 0.030065
0 0.050471 0.103922 0.011765 0.043137
0 0.065074 0.004575 0.011029 0.047059
0 0.008088 0.026797 0.013235 0.047059
0 0.004706 0.130719 0.008824 0.041830
0 0.020588 0.049673 0.011765 0.048366
0 0.005882 0.082353 0.007353 0.033987
0 0.034559 0.073856 0.008824 0.037908
0 0.122794 0.087582 0.008824 0.033987
0 0.105882 0.089542 0.010294 0.035294
0 0.480882 0.250327 0.011765 0.050980
0 0.537868 0.237255 0.011029 0.048366
0 0.298897 0.061438 0.009559 0.040523
0 0.342647 0.143791 0.005882 0.018301
0 0.348062 0.147712 0.006618 0.041830
0 0.390074 0.029412 0.009559 0.041830
0 0.378309 0.060784 0.006618 0.028758
0 0.497059 0.058824 0.008824 0.048366
0 0.483456 0.050327 0.009559 0.044444
0 0.690176 0.226797 0.016176 0.050980
0 0.752940 0.273856 0.010294 0.058824
0 0.603676 0.086928 0.008824 0.052288
0 0.648062 0.160784 0.009559 0.047059
0 0.637132 0.159477 0.012500 0.028758
0 0.624265 0.260031 0.010294 0.033987
0 0.608382 0.245098 0.010294 0.053595
0 0.673062 0.172549 0.008088 0.039216
0 0.687500 0.068627 0.010294 0.047059
0 0.700368 0.060131 0.009559 0.035294
0 0.718015 0.141830 0.009559 0.030065
0 0.725000 0.018954 0.007353 0.041830
0 0.740544 0.153595 0.008088 0.043137
0 0.766544 0.147059 0.009559 0.027451
0 0.780618 0.126797 0.010294 0.047059
0 0.740544 0.118301 0.011029 0.048366
0 0.782720 0.096078 0.009559 0.040523
0 0.823897 0.137255 0.006618 0.020915
0 0.829044 0.045752 0.003676 0.022222
0 0.796690 0.216340 0.013971 0.053595
0 0.808456 0.094771 0.009559 0.039216
0 0.804706 0.194771 0.013235 0.047059
0 0.809853 0.225490 0.011765 0.050980
0 0.833456 0.230373 0.013971 0.052288
0 0.830047 0.224837 0.011765 0.052288
0 0.841176 0.692810 0.025000 0.049673
0 0.869118 0.712418 0.022059 0.054902
0 0.878676 0.690196 0.020588 0.052288
0 0.872794 0.392057 0.023529 0.073203
0 0.986029 0.288889 0.004706 0.054902
0 0.989706 0.279739 0.004706 0.060131
0 0.934559 0.066667 0.013235 0.050980
0 0.988603 0.075817 0.013971 0.045752
0 0.956250 0.179085 0.012500 0.031373
0 0.947426 0.174510 0.012500 0.030065
0 0.856608 0.180392 0.011765 0.044444
0 0.880047 0.173203 0.014706 0.048366
0 0.861029 0.090196 0.007353 0.026144
0 0.844485 0.027451 0.013971 0.045752
0 0.898062 0.161438 0.016912 0.048366
0 0.894853 0.099346 0.008824 0.031373
0 0.887500 0.101961 0.007353 0.028758
0 0.860397 0.170588 0.012500 0.048366
0 0.850471 0.136601 0.010294 0.043137
0 0.855505 0.141176 0.006618 0.044444
0 0.860765 0.146405 0.011765 0.044444
