0 0.223177 0.327315 0.004687 0.015741
0 0.286198 0.331019 0.005729 0.017593
0 0.446875 0.055556 0.002083 0.007407
0 0.445052 0.055556 0.001563 0.007407
0 0.478906 0.160648 0.001563 0.008333
0 0.475260 0.181944 0.002604 0.006481
0 0.491406 0.151852 0.002604 0.005556
0 0.496875 0.207407 0.002083 0.001111
0 0.494270 0.206944 0.002083 0.012037
0 0.495833 0.199537 0.003125 0.006481
0 0.487500 0.209722 0.002083 0.000185
0 0.483073 0.207870 0.002604 0.008333
0 0.427865 0.230556 0.002604 0.002963
0 0.430208 0.230019 0.002083 0.008333
0 0.446875 0.223148 0.003125 0.007407
0 0.514583 0.250000 0.003125 0.009259
0 0.500156 0.240741 0.001563 0.011111
0 0.508854 0.240204 0.003125 0.012037
0 0.506500 0.239352 0.002604 0.013889
0 0.505990 0.263889 0.003646 0.004815
0 0.503906 0.281944 0.003646 0.010185
0 0.503125 0.248148 0.002083 0.007407
0 0.502865 0.246759 0.002604 0.010185
0 0.493490 0.245370 0.003646 0.007407
0 0.496094 0.258796 0.002604 0.008333
0 0.481771 0.282870 0.003125 0.012037
0 0.446615 0.256481 0.002604 0.009259
0 0.435677 0.272685 0.002604 0.012037
0 0.430990 0.268519 0.003646 0.012963
0 0.421094 0.268981 0.003646 0.010185
0 0.401458 0.288889 0.003125 0.016667
0 0.532031 0.398611 0.002604 0.012037
0 0.540004 0.404630 0.002083 0.020370
0 0.432292 0.392593 0.005208 0.016667
0 0.423698 0.411111 0.004687 0.014815
0 0.419792 0.418519 0.004167 0.012963
0 0.539844 0.316204 0.005729 0.012037
0 0.542708 0.543519 0.009375 0.024074
0 0.494792 0.574074 0.006250 0.020370
0 0.568229 0.657407 0.000417 0.044444
0 0.579688 0.660085 0.009375 0.046296
0 0.501302 0.752778 0.014063 0.037037
0 0.416927 0.732407 0.008854 0.022222
0 0.618750 0.746759 0.005208 0.032407
0 0.621094 0.745370 0.009896 0.024074
0 0.642969 0.759259 0.008854 0.025926
0 0.642188 0.783333 0.008333 0.025926
0 0.628385 0.783333 0.010937 0.024074
0 0.638021 0.706944 0.008333 0.025000
0 0.648958 0.713889 0.008333 0.025926
0 0.659896 0.697685 0.009375 0.026852
0 0.646354 0.701389 0.006250 0.019444
0 0.405885 0.476852 0.006771 0.029630
0 0.407802 0.477315 0.006250 0.025000
0 0.397035 0.500000 0.008854 0.031481
0 0.375000 0.716204 0.007292 0.026852
0 0.658333 0.866204 0.009375 0.045370
0 0.604427 0.867593 0.010937 0.029630
0 0.623698 0.985085 0.009896 0.027778
0 0.629427 0.987963 0.007812 0.018519
0 0.523958 0.856944 0.010417 0.041667
0 0.475260 0.935648 0.006146 0.069444
