0 0.769853 0.668627 0.009118 0.069281
0 0.760029 0.630065 0.016176 0.070588
0 0.750368 0.642484 0.009853 0.066667
0 0.736029 0.600000 0.026470 0.070588
0 0.726103 0.584967 0.021324 0.045752
0 0.705441 0.615686 0.019118 0.070588
0 0.620588 0.605229 0.009118 0.062745
0 0.656608 0.604575 0.019118 0.066667
0 0.640074 0.584304 0.019853 0.062745
0 0.563970 0.562745 0.014706 0.058824
0 0.549265 0.579739 0.000294 0.056209
0 0.528309 0.550327 0.009853 0.067974
0 0.456985 0.624183 0.037500 0.064052
0 0.258088 0.406536 0.007647 0.057516
0 0.300662 0.564052 0.013971 0.061438
0 0.322426 0.570242 0.018382 0.073203
0 0.350471 0.558824 0.016176 0.069281
0 0.188603 0.405229 0.021324 0.052288
0 0.101838 0.556863 0.022794 0.041830
0 0.099632 0.513725 0.019853 0.047059
0 0.684559 0.956209 0.023529 0.069280
0 0.682720 0.922876 0.019853 0.083660
