0 0.011458 0.229630 0.008333 0.014815
0 0.014844 0.226852 0.006771 0.016667
0 0.012500 0.328241 0.007292 0.013889
0 0.021094 0.407870 0.006771 0.013889
0 0.016146 0.417130 0.008333 0.015741
0 0.016667 0.468981 0.007292 0.015741
0 0.025260 0.651852 0.007812 0.012963
0 0.170052 0.852315 0.006771 0.015741
0 0.181510 0.958333 0.007812 0.011111
0 0.296094 0.009722 0.004687 0.012037
0 0.330729 0.032407 0.004067 0.018519
0 0.338280 0.066204 0.004687 0.015741
0 0.330771 0.079167 0.004167 0.017593
0 0.335677 0.084259 0.003646 0.002963
0 0.342969 0.006019 0.003646 0.013889
0 0.326042 0.092130 0.006250 0.013889
0 0.339583 0.046759 0.005208 0.017593
0 0.317448 0.193519 0.005729 0.011111
0 0.349479 0.254067 0.005208 0.015741
0 0.362240 0.270759 0.005729 0.017593
0 0.396094 0.432870 0.005729 0.012037
0 0.393750 0.474537 0.004067 0.012037
0 0.453906 0.432870 0.005729 0.003889
0 0.460458 0.499537 0.005208 0.013889
0 0.507030 0.456944 0.004687 0.012037
0 0.509375 0.465740 0.006250 0.011111
0 0.503542 0.461574 0.004167 0.013889
0 0.522396 0.468509 0.005208 0.012963
0 0.500156 0.511111 0.004687 0.011111
0 0.497656 0.507130 0.003646 0.010185
0 0.508854 0.522222 0.005208 0.001111
0 0.368490 0.467593 0.004687 0.006667
0 0.420875 0.543519 0.004167 0.012963
0 0.357802 0.561111 0.004167 0.011111
0 0.366667 0.630556 0.006250 0.001111
0 0.390406 0.674074 0.003646 0.014815
0 0.446605 0.647222 0.005729 0.014815
0 0.557292 0.459722 0.006250 0.002037
0 0.560677 0.470296 0.004687 0.012963
0 0.444530 0.855556 0.005729 0.012963
0 0.534635 0.924537 0.006771 0.013889
0 0.632802 0.423148 0.004167 0.011111
0 0.650521 0.455093 0.006250 0.013889
0 0.648958 0.495833 0.007292 0.005741
0 0.670875 0.469907 0.005208 0.013889
0 0.668490 0.619907 0.004687 0.008333
0 0.670052 0.625463 0.004687 0.008333
0 0.670573 0.630019 0.004687 0.008333
0 0.659635 0.635648 0.005729 0.012037
0 0.662760 0.671296 0.005729 0.011111
0 0.729067 0.436111 0.006250 0.011111
0 0.720313 0.482870 0.007292 0.012037
0 0.714063 0.588889 0.005208 0.011111
0 0.688542 0.556480 0.006250 0.011111
0 0.684896 0.570833 0.006250 0.003889
0 0.687240 0.613426 0.007812 0.012037
0 0.688021 0.624074 0.005208 0.011111
0 0.693750 0.674074 0.006250 0.001111
