0 0.236979 0.864805 0.019792 0.085185
0 0.253646 0.632407 0.020875 0.112963
0 0.301458 0.837963 0.027083 0.101852
0 0.327083 0.785085 0.027083 0.148148
0 0.900520 0.869444 0.030208 0.138889
0 0.862500 0.830556 0.030250 0.050000
0 0.905729 0.600000 0.005625 0.055556
0 0.931250 0.600000 0.022917 0.066667
0 0.968229 0.614815 0.034375 0.088889
0 0.893750 0.425926 0.022907 0.092593
0 0.863542 0.448048 0.025000 0.081481
0 0.807708 0.394444 0.027083 0.100000
0 0.684896 0.336011 0.013542 0.072222
0 0.640625 0.325926 0.008750 0.070370
0 0.598958 0.339805 0.012500 0.064815
0 0.579688 0.320296 0.011458 0.068519
0 0.570875 0.300000 0.010417 0.062963
0 0.554067 0.296296 0.010417 0.066667
0 0.548958 0.285085 0.010417 0.070370
0 0.722907 0.654630 0.033333 0.105556
0 0.440667 0.792593 0.018750 0.092593
0 0.470354 0.787963 0.023958 0.120370
0 0.026562 0.387037 0.017708 0.074074
0 0.096875 0.464815 0.020833 0.051852
0 0.018229 0.479630 0.026042 0.088889
0 0.034375 0.470370 0.014583 0.055556
0 0.606250 0.802963 0.012500 0.062963
0 0.636979 0.800852 0.019792 0.111111
0 0.627604 0.894444 0.036458 0.044444
0 0.704167 0.865741 0.029167 0.068519
0 0.730208 0.859259 0.033333 0.081481
0 0.773438 0.850926 0.051042 0.068519
0 0.781250 0.843519 0.014583 0.046296
0 0.242088 0.388889 0.021875 0.081481
0 0.222907 0.363889 0.014583 0.068519
0 0.203646 0.384259 0.001458 0.064815
0 0.095312 0.408333 0.013542 0.064815
0 0.055208 0.423148 0.012500 0.064815
0 0.066667 0.428704 0.014583 0.072222
0 0.183333 0.413889 0.014583 0.024074
0 0.083333 0.441667 0.014583 0.046296
0 0.082812 0.507407 0.023958 0.088889
0 0.183333 0.479630 0.010417 0.040741
0 0.302604 0.488889 0.009792 0.100000
0 0.327083 0.475000 0.004583 0.075926
0 0.326042 0.504630 0.008750 0.090741
0 0.343750 0.625926 0.022907 0.107407
0 0.558333 0.796296 0.039583 0.025926
0 0.409375 0.468509 0.025000 0.096296
0 0.560407 0.548148 0.018750 0.096296
0 0.653025 0.533333 0.016667 0.092593
0 0.647907 0.513889 0.016667 0.090741
0 0.628646 0.499074 0.007708 0.094444
0 0.520833 0.752778 0.030250 0.112963
0 0.501979 0.751852 0.017708 0.096296
0 0.658854 0.687037 0.003542 0.092593
0 0.645302 0.676852 0.019792 0.090741
0 0.630729 0.692593 0.003542 0.048148
0 0.607708 0.670370 0.014583 0.096296
0 0.604067 0.653704 0.016667 0.100000
0 0.587500 0.644444 0.002500 0.088889
0 0.580771 0.658333 0.013542 0.079630
0 0.569792 0.644444 0.002500 0.085185
0 0.570833 0.706480 0.018750 0.098148
0 0.555729 0.702037 0.019792 0.124074
0 0.609896 0.488889 0.005625 0.092593
0 0.595833 0.505556 0.016667 0.077778
0 0.581771 0.499074 0.015625 0.075926
0 0.564063 0.487037 0.007708 0.081481
0 0.542088 0.659259 0.021875 0.100000
0 0.544792 0.630556 0.000417 0.075926
0 0.508750 0.615741 0.010417 0.057407
0 0.363542 0.634259 0.025000 0.009259
0 0.382292 0.636011 0.014583 0.090741
0 0.372396 0.606481 0.013542 0.061111
0 0.540146 0.515741 0.015625 0.101852
0 0.529067 0.515741 0.014583 0.090741
0 0.530250 0.482407 0.016667 0.098148
0 0.405208 0.655556 0.020833 0.003704
0 0.394792 0.608333 0.004583 0.090741
0 0.404583 0.614815 0.014583 0.096296
0 0.430250 0.620370 0.012500 0.066667
0 0.450000 0.675926 0.030250 0.118519
0 0.440146 0.574074 0.011458 0.088889
0 0.500417 0.681481 0.012500 0.066667
0 0.506250 0.637037 0.000417 0.062963
0 0.498437 0.680481 0.015625 0.118519
0 0.453025 0.544444 0.014583 0.088889
0 0.454687 0.575000 0.005625 0.090741
0 0.460458 0.643519 0.014583 0.109259
0 0.476562 0.545370 0.020875 0.083333
0 0.414062 0.443519 0.013542 0.027778
0 0.476562 0.673048 0.017708 0.124074
0 0.494792 0.532407 0.006667 0.075926
0 0.500563 0.500000 0.013542 0.070370
0 0.478646 0.509259 0.005625 0.077778
0 0.487500 0.495370 0.006667 0.087037
0 0.483854 0.479630 0.011458 0.033333
