0 0.066912 0.799346 0.030882 0.084967
0 0.020221 0.760784 0.028676 0.065359
0 0.200368 0.749673 0.003971 0.050980
0 0.238970 0.778431 0.025000 0.087582
0 0.203971 0.797386 0.020588 0.075817
0 0.200838 0.664706 0.019853 0.058824
0 0.206176 0.664052 0.022059 0.078431
0 0.280882 0.740176 0.023529 0.094118
0 0.288235 0.644444 0.023529 0.078430
0 0.285662 0.546405 0.020324 0.078431
0 0.308088 0.530373 0.023529 0.079739
0 0.301765 0.469281 0.017647 0.049673
0 0.259926 0.302604 0.013971 0.058824
0 0.254779 0.204575 0.008382 0.058824
0 0.272059 0.045098 0.013235 0.052288
0 0.077941 0.967974 0.027941 0.064052
0 0.200838 0.963399 0.027206 0.073203
0 0.659559 0.822876 0.023529 0.066667
0 0.498162 0.967974 0.024265 0.050980
0 0.333456 0.932680 0.022794 0.074500
0 0.411765 0.967320 0.020588 0.052288
0 0.030618 0.546405 0.026471 0.070588
0 0.090074 0.477778 0.030047 0.066667
0 0.056985 0.693464 0.030618 0.071895
0 0.080882 0.650327 0.027940 0.064052
0 0.025000 0.627451 0.029412 0.081046
0 0.130147 0.381046 0.023529 0.058824
0 0.023897 0.413725 0.018382 0.064052
0 0.015074 0.422876 0.018382 0.053595
0 0.540809 0.352288 0.013971 0.053595
0 0.434559 0.331373 0.016176 0.056209
0 0.431985 0.777778 0.027206 0.060131
0 0.455882 0.666667 0.006176 0.065359
0 0.459559 0.604575 0.009118 0.056209
0 0.498529 0.792800 0.017647 0.048366
0 0.570220 0.795425 0.013971 0.061438
0 0.504338 0.894771 0.021324 0.084967
0 0.607353 0.943791 0.025000 0.062745
0 0.325000 0.696732 0.023529 0.078430
0 0.327206 0.660784 0.020588 0.060438
0 0.344853 0.683007 0.020588 0.069280
0 0.353309 0.659477 0.024265 0.069280
0 0.390176 0.551634 0.017647 0.054902
0 0.425368 0.590503 0.012500 0.048366
0 0.419853 0.591503 0.019118 0.050980
0 0.287500 0.379739 0.017647 0.045752
0 0.305074 0.109150 0.013971 0.050980
0 0.308382 0.118954 0.014706 0.047059
0 0.080147 0.507190 0.019118 0.052288
0 0.093750 0.532680 0.024265 0.040523
0 0.059559 0.547712 0.014706 0.033987
0 0.014338 0.668627 0.024265 0.061438
0 0.023529 0.652288 0.019118 0.033987
0 0.085294 0.603922 0.023529 0.044444
0 0.155882 0.616993 0.014706 0.052288
0 0.144853 0.614379 0.013235 0.031373
0 0.135294 0.560784 0.020588 0.041830
0 0.135294 0.572549 0.014706 0.036601
0 0.179779 0.536601 0.012500 0.040523
0 0.189706 0.540523 0.014706 0.037908
0 0.090441 0.619608 0.022059 0.062745
0 0.001765 0.598693 0.023529 0.054902
0 0.201103 0.559477 0.021324 0.049673
