0 0.452083 0.530556 0.027083 0.098048
0 0.886979 0.775926 0.044792 0.074074
0 0.729067 0.438889 0.031250 0.070370
0 0.768750 0.360111 0.031250 0.070370
0 0.544792 0.370370 0.022907 0.074074
0 0.558854 0.375926 0.020875 0.074074
0 0.205625 0.505556 0.033333 0.077778
0 0.336979 0.406667 0.028125 0.077778
0 0.327083 0.402963 0.022917 0.070370
0 0.272907 0.559259 0.031250 0.085185
0 0.298958 0.579630 0.025000 0.080481
0 0.064583 0.856480 0.047917 0.075926
0 0.003125 0.325926 0.033333 0.070370
0 0.014062 0.303704 0.034375 0.070370
0 0.575000 0.835085 0.027083 0.081481
0 0.504062 0.282407 0.026042 0.075926
0 0.402500 0.180556 0.025000 0.079630
0 0.528025 0.183333 0.016667 0.074074
0 0.525000 0.008333 0.016667 0.061111
0 0.622907 0.131481 0.020833 0.077778
0 0.680250 0.198148 0.020833 0.081481
0 0.664062 0.040741 0.021875 0.081481
0 0.663021 0.341667 0.021875 0.064815
0 0.857802 0.322222 0.026042 0.085185
0 0.894792 0.372222 0.039583 0.088889
0 0.067187 0.347222 0.038542 0.083333
0 0.746875 0.074074 0.022907 0.074074
0 0.758854 0.079630 0.007708 0.070370
0 0.854687 0.157407 0.026042 0.055556
0 0.869792 0.177778 0.022917 0.051852
0 0.907292 0.253704 0.027083 0.070370
0 0.904583 0.268519 0.033333 0.074074
0 0.942087 0.250926 0.030208 0.075926
0 0.964583 0.044444 0.031250 0.074074
0 0.205729 0.373048 0.036458 0.079630
0 0.206770 0.387037 0.034375 0.077778
0 0.027083 0.016667 0.035417 0.066667
0 0.254688 0.000000 0.026042 0.070370
0 0.296354 0.037963 0.009792 0.057407
0 0.304063 0.038889 0.019792 0.066667
0 0.380771 0.075000 0.023958 0.072222
0 0.342708 0.019444 0.018750 0.064815
0 0.350042 0.129630 0.018750 0.059259
0 0.365004 0.182407 0.019792 0.068519
0 0.385937 0.064815 0.017708 0.062963
0 0.296354 0.202963 0.023958 0.074074
0 0.288020 0.226852 0.023958 0.068519
0 0.265004 0.157407 0.026042 0.066667
0 0.243750 0.030481 0.018750 0.055556
0 0.682813 0.095370 0.015625 0.038889
0 0.722907 0.026852 0.012500 0.053704
0 0.954688 0.025000 0.026042 0.050000
0 0.950562 0.054630 0.028125 0.072222
0 0.964062 0.298048 0.036458 0.055556
0 0.963542 0.343509 0.027083 0.057407
0 0.957802 0.430556 0.042708 0.079630
0 0.686979 0.287963 0.005625 0.064815
0 0.486979 0.036011 0.015625 0.072222
0 0.498958 0.058333 0.006667 0.068519
0 0.508333 0.046296 0.008333 0.055556
0 0.019271 0.067593 0.028125 0.061111
0 0.072907 0.050000 0.033333 0.070370
0 0.040004 0.055556 0.036458 0.062963
0 0.096354 0.027778 0.020875 0.055556
0 0.079687 0.029630 0.009792 0.059259
0 0.301563 0.081481 0.015625 0.037037
