0 0.489338 0.960784 0.006618 0.007843
0 0.573529 0.928758 0.005882 0.004379
0 0.495220 0.826144 0.006618 0.015686
0 0.804706 0.582353 0.004412 0.009150
0 0.801765 0.281046 0.004412 0.018301
0 0.843750 0.254902 0.009559 0.003072
0 0.855047 0.256209 0.007353 0.013072
0 0.359926 0.554902 0.006608 0.014379
0 0.309559 0.501765 0.005882 0.009150
0 0.306912 0.506536 0.004412 0.011765
0 0.311765 0.505229 0.005882 0.009150
0 0.311765 0.483660 0.005882 0.010458
0 0.303309 0.490196 0.006618 0.007843
0 0.306618 0.483660 0.004412 0.010458
0 0.304412 0.499346 0.005882 0.007843
0 0.309118 0.496732 0.005882 0.015686
0 0.322426 0.519608 0.005147 0.009150
0 0.378309 0.307843 0.005047 0.014379
0 0.392647 0.274510 0.005882 0.013072
0 0.298529 0.429402 0.005882 0.014379
0 0.634559 0.224837 0.004402 0.013072
0 0.386765 0.062745 0.005882 0.011765
0 0.384559 0.050980 0.004412 0.016993
0 0.410294 0.194118 0.004412 0.014379
0 0.380618 0.175817 0.002941 0.009150
0 0.337868 0.009608 0.006618 0.015686
0 0.343382 0.009804 0.005882 0.006993
