0 0.689338 0.309050 0.008088 0.027451
0 0.686029 0.144444 0.007353 0.019608
0 0.656250 0.046405 0.003676 0.020915
0 0.652574 0.043791 0.003676 0.018301
0 0.648897 0.045098 0.005147 0.018301
0 0.601765 0.126144 0.004412 0.019608
0 0.606608 0.130065 0.005882 0.019608
0 0.650735 0.096732 0.002940 0.015686
0 0.649265 0.093464 0.004402 0.016993
0 0.638235 0.005882 0.002941 0.018301
0 0.600103 0.079085 0.003676 0.019608
0 0.570691 0.109804 0.003676 0.018301
0 0.569018 0.106536 0.005882 0.019608
0 0.547059 0.009804 0.004412 0.015686
0 0.539706 0.052941 0.004412 0.018301
0 0.545220 0.096078 0.003676 0.019608
0 0.470324 0.128105 0.002941 0.018301
0 0.474265 0.038562 0.004412 0.018301
0 0.483456 0.160131 0.005147 0.014379
0 0.465074 0.049673 0.005147 0.022222
0 0.462500 0.155556 0.004412 0.010458
0 0.447426 0.022876 0.003676 0.018301
0 0.442647 0.020915 0.005882 0.022222
0 0.436029 0.077778 0.002941 0.018301
0 0.458824 0.096732 0.002941 0.022222
0 0.462868 0.094118 0.003676 0.016993
0 0.434091 0.271242 0.005147 0.027451
0 0.406608 0.275817 0.004412 0.018301
0 0.400103 0.303922 0.005147 0.019608
0 0.434091 0.390196 0.005147 0.019608
0 0.428309 0.389542 0.005047 0.020915
