0 0.457552 0.950000 0.005104 0.057407
0 0.470615 0.945370 0.015104 0.066667
0 0.530250 0.868056 0.012500 0.060185
0 0.560979 0.874074 0.013542 0.064815
0 0.509015 0.768981 0.009896 0.058333
0 0.508854 0.755556 0.008333 0.024074
0 0.700562 0.858333 0.009375 0.064815
0 0.709635 0.956480 0.014063 0.070370
0 0.694530 0.940278 0.014063 0.062037
0 0.697035 0.975926 0.011979 0.048148
0 0.185156 0.811111 0.008854 0.040741
0 0.188021 0.808333 0.015625 0.038889
0 0.305625 0.825463 0.012500 0.050926
0 0.346354 0.725926 0.007292 0.035085
0 0.042708 0.604630 0.014583 0.038889
0 0.030729 0.625000 0.008333 0.042593
0 0.032292 0.613889 0.010417 0.040741
0 0.083333 0.550463 0.012500 0.043519
0 0.077865 0.511574 0.011979 0.032407
0 0.028646 0.509722 0.014583 0.039815
0 0.009896 0.379630 0.003542 0.031481
0 0.034635 0.450000 0.011979 0.033333
0 0.051562 0.438426 0.009375 0.034259
0 0.114062 0.442593 0.009375 0.027778
0 0.101823 0.435185 0.008854 0.029630
0 0.106510 0.433796 0.007812 0.028704
0 0.207292 0.402963 0.008333 0.033333
0 0.187760 0.512500 0.010937 0.028704
0 0.224479 0.505556 0.011458 0.029630
0 0.166667 0.409722 0.009375 0.032407
0 0.169792 0.408796 0.004167 0.017593
0 0.395833 0.765278 0.001458 0.060185
0 0.439583 0.793056 0.008333 0.058333
0 0.428025 0.726852 0.011458 0.059259
0 0.464844 0.704630 0.008854 0.044444
0 0.445833 0.759259 0.006667 0.055556
0 0.462500 0.770759 0.009375 0.060185
0 0.460056 0.755556 0.013021 0.057407
0 0.388280 0.668981 0.010937 0.050926
0 0.404067 0.666204 0.010417 0.050926
0 0.325000 0.612963 0.013542 0.040741
0 0.366927 0.566204 0.010937 0.039815
0 0.474740 0.558333 0.006770 0.022222
0 0.445302 0.555556 0.009375 0.038889
0 0.437760 0.555093 0.007802 0.041667
0 0.406146 0.544444 0.010417 0.038889
0 0.428646 0.488889 0.008333 0.024074
0 0.219271 0.453241 0.005208 0.023148
0 0.212240 0.453241 0.009896 0.034259
0 0.280469 0.468056 0.008854 0.028704
0 0.250042 0.482870 0.007292 0.028704
0 0.251042 0.494907 0.006250 0.019444
0 0.255990 0.493981 0.008854 0.030556
0 0.233594 0.431019 0.008854 0.030556
0 0.080729 0.292130 0.005208 0.026852
0 0.175521 0.366667 0.005208 0.024074
0 0.169271 0.366667 0.009375 0.025926
0 0.158333 0.325926 0.007292 0.018519
0 0.157552 0.328241 0.010937 0.021296
0 0.225000 0.390741 0.006250 0.024074
0 0.329688 0.464815 0.010417 0.029630
0 0.320573 0.422685 0.008854 0.026852
0 0.375521 0.494444 0.009375 0.033333
0 0.382812 0.481019 0.010417 0.030556
0 0.361719 0.469907 0.004687 0.025000
0 0.367448 0.464815 0.008854 0.024074
0 0.399479 0.425000 0.007292 0.022222
0 0.400781 0.438426 0.004687 0.025000
0 0.395833 0.438889 0.007292 0.024074
0 0.205990 0.368981 0.009896 0.023148
0 0.222656 0.361111 0.006771 0.024074
0 0.203906 0.336111 0.007812 0.024074
0 0.255729 0.274537 0.005208 0.028704
0 0.286719 0.307870 0.005729 0.019444
0 0.359635 0.278241 0.005729 0.021296
0 0.376042 0.316667 0.006250 0.020370
0 0.480469 0.439352 0.009896 0.025000
0 0.500521 0.451389 0.010417 0.028704
0 0.529948 0.480093 0.010937 0.026852
0 0.510417 0.494444 0.010417 0.031481
0 0.514062 0.518981 0.009375 0.034259
0 0.781250 0.492130 0.010417 0.028704
0 0.778906 0.451852 0.004687 0.025926
0 0.773698 0.447685 0.007812 0.026852
