0 0.311765 0.110458 0.016176 0.040523
0 0.720956 0.426144 0.018382 0.057516
0 0.702940 0.954248 0.026471 0.054902
0 0.652940 0.841830 0.020588 0.081046
0 0.605074 0.803922 0.021324 0.078431
0 0.602574 0.539206 0.013971 0.077124
0 0.582721 0.535948 0.015441 0.060131
0 0.562868 0.596078 0.005441 0.060131
0 0.555505 0.674510 0.015441 0.078431
0 0.565440 0.681046 0.011765 0.060131
0 0.526003 0.812418 0.009559 0.043137
0 0.504706 0.802614 0.014706 0.081046
0 0.450000 0.709608 0.016176 0.071895
0 0.445588 0.684967 0.007647 0.078431
0 0.448529 0.500307 0.008824 0.032680
0 0.442279 0.500000 0.003971 0.071895
0 0.409853 0.513072 0.013235 0.066667
0 0.407647 0.610458 0.011765 0.067974
0 0.304402 0.556209 0.010294 0.043137
0 0.288970 0.588889 0.017647 0.069281
0 0.348529 0.826797 0.023529 0.082353
0 0.365809 0.905033 0.021324 0.083660
