0 0.059926 0.083660 0.005441 0.044444
0 0.062868 0.073856 0.011029 0.024837
0 0.072059 0.073203 0.006176 0.041830
0 0.115441 0.186275 0.014706 0.035294
0 0.250000 0.880392 0.004706 0.037908
0 0.409485 0.086928 0.009559 0.045752
0 0.312132 0.696732 0.011029 0.036601
0 0.320588 0.705229 0.014706 0.050980
0 0.325000 0.701307 0.008824 0.027451
0 0.597426 0.283660 0.012500 0.033987
0 0.604044 0.354248 0.011029 0.033987
0 0.598529 0.363399 0.014706 0.039216
0 0.612868 0.380392 0.012500 0.044444
0 0.619853 0.432026 0.019118 0.043137
0 0.627574 0.417647 0.008088 0.024837
0 0.644118 0.181046 0.014706 0.045752
0 0.906985 0.198039 0.015441 0.043137
