0 0.890667 0.858333 0.015625 0.053704
0 0.880469 0.865278 0.020313 0.052778
0 0.860719 0.861574 0.016146 0.056481
0 0.945302 0.849537 0.015625 0.058333
0 0.287500 0.795833 0.017708 0.049074
0 0.380208 0.481944 0.013542 0.041667
0 0.367969 0.459259 0.008854 0.029630
0 0.395313 0.364815 0.007292 0.031481
0 0.412500 0.350926 0.007292 0.022222
0 0.404062 0.311111 0.006250 0.031481
0 0.386458 0.299537 0.005208 0.028704
0 0.384635 0.295833 0.004687 0.026852
0 0.450823 0.252315 0.005729 0.023148
0 0.408854 0.249537 0.007292 0.021296
0 0.436719 0.231944 0.005729 0.019444
0 0.446354 0.212037 0.006250 0.020370
0 0.436709 0.175926 0.004687 0.020370
0 0.451042 0.145370 0.004167 0.012963
0 0.432292 0.024537 0.003125 0.017593
0 0.430510 0.123148 0.003646 0.018519
0 0.450520 0.067130 0.004167 0.013889
0 0.515365 0.147685 0.002604 0.012037
0 0.516146 0.149537 0.003125 0.012037
0 0.517708 0.157870 0.004167 0.013889
0 0.521094 0.168981 0.004687 0.017593
0 0.533073 0.181019 0.004687 0.015741
0 0.536198 0.190741 0.004687 0.018519
0 0.549209 0.224074 0.006771 0.020370
0 0.532031 0.227315 0.004687 0.017593
0 0.491146 0.274537 0.007292 0.025000
0 0.523958 0.358333 0.007292 0.024074
0 0.551302 0.347685 0.006771 0.026852
0 0.539844 0.375000 0.006771 0.024074
0 0.543750 0.413889 0.007292 0.029630
0 0.521875 0.450926 0.006250 0.018519
0 0.522656 0.445833 0.007812 0.025000
0 0.551823 0.461111 0.009896 0.025926
0 0.575781 0.391204 0.006771 0.026852
