0 0.073062 0.059477 0.008088 0.032680
0 0.063235 0.060031 0.007353 0.031373
0 0.058088 0.068627 0.008824 0.027450
0 0.005515 0.038562 0.006618 0.022222
0 0.016176 0.020261 0.007353 0.027451
0 0.001471 0.022222 0.004412 0.013072
0 0.098062 0.018954 0.003676 0.022222
0 0.059559 0.078431 0.005882 0.031373
0 0.242279 0.200307 0.012500 0.041830
0 0.044018 0.147712 0.007353 0.039216
0 0.036029 0.050327 0.008824 0.039216
0 0.269853 0.007843 0.008824 0.030065
0 0.295588 0.099346 0.007353 0.033987
0 0.304044 0.097386 0.006608 0.032680
0 0.305441 0.095425 0.005882 0.031373
0 0.307647 0.090196 0.005882 0.033987
0 0.333456 0.090503 0.006618 0.031373
0 0.360397 0.090850 0.005147 0.024837
0 0.376838 0.090850 0.005047 0.030065
0 0.394853 0.080392 0.004402 0.024837
0 0.400000 0.080392 0.004402 0.027451
0 0.402574 0.079739 0.005047 0.023529
0 0.280047 0.174510 0.007353 0.037908
0 0.277940 0.171242 0.004412 0.023529
0 0.272794 0.201111 0.010294 0.037908
0 0.409559 0.090503 0.005882 0.028758
0 0.449632 0.089542 0.005047 0.024837
0 0.622426 0.058824 0.005047 0.028758
0 0.606912 0.060131 0.004412 0.026144
0 0.601397 0.058824 0.005147 0.028758
0 0.684091 0.047059 0.005147 0.026144
0 0.530882 0.052940 0.004412 0.024837
0 0.538970 0.054248 0.004412 0.024837
0 0.535294 0.054248 0.004402 0.027451
0 0.846690 0.328105 0.009559 0.049673
0 0.827206 0.320905 0.013235 0.050980
0 0.706985 0.259477 0.008088 0.040523
0 0.627940 0.196732 0.010294 0.040523
0 0.736029 0.257506 0.008824 0.044444
0 0.752206 0.274500 0.008824 0.044444
0 0.743005 0.269935 0.008088 0.032680
0 0.475368 0.050327 0.008088 0.027450
0 0.488970 0.054248 0.004412 0.027451
0 0.494485 0.050327 0.005047 0.024837
0 0.483456 0.054902 0.003676 0.026044
0 0.492279 0.056209 0.003676 0.026044
0 0.675000 0.047712 0.005882 0.016993
0 0.692647 0.050327 0.005882 0.016993
0 0.700368 0.215686 0.008088 0.020915
0 0.691176 0.218301 0.007353 0.028758
0 0.676838 0.213725 0.008088 0.030065
0 0.660294 0.206536 0.007353 0.028758
0 0.666912 0.211111 0.007353 0.030065
0 0.656985 0.075163 0.008088 0.036601
0 0.666544 0.071242 0.008088 0.036601
0 0.680882 0.073203 0.007353 0.030065
0 0.690912 0.160131 0.007353 0.030065
0 0.695588 0.062745 0.007353 0.030065
0 0.806250 0.096078 0.008088 0.041830
0 0.802500 0.194771 0.008824 0.041830
0 0.822059 0.200307 0.008824 0.041830
0 0.702500 0.186928 0.005882 0.036601
