0 0.572907 0.893981 0.018750 0.073148
0 0.094792 0.211111 0.007292 0.037037
0 0.056500 0.307870 0.010937 0.043519
0 0.070573 0.300000 0.000937 0.037037
0 0.006146 0.318519 0.009375 0.040741
0 0.007969 0.311574 0.013021 0.039815
0 0.164844 0.281019 0.009896 0.039815
0 0.179688 0.260648 0.006250 0.021296
0 0.180729 0.256944 0.008333 0.032407
0 0.184375 0.257870 0.008333 0.026852
0 0.127344 0.383333 0.011979 0.033333
0 0.578125 0.503704 0.013542 0.051852
0 0.522917 0.270370 0.006250 0.027778
0 0.401562 0.110185 0.004167 0.018519
0 0.404167 0.106019 0.004167 0.021296
0 0.404427 0.105093 0.002604 0.010185
0 0.426823 0.059259 0.003646 0.020370
0 0.496875 0.033796 0.004067 0.019444
0 0.500000 0.035648 0.003025 0.017593
0 0.507030 0.028241 0.002604 0.015741
0 0.622917 0.056481 0.005208 0.011111
0 0.609015 0.071296 0.003646 0.018519
0 0.759896 0.022222 0.006250 0.020370
0 0.509010 0.026389 0.001563 0.017593
0 0.503802 0.013889 0.002604 0.012963
