0 0.236029 0.376471 0.029412 0.083660
0 0.477941 0.319608 0.023529 0.064052
0 0.645220 0.288235 0.022794 0.071895
0 0.748897 0.097386 0.009853 0.069281
0 0.800103 0.409150 0.031618 0.078431
0 0.908456 0.269935 0.028676 0.074510
0 0.954412 0.427451 0.032353 0.083660
0 0.893005 0.339869 0.025735 0.078431
0 0.865809 0.352940 0.033088 0.070588
0 0.872426 0.365359 0.027206 0.077024
0 0.716912 0.565359 0.027941 0.058824
0 0.724265 0.583007 0.027941 0.054902
0 0.863970 0.020261 0.022059 0.040523
0 0.666902 0.034641 0.020588 0.069281
0 0.645588 0.007647 0.016176 0.035294
0 0.665809 0.028005 0.019853 0.056209
