0 0.412760 0.704630 0.015104 0.061111
0 0.203025 0.943981 0.031250 0.112037
0 0.706770 0.774074 0.009375 0.070370
0 0.653385 0.896759 0.052604 0.071296
0 0.636458 0.861574 0.017708 0.049074
0 0.618229 0.863426 0.017708 0.049074
0 0.615625 0.723148 0.014583 0.061111
0 0.746605 0.651852 0.007812 0.044444
0 0.538281 0.635185 0.006771 0.035185
0 0.542969 0.611111 0.005729 0.027778
0 0.551042 0.633796 0.008333 0.039815
0 0.563802 0.635185 0.007812 0.040741
0 0.576042 0.625463 0.009375 0.039815
0 0.572907 0.616204 0.005208 0.034259
0 0.619792 0.638426 0.012500 0.036111
0 0.618229 0.625926 0.009375 0.031481
