0 0.564706 0.447712 0.010294 0.032680
0 0.566176 0.466667 0.011765 0.031373
0 0.540176 0.298693 0.010294 0.050980
0 0.563970 0.387582 0.013235 0.053595
0 0.585294 0.425490 0.000294 0.069281
0 0.600735 0.428758 0.008824 0.060031
0 0.606985 0.370588 0.001029 0.050980
0 0.506608 0.204575 0.010294 0.050980
0 0.493382 0.087582 0.010294 0.043137
0 0.480047 0.248366 0.013235 0.052288
0 0.453309 0.298693 0.008088 0.050980
0 0.430985 0.292157 0.012500 0.058824
0 0.408015 0.227451 0.013971 0.054902
0 0.401029 0.342484 0.008824 0.060131
0 0.403676 0.326797 0.007353 0.052288
0 0.420956 0.330373 0.009559 0.058824
0 0.943382 0.639869 0.014706 0.058824
0 0.526471 0.243137 0.010294 0.031373
0 0.097059 0.390850 0.016176 0.057516
0 0.237868 0.383007 0.008382 0.062745
0 0.779412 0.117647 0.007353 0.033987
0 0.644118 0.688235 0.020588 0.053595
0 0.654044 0.861438 0.024265 0.060131
0 0.650368 0.839216 0.018382 0.057516
0 0.583824 0.407843 0.000294 0.052288
0 0.609926 0.050327 0.009559 0.030065
0 0.236397 0.572549 0.018382 0.044444
