0 0.642448 0.748048 0.016146 0.087037
0 0.650000 0.743056 0.002500 0.041667
0 0.006250 0.551852 0.011458 0.051852
0 0.554688 0.093519 0.008333 0.035185
0 0.550000 0.137037 0.008333 0.025926
0 0.989323 0.073611 0.008854 0.028704
0 0.986979 0.070370 0.005208 0.025926
0 0.517969 0.037963 0.004687 0.016667
0 0.308229 0.046296 0.004167 0.020370
0 0.342969 0.037037 0.007812 0.012963
0 0.319531 0.063889 0.005729 0.016667
0 0.265625 0.074074 0.005208 0.022222
0 0.259896 0.077778 0.006250 0.024074
0 0.239844 0.080556 0.004687 0.024074
0 0.238802 0.080019 0.008854 0.025000
