0 0.502083 0.677778 0.008333 0.037037
0 0.577083 0.697222 0.008333 0.024074
0 0.682813 0.692593 0.007292 0.025926
0 0.974479 0.611111 0.007292 0.022222
0 0.987500 0.614815 0.008333 0.022222
0 0.871875 0.530556 0.006250 0.024074
0 0.880208 0.537963 0.008333 0.020370
0 0.773958 0.555556 0.004167 0.018519
0 0.777604 0.555556 0.005208 0.022222
0 0.764062 0.512037 0.007292 0.020370
0 0.774479 0.501852 0.007292 0.022222
0 0.582292 0.471296 0.006250 0.020370
0 0.617708 0.431481 0.006250 0.018519
0 0.767708 0.312037 0.004167 0.012963
0 0.888021 0.278704 0.003125 0.012963
0 0.217188 0.473148 0.009375 0.020370
0 0.368229 0.247222 0.005208 0.020370
0 0.084375 0.407593 0.006250 0.024074
0 0.067708 0.422222 0.006250 0.029630
