0 0.588603 0.962092 0.002500 0.054902
0 0.094118 0.430719 0.007353 0.032680
0 0.320691 0.242484 0.003676 0.022222
0 0.270691 0.235948 0.005147 0.022222
0 0.395956 0.238562 0.003676 0.024837
0 0.390440 0.233987 0.004412 0.023529
0 0.557353 0.286928 0.007353 0.014379
0 0.505441 0.231373 0.004412 0.023529
0 0.437500 0.272549 0.004402 0.022222
0 0.434091 0.269935 0.005147 0.024837
0 0.438970 0.258170 0.005882 0.024837
0 0.434926 0.254248 0.005047 0.024837
0 0.438603 0.247059 0.005047 0.023529
0 0.437500 0.232026 0.004402 0.022222
0 0.439706 0.233987 0.004402 0.020915
0 0.472059 0.061438 0.005882 0.019608
0 0.292647 0.071895 0.004412 0.019608
0 0.301029 0.143791 0.004412 0.015686
0 0.320588 0.031373 0.004412 0.016993
0 0.498162 0.084967 0.003676 0.010458
0 0.434559 0.050980 0.002940 0.015686
0 0.431985 0.064052 0.003676 0.013072
