0 0.392279 0.433333 0.003971 0.048366
0 0.339338 0.295425 0.012500 0.041830
0 0.347059 0.085621 0.007353 0.036601
0 0.082353 0.201961 0.007353 0.032680
0 0.088603 0.193464 0.006618 0.031373
0 0.088603 0.201307 0.006618 0.031373
0 0.253309 0.030719 0.006618 0.026144
0 0.254779 0.024183 0.006618 0.026144
0 0.418750 0.096732 0.008088 0.023529
0 0.396691 0.040523 0.005147 0.018301
0 0.442647 0.093464 0.007353 0.027451
0 0.441544 0.005882 0.003676 0.011765
0 0.453309 0.066003 0.005147 0.027451
0 0.459091 0.067320 0.005147 0.027451
0 0.462868 0.050327 0.003676 0.022222
0 0.466912 0.013072 0.004412 0.015686
0 0.474265 0.077778 0.005882 0.024837
0 0.480047 0.106536 0.004412 0.022222
0 0.488235 0.008497 0.005882 0.023529
0 0.480047 0.130065 0.004412 0.030065
0 0.486029 0.031373 0.007353 0.027451
0 0.467647 0.197386 0.007353 0.026144
0 0.534926 0.086275 0.006618 0.030065
0 0.537032 0.252941 0.008088 0.040523
0 0.527940 0.258170 0.005882 0.037908
0 0.555882 0.250327 0.005882 0.035294
0 0.520691 0.356209 0.009559 0.050980
0 0.570956 0.333333 0.009559 0.044444
0 0.703676 0.372549 0.001765 0.039216
0 0.704412 0.377778 0.008824 0.026144
0 0.700294 0.449020 0.010294 0.053595
0 0.740912 0.512418 0.013235 0.062745
0 0.765809 0.500654 0.001029 0.057516
0 0.756618 0.618954 0.005882 0.037908
0 0.758824 0.634640 0.014706 0.066667
0 0.613971 0.854248 0.026471 0.074510
0 0.837868 0.740523 0.005441 0.069281
0 0.833088 0.622222 0.025000 0.067974
0 0.848897 0.639206 0.024265 0.065359
