0 0.376042 0.889805 0.014583 0.109259
0 0.501458 0.932407 0.027083 0.135185
0 0.350042 0.701852 0.020833 0.103704
0 0.427604 0.809259 0.023958 0.062963
0 0.403646 0.642593 0.005625 0.077778
0 0.042708 0.737963 0.020833 0.105556
0 0.607708 0.739815 0.020833 0.068519
0 0.603025 0.737037 0.010417 0.051852
0 0.424479 0.474074 0.009375 0.048048
0 0.382802 0.371296 0.007292 0.031481
0 0.353125 0.609259 0.016667 0.040741
0 0.326042 0.759259 0.020833 0.003704
0 0.445833 0.360085 0.006250 0.024074
0 0.448437 0.300185 0.005208 0.016667
0 0.480250 0.331481 0.006250 0.018519
0 0.505625 0.332407 0.006250 0.024074
0 0.555208 0.620296 0.014583 0.053704
0 0.690667 0.835185 0.025000 0.074074
0 0.704688 0.494444 0.001458 0.040741
0 0.576042 0.404630 0.012500 0.042593
