0 0.003309 0.514379 0.012500 0.050980
0 0.090912 0.512418 0.010294 0.049673
0 0.106985 0.439869 0.008088 0.032680
0 0.055147 0.448366 0.010294 0.033987
0 0.350103 0.256863 0.003676 0.014379
0 0.350735 0.250634 0.004412 0.019608
0 0.356985 0.255556 0.003676 0.004379
0 0.392647 0.265359 0.002940 0.018301
0 0.372794 0.265359 0.004412 0.007843
0 0.518750 0.326144 0.003676 0.014379
0 0.483824 0.305882 0.004402 0.013072
0 0.536765 0.334641 0.005882 0.015686
0 0.569485 0.360784 0.006618 0.020915
0 0.688970 0.427451 0.005882 0.039216
0 0.695956 0.426044 0.008088 0.039216
0 0.690912 0.404575 0.007353 0.030065
0 0.708824 0.491503 0.011765 0.033987
0 0.731618 0.492157 0.010294 0.030065
0 0.750368 0.486928 0.011029 0.037908
0 0.753676 0.588889 0.001765 0.069281
0 0.765440 0.600000 0.013235 0.062745
0 0.793015 0.605229 0.015441 0.049673
0 0.812132 0.562092 0.015441 0.039216
0 0.779779 0.705882 0.016912 0.057516
0 0.842279 0.699346 0.016912 0.065359
0 0.912868 0.729412 0.027206 0.075817
0 0.946324 0.635948 0.019118 0.056209
0 0.977206 0.692057 0.020588 0.084967
0 0.952574 0.822876 0.020324 0.090196
0 0.978676 0.798039 0.009118 0.079739
0 0.986029 0.878431 0.027941 0.065359
