0 0.656985 0.804379 0.011029 0.060131
0 0.640912 0.611765 0.010294 0.041830
0 0.636029 0.607843 0.000294 0.041830
0 0.602868 0.543137 0.008088 0.040523
0 0.614338 0.534641 0.003676 0.020915
0 0.456608 0.903268 0.013235 0.062745
0 0.009485 0.860131 0.018382 0.062745
0 0.039338 0.847702 0.016912 0.061438
0 0.365440 0.384314 0.005882 0.033987
0 0.374265 0.373856 0.005882 0.028758
0 0.383824 0.380699 0.007353 0.033987
0 0.401765 0.353595 0.005882 0.032680
0 0.405441 0.349673 0.005882 0.027451
0 0.523529 0.262092 0.005882 0.022222
0 0.509118 0.264706 0.004412 0.014379
0 0.548062 0.220261 0.005147 0.024837
0 0.678676 0.225490 0.004402 0.022222
0 0.263603 0.803268 0.002500 0.053595
0 0.271691 0.813725 0.016912 0.056209
0 0.122059 0.660784 0.011765 0.040523
0 0.116544 0.664052 0.011029 0.039216
0 0.148529 0.879739 0.020588 0.060131
0 0.143382 0.870588 0.017647 0.057516
0 0.174632 0.604575 0.013971 0.040523
0 0.404779 0.845752 0.016912 0.047059
0 0.370588 0.960784 0.003235 0.062745
0 0.376470 0.979739 0.010294 0.040523
0 0.523897 0.979085 0.015441 0.041830
0 0.580147 0.671895 0.013235 0.047059
0 0.528676 0.639869 0.013235 0.037908
0 0.662132 0.556209 0.009559 0.037908
0 0.638235 0.415033 0.007353 0.030065
0 0.640809 0.385621 0.006618 0.026144
0 0.668382 0.330719 0.007353 0.020915
0 0.789338 0.209150 0.003676 0.013072
0 0.823897 0.267320 0.006618 0.016993
0 0.837500 0.268627 0.005882 0.016993
0 0.024265 0.773203 0.017647 0.045752
0 0.040441 0.368627 0.008824 0.036601
0 0.152574 0.352288 0.008088 0.019608
0 0.175000 0.369281 0.007353 0.019608
0 0.294853 0.411111 0.004412 0.019608
0 0.290441 0.413725 0.010294 0.019608
0 0.359926 0.428105 0.006618 0.024837
0 0.354044 0.422876 0.008088 0.024837
0 0.359191 0.415686 0.006618 0.020915
0 0.373162 0.418301 0.006618 0.020915
0 0.990544 0.347712 0.006618 0.031373
0 0.802868 0.229412 0.005147 0.019608
0 0.878309 0.085621 0.005147 0.015686
0 0.578676 0.354902 0.005882 0.022222
