0 0.940544 0.227451 0.013971 0.047059
0 0.901397 0.225490 0.011029 0.045752
0 0.882353 0.209804 0.000294 0.048366
0 0.800368 0.337255 0.009559 0.052288
0 0.792279 0.338562 0.008088 0.052288
0 0.795220 0.324837 0.008088 0.048366
0 0.750103 0.323529 0.009559 0.053595
0 0.740544 0.324183 0.008088 0.057516
0 0.756250 0.362092 0.008088 0.052288
0 0.673897 0.300458 0.009559 0.043137
0 0.653309 0.287582 0.008088 0.044444
0 0.766076 0.215033 0.008824 0.045752
0 0.759091 0.210458 0.009559 0.041830
0 0.630985 0.269935 0.009559 0.043137
0 0.628676 0.200654 0.008824 0.048366
0 0.770956 0.373203 0.002500 0.061438
0 0.769853 0.349673 0.007353 0.032680
0 0.667279 0.024183 0.008088 0.011765
0 0.580985 0.144444 0.009559 0.035294
0 0.583456 0.079739 0.005047 0.031373
0 0.540176 0.058170 0.007353 0.024837
0 0.548529 0.045098 0.005882 0.022222
0 0.523529 0.095425 0.008824 0.040523
0 0.502940 0.186928 0.010294 0.044444
0 0.480985 0.181046 0.008088 0.040523
0 0.472794 0.078431 0.007353 0.040523
0 0.460397 0.183660 0.011029 0.037908
0 0.525368 0.090196 0.008088 0.045752
0 0.500294 0.153595 0.005882 0.043137
0 0.505074 0.152288 0.008088 0.043137
0 0.502574 0.049673 0.011029 0.043137
0 0.488235 0.044444 0.010294 0.032680
0 0.433088 0.061438 0.008824 0.037908
0 0.447794 0.026797 0.007353 0.041830
0 0.439706 0.025490 0.010294 0.044444
0 0.405074 0.198039 0.008088 0.037908
0 0.409559 0.203922 0.001765 0.036601
0 0.397059 0.069281 0.013235 0.043137
0 0.400735 0.076471 0.005882 0.028758
0 0.426103 0.103922 0.008088 0.030065
0 0.407353 0.089542 0.008824 0.022222
0 0.394018 0.128758 0.007353 0.040523
0 0.380250 0.145752 0.006618 0.032680
0 0.382720 0.123529 0.006618 0.037908
0 0.363970 0.055556 0.007353 0.030065
0 0.353676 0.060031 0.008824 0.031373
0 0.324632 0.052940 0.008088 0.027451
0 0.303235 0.068627 0.007353 0.032680
0 0.308088 0.066003 0.007353 0.035294
0 0.282353 0.064052 0.005882 0.030373
0 0.079044 0.030065 0.011029 0.037908
0 0.092647 0.024837 0.008824 0.037908
0 0.083456 0.027451 0.008088 0.035294
0 0.002574 0.123529 0.013971 0.037908
0 0.021324 0.065359 0.007353 0.033987
0 0.048529 0.062092 0.004412 0.030065
0 0.054044 0.064706 0.005147 0.030065
0 0.055147 0.060131 0.005882 0.031373
0 0.061765 0.060784 0.010294 0.032680
0 0.060662 0.062092 0.006618 0.030065
0 0.044118 0.124837 0.010294 0.037908
0 0.041544 0.164052 0.009559 0.037908
0 0.054412 0.164052 0.008824 0.035294
0 0.070956 0.158170 0.011029 0.036601
0 0.015074 0.071242 0.006618 0.016993
0 0.019485 0.071895 0.008088 0.015686
0 0.230882 0.006536 0.010294 0.040523
0 0.233824 0.021569 0.007353 0.031373
0 0.239338 0.021569 0.009559 0.033987
0 0.247794 0.021569 0.007353 0.036601
0 0.273062 0.117647 0.006618 0.033987
0 0.275735 0.018301 0.007353 0.035294
0 0.280250 0.120261 0.008088 0.031373
0 0.286765 0.019608 0.004412 0.030065
0 0.289338 0.023529 0.006618 0.037908
0 0.294018 0.120261 0.005882 0.033987
0 0.298897 0.016340 0.006618 0.033987
0 0.292647 0.015686 0.004412 0.035294
0 0.280618 0.102614 0.004412 0.037908
0 0.289338 0.001307 0.006618 0.032680
0 0.295956 0.002614 0.005147 0.027451
0 0.304402 0.118954 0.005882 0.031373
0 0.309091 0.122876 0.006618 0.033987
0 0.307647 0.124837 0.008824 0.035294
0 0.324632 0.026144 0.005147 0.035294
0 0.338970 0.120915 0.007353 0.035294
0 0.354402 0.118301 0.005882 0.032680
0 0.355047 0.115033 0.007353 0.031373
0 0.339338 0.016993 0.008088 0.032680
0 0.323062 0.116340 0.005147 0.033987
0 0.329779 0.016340 0.008088 0.039216
0 0.339706 0.005882 0.010294 0.039216
0 0.533824 0.062745 0.005882 0.028758
