0 0.400938 0.528704 0.004167 0.025926
0 0.432802 0.688889 0.008333 0.027778
0 0.390004 0.839815 0.006250 0.044444
0 0.507188 0.675000 0.008333 0.033333
0 0.401979 0.487963 0.002083 0.018519
0 0.485417 0.570370 0.005208 0.016667
0 0.470312 0.479630 0.002083 0.016667
0 0.537500 0.674074 0.005208 0.024074
0 0.536458 0.695370 0.005208 0.022222
0 0.506771 0.782407 0.008333 0.022222
0 0.531250 0.788889 0.007292 0.024074
0 0.511979 0.832407 0.006250 0.025926
0 0.530208 0.852778 0.009375 0.033333
0 0.303542 0.834259 0.009375 0.037037
0 0.553025 0.873148 0.007292 0.033333
0 0.506667 0.604630 0.007292 0.033333
0 0.520302 0.620370 0.006250 0.027778
0 0.527083 0.602037 0.007292 0.018519
0 0.455729 0.687037 0.006250 0.027778
0 0.447907 0.657407 0.007292 0.027778
0 0.445312 0.741667 0.004167 0.022222
0 0.538020 0.618981 0.007292 0.032407
0 0.536458 0.597685 0.007292 0.026852
0 0.544792 0.608056 0.005208 0.028704
0 0.555208 0.619444 0.005208 0.024074
0 0.547656 0.599537 0.005729 0.032407
0 0.500781 0.497685 0.003646 0.013889
0 0.501823 0.518519 0.004687 0.016667
0 0.512760 0.505093 0.004687 0.017593
0 0.521615 0.517130 0.006771 0.019444
0 0.510417 0.524537 0.004167 0.013889
0 0.505469 0.573148 0.005729 0.020370
0 0.509375 0.574537 0.006250 0.017593
0 0.520302 0.411111 0.004167 0.018519
0 0.511979 0.414815 0.004167 0.012963
0 0.505729 0.431481 0.004167 0.014815
0 0.501042 0.374074 0.003125 0.012963
0 0.495312 0.358333 0.002083 0.009259
0 0.506510 0.357407 0.002604 0.007407
0 0.507552 0.369444 0.002604 0.012963
0 0.459635 0.458796 0.003646 0.009444
0 0.464844 0.458796 0.003646 0.009444
0 0.462240 0.424537 0.004687 0.020296
0 0.471875 0.410185 0.003125 0.012963
0 0.504844 0.342130 0.003646 0.015741
0 0.462500 0.385648 0.005208 0.009444
0 0.462240 0.376852 0.003646 0.008519
0 0.480250 0.298611 0.003125 0.012037
0 0.347396 0.435085 0.004167 0.018519
0 0.383333 0.420296 0.003125 0.012963
0 0.377344 0.419907 0.005729 0.015741
0 0.350260 0.404352 0.003646 0.017593
0 0.353385 0.403889 0.004687 0.016667
0 0.302240 0.453241 0.003646 0.019444
0 0.373177 0.440278 0.004687 0.013889
0 0.382292 0.400926 0.003125 0.011111
0 0.389583 0.402315 0.004167 0.012037
0 0.376823 0.400926 0.003646 0.011111
0 0.370833 0.410185 0.003125 0.012963
0 0.399209 0.490741 0.005729 0.022222
