0 0.014338 0.767974 0.018382 0.069281
0 0.429412 0.687582 0.017647 0.044444
0 0.426838 0.595425 0.012500 0.035294
0 0.630515 0.949673 0.016912 0.045752
0 0.284559 0.586275 0.014706 0.032680
0 0.425000 0.383660 0.008824 0.022222
0 0.440441 0.382353 0.010294 0.022222
0 0.326471 0.424183 0.007353 0.024837
0 0.331618 0.426144 0.007353 0.020915
0 0.939338 0.790196 0.015441 0.056209
0 0.958088 0.796078 0.013235 0.057516
0 0.954779 0.775817 0.011029 0.045752
0 0.429044 0.311111 0.008088 0.018301
0 0.388603 0.220915 0.006618 0.018301
0 0.482720 0.198693 0.005147 0.023529
0 0.487500 0.098039 0.004412 0.022222
0 0.347426 0.204575 0.005047 0.016993
0 0.342279 0.097386 0.003676 0.015686
0 0.560765 0.204575 0.005882 0.022222
0 0.620324 0.213725 0.004412 0.022222
0 0.605882 0.203725 0.002941 0.016993
0 0.606250 0.207090 0.003676 0.016993
0 0.533456 0.157516 0.003676 0.011765
0 0.523529 0.143791 0.004412 0.007843
0 0.524632 0.137255 0.003676 0.010458
0 0.515441 0.085621 0.002941 0.006536
0 0.709853 0.310458 0.005882 0.027451
0 0.733456 0.320905 0.005147 0.027451
0 0.725735 0.304379 0.005882 0.027451
0 0.817279 0.378431 0.011029 0.022222
0 0.727206 0.308497 0.005882 0.015686
