0 0.840440 0.720261 0.038235 0.141176
0 0.804779 0.639206 0.044853 0.117647
0 0.736765 0.669280 0.032353 0.133333
0 0.734926 0.654248 0.030047 0.132026
0 0.306608 0.762745 0.032353 0.113725
0 0.250368 0.696732 0.030618 0.128105
0 0.268750 0.660031 0.038971 0.138562
0 0.088970 0.625490 0.048529 0.134641
0 0.043005 0.593464 0.030147 0.128105
0 0.056250 0.537908 0.022794 0.011111
0 0.009559 0.509050 0.011765 0.045752
0 0.007353 0.480046 0.013235 0.047059
0 0.030505 0.494771 0.012500 0.050980
0 0.038235 0.470588 0.014706 0.039216
0 0.022059 0.447059 0.017647 0.054902
0 0.020691 0.431373 0.013971 0.052288
0 0.005047 0.417647 0.008824 0.035294
0 0.006608 0.439869 0.010294 0.040523
0 0.050838 0.490850 0.013971 0.043137
0 0.052206 0.478430 0.011765 0.044444
0 0.062868 0.482353 0.001029 0.057516
0 0.064706 0.473203 0.004706 0.060131
0 0.058456 0.435294 0.003971 0.052288
0 0.105882 0.439869 0.014706 0.035294
0 0.005882 0.394771 0.011765 0.052288
0 0.017279 0.376471 0.012500 0.044444
0 0.018015 0.358170 0.013971 0.039216
0 0.006912 0.327451 0.011765 0.027451
0 0.034091 0.334641 0.011029 0.044444
0 0.040440 0.339216 0.013235 0.048366
0 0.069485 0.330065 0.013971 0.040523
0 0.059559 0.088889 0.005882 0.030065
0 0.055505 0.187582 0.008088 0.030065
0 0.077206 0.267320 0.008824 0.040523
0 0.084091 0.275163 0.008088 0.040523
0 0.093382 0.273203 0.008824 0.039206
0 0.098897 0.302614 0.012500 0.037908
0 0.115441 0.313725 0.008824 0.028758
0 0.021691 0.332026 0.006618 0.041830
0 0.077574 0.331373 0.011029 0.048366
0 0.000735 0.244444 0.010294 0.036601
0 0.088970 0.192157 0.010294 0.031373
0 0.003309 0.195425 0.009559 0.030065
0 0.042279 0.203922 0.006618 0.033987
0 0.022426 0.181046 0.006618 0.030065
0 0.045588 0.183660 0.005882 0.022222
0 0.047426 0.179085 0.006618 0.020915
0 0.044118 0.177778 0.005882 0.020915
0 0.089338 0.167320 0.005147 0.023529
0 0.093015 0.158170 0.005147 0.026144
0 0.200735 0.064706 0.005882 0.026144
0 0.202132 0.165359 0.003676 0.030065
0 0.200294 0.164706 0.005882 0.023529
0 0.220220 0.169281 0.006618 0.032680
0 0.135662 0.269281 0.008088 0.028758
0 0.182721 0.229412 0.006618 0.027451
0 0.190074 0.217647 0.008088 0.024837
0 0.214338 0.201961 0.009559 0.022222
0 0.222794 0.084967 0.005882 0.024837
0 0.229044 0.193464 0.006618 0.020915
0 0.200368 0.262092 0.008088 0.037908
0 0.209559 0.247702 0.010294 0.037908
0 0.220220 0.249673 0.008088 0.031373
0 0.226470 0.241176 0.005882 0.032680
0 0.207647 0.238562 0.007353 0.027451
0 0.229402 0.222876 0.005882 0.032680
0 0.242647 0.198039 0.007353 0.019608
0 0.244118 0.179085 0.007353 0.020915
0 0.259926 0.219608 0.008088 0.026144
0 0.263235 0.205882 0.005882 0.024837
0 0.267647 0.098693 0.007353 0.031373
0 0.270324 0.205229 0.004412 0.023529
0 0.274632 0.200000 0.005047 0.023529
0 0.276003 0.191503 0.006618 0.022222
0 0.279402 0.196732 0.005882 0.022222
0 0.292279 0.088889 0.006618 0.024837
0 0.281985 0.126797 0.003676 0.015686
0 0.300735 0.138562 0.005882 0.018301
0 0.302132 0.126144 0.003676 0.022222
0 0.307647 0.127451 0.004412 0.022222
0 0.322794 0.028105 0.004412 0.023529
0 0.355047 0.103922 0.004412 0.024837
0 0.360662 0.096078 0.003676 0.022222
0 0.360397 0.073856 0.005147 0.016993
0 0.426003 0.078431 0.019853 0.039216
0 0.569485 0.001961 0.005147 0.018301
0 0.575735 0.028758 0.004412 0.022222
0 0.570956 0.337255 0.009559 0.031373
0 0.645588 0.396732 0.008824 0.035294
0 0.637868 0.430065 0.008088 0.054902
0 0.654412 0.424837 0.010294 0.031373
0 0.661765 0.457516 0.010294 0.033987
0 0.795220 0.198693 0.008088 0.028758
0 0.773062 0.230719 0.005147 0.032680
0 0.766544 0.227450 0.006618 0.031373
0 0.763603 0.252288 0.005047 0.031373
0 0.770588 0.247702 0.005882 0.035294
0 0.806912 0.220261 0.008824 0.027451
0 0.820588 0.208301 0.004412 0.023529
0 0.829402 0.201961 0.004412 0.024837
0 0.833456 0.200961 0.005147 0.027451
0 0.848529 0.208301 0.005882 0.028758
0 0.860397 0.211111 0.005147 0.030065
0 0.895956 0.222876 0.005047 0.027451
0 0.874632 0.232680 0.008088 0.026044
0 0.870324 0.211765 0.005882 0.028758
0 0.866544 0.200458 0.005147 0.028758
0 0.877574 0.220569 0.005147 0.024837
0 0.874632 0.204379 0.005147 0.026144
0 0.734091 0.290196 0.008088 0.041830
0 0.736765 0.322222 0.008824 0.043037
0 0.795956 0.349020 0.009559 0.040830
0 0.683088 0.400654 0.001765 0.043137
0 0.697059 0.400961 0.008824 0.037908
0 0.695220 0.407843 0.008088 0.049673
0 0.705505 0.409150 0.008088 0.044444
0 0.720691 0.364706 0.008088 0.039216
0 0.726838 0.377024 0.006618 0.048366
0 0.733456 0.386928 0.009559 0.047059
0 0.890074 0.543037 0.027206 0.105882
0 0.873529 0.538562 0.006176 0.070588
0 0.859091 0.537255 0.016912 0.075817
0 0.853309 0.525490 0.009853 0.067974
0 0.824632 0.558824 0.006912 0.061438
0 0.807720 0.557516 0.016912 0.069281
0 0.802132 0.532026 0.011029 0.052288
0 0.829044 0.545752 0.002500 0.064052
0 0.835294 0.486928 0.003235 0.061438
0 0.750103 0.507190 0.012500 0.052288
0 0.739706 0.503922 0.006176 0.050980
0 0.736765 0.483660 0.001765 0.052288
0 0.767279 0.422876 0.002500 0.056209
0 0.780047 0.426144 0.007353 0.054902
0 0.798062 0.430719 0.008088 0.048366
0 0.807720 0.432680 0.011029 0.052288
0 0.749265 0.376470 0.008824 0.047059
0 0.754402 0.365359 0.007353 0.045752
0 0.768005 0.392157 0.009559 0.041830
0 0.788970 0.411111 0.007353 0.045752
0 0.802206 0.407843 0.008824 0.044444
0 0.790912 0.390196 0.008824 0.040523
0 0.780505 0.386275 0.008088 0.032680
0 0.784559 0.377778 0.005882 0.028758
0 0.776470 0.376471 0.008824 0.036601
0 0.809559 0.370588 0.010294 0.030065
0 0.804044 0.390503 0.009559 0.040523
0 0.770324 0.349020 0.010294 0.039216
