0 0.273897 0.090096 0.009559 0.047059
0 0.282353 0.090503 0.008824 0.044444
0 0.220588 0.027450 0.008824 0.036601
0 0.203971 0.026797 0.008824 0.040523
0 0.206985 0.026044 0.008088 0.039216
0 0.081250 0.032680 0.008088 0.039216
0 0.081250 0.024837 0.006618 0.036601
0 0.089706 0.028105 0.008824 0.043137
0 0.095956 0.028758 0.009559 0.041830
0 0.114706 0.621569 0.041176 0.090196
0 0.110662 0.643137 0.022794 0.060131
0 0.542647 0.219608 0.020588 0.052288
0 0.447426 0.496078 0.020324 0.103268
0 0.455047 0.488235 0.025000 0.090196
0 0.625000 0.418954 0.023529 0.071895
0 0.755882 0.429412 0.026471 0.087582
0 0.855882 0.398039 0.022059 0.082353
0 0.904044 0.408301 0.027206 0.083660
0 0.462500 0.049020 0.011765 0.043137
0 0.476471 0.047712 0.010294 0.035294
0 0.727940 0.024837 0.010294 0.039216
0 0.700662 0.022222 0.012500 0.036601
0 0.677206 0.027450 0.007353 0.033987
0 0.684091 0.032680 0.006618 0.028758
0 0.689338 0.028005 0.008088 0.035294
