0 0.374265 0.800654 0.025000 0.000654
0 0.077941 0.918954 0.038235 0.096732
0 0.068750 0.800654 0.046324 0.069281
0 0.249265 0.786928 0.025000 0.096732
0 0.187132 0.464706 0.033088 0.064052
0 0.238603 0.386928 0.028676 0.057516
0 0.505074 0.041176 0.006618 0.035294
0 0.525735 0.057506 0.007353 0.015686
0 0.286029 0.320905 0.020588 0.048366
0 0.297059 0.300307 0.017647 0.053595
0 0.304779 0.299346 0.002500 0.041830
0 0.378309 0.225490 0.003971 0.056209
0 0.383456 0.220260 0.012500 0.050980
0 0.389706 0.220905 0.011765 0.041830
0 0.478309 0.040830 0.006618 0.033987
0 0.486397 0.037908 0.005047 0.036601
0 0.502206 0.039206 0.005882 0.031373
0 0.506608 0.033333 0.007353 0.035294
0 0.522426 0.030709 0.005147 0.035294
0 0.537868 0.044444 0.008088 0.040830
0 0.538603 0.033333 0.008088 0.037908
0 0.546690 0.042484 0.008088 0.037908
0 0.555505 0.032680 0.008088 0.041830
0 0.606250 0.038562 0.008088 0.044444
0 0.630505 0.133987 0.008088 0.043137
0 0.645220 0.130719 0.009559 0.047059
0 0.649632 0.096732 0.008088 0.044444
0 0.723529 0.095425 0.007353 0.031373
0 0.729779 0.095425 0.006618 0.033987
0 0.751838 0.095425 0.008088 0.031373
0 0.756618 0.094771 0.005882 0.032680
0 0.763603 0.094771 0.009559 0.030065
0 0.782353 0.093464 0.007353 0.032680
0 0.820691 0.152288 0.011029 0.045752
0 0.854402 0.156863 0.011765 0.047059
0 0.870588 0.094118 0.010294 0.031373
0 0.900000 0.095425 0.010294 0.031373
0 0.906985 0.098039 0.006618 0.028758
0 0.926471 0.100654 0.010294 0.028758
0 0.933088 0.101307 0.005882 0.027451
0 0.952206 0.100654 0.008824 0.033987
0 0.959559 0.101307 0.007353 0.032680
0 0.966544 0.101961 0.008088 0.031373
0 0.973162 0.101961 0.006618 0.033987
0 0.982721 0.104575 0.008088 0.031373
0 0.991176 0.105229 0.008824 0.032680
0 0.996691 0.107843 0.006618 0.030065
0 0.900294 0.035294 0.008824 0.015686
0 0.909485 0.035294 0.008088 0.020915
0 0.900471 0.009150 0.007353 0.018301
0 0.901397 0.011111 0.006618 0.022222
0 0.600294 0.324183 0.020588 0.057516
0 0.659926 0.656209 0.022794 0.065359
0 0.827206 0.093464 0.007353 0.032680
0 0.868005 0.014379 0.008088 0.028758
0 0.986029 0.005033 0.007353 0.022222
0 0.873062 0.216340 0.015441 0.053595
0 0.883824 0.240523 0.007647 0.054902
0 0.889338 0.232680 0.003971 0.062745
0 0.909485 0.256209 0.018382 0.054902
0 0.989706 0.288235 0.006176 0.061438
0 0.993750 0.284967 0.002500 0.062745
0 0.755505 0.277124 0.015441 0.062745
0 0.765809 0.279085 0.003971 0.064052
0 0.694853 0.003725 0.008824 0.027451
0 0.752940 0.720261 0.030882 0.086275
