0 0.507969 0.399537 0.001563 0.008333
0 0.469271 0.419444 0.002083 0.005556
0 0.503021 0.453241 0.002083 0.004630
0 0.402500 0.434259 0.002083 0.007407
0 0.419271 0.437037 0.002083 0.005556
0 0.373958 0.455093 0.002083 0.008333
0 0.620094 0.434722 0.001563 0.010185
0 0.622656 0.433796 0.002604 0.008333
0 0.627344 0.433796 0.000563 0.010185
0 0.632030 0.433796 0.002604 0.008333
0 0.492708 0.465740 0.002083 0.009259
0 0.490406 0.461111 0.002604 0.009259
0 0.489583 0.458796 0.002083 0.008333
0 0.479948 0.468056 0.000563 0.010185
0 0.478646 0.467593 0.002083 0.001111
0 0.449479 0.456944 0.002083 0.004630
0 0.457552 0.471296 0.002604 0.005556
0 0.445833 0.481481 0.003125 0.005556
0 0.447135 0.492593 0.002604 0.005556
0 0.443490 0.500926 0.002604 0.005556
0 0.439844 0.500926 0.001563 0.005556
0 0.421615 0.550926 0.002604 0.005556
0 0.516667 0.506019 0.003125 0.010185
0 0.510677 0.629630 0.003646 0.007407
0 0.515104 0.634259 0.003125 0.009259
0 0.525520 0.730556 0.004167 0.016667
0 0.520833 0.750926 0.004167 0.011111
0 0.513802 0.750463 0.003646 0.012037
0 0.568229 0.908981 0.004167 0.026852
0 0.537760 0.859722 0.004687 0.012037
0 0.316667 0.816667 0.004167 0.018519
0 0.312500 0.833333 0.006250 0.016667
0 0.278385 0.984259 0.006771 0.014815
0 0.727865 0.969444 0.004687 0.020370
0 0.738542 0.962037 0.004067 0.022222
0 0.742448 0.966667 0.005729 0.024074
0 0.740885 0.620833 0.003646 0.005741
0 0.746354 0.622222 0.003025 0.014815
0 0.750302 0.625000 0.004687 0.014815
0 0.764323 0.700000 0.004687 0.008519
0 0.809896 0.726852 0.005208 0.020370
0 0.797656 0.766667 0.004687 0.020370
0 0.804427 0.765278 0.004687 0.020296
0 0.638281 0.655093 0.005729 0.012037
