0 0.564583 0.507407 0.008333 0.037037
0 0.326562 0.370370 0.007292 0.018519
0 0.276042 0.261111 0.006250 0.014815
0 0.295833 0.599074 0.010417 0.027778
0 0.308854 0.538889 0.009375 0.022222
0 0.310417 0.532407 0.010417 0.024074
0 0.343750 0.256481 0.004167 0.009259
0 0.410938 0.190741 0.005208 0.011111
0 0.579067 0.239815 0.006250 0.024074
0 0.504583 0.190741 0.004167 0.018519
0 0.501979 0.187037 0.003125 0.014815
0 0.795833 0.473048 0.012500 0.042593
0 0.790667 0.486111 0.012500 0.046296
0 0.778646 0.472222 0.001458 0.044444
