0 0.952940 0.856209 0.007353 0.036601
0 0.940440 0.851634 0.011765 0.048366
0 0.748062 0.626144 0.005147 0.023529
0 0.739706 0.628005 0.007353 0.030065
0 0.724632 0.733333 0.008088 0.039206
0 0.706912 0.735294 0.007353 0.037908
0 0.700294 0.724837 0.005882 0.037908
0 0.714338 0.708497 0.011029 0.020915
0 0.631618 0.841176 0.011765 0.032680
0 0.334926 0.849020 0.003971 0.050980
0 0.026838 0.686275 0.013971 0.026144
0 0.009926 0.695425 0.011029 0.023529
0 0.002941 0.697386 0.005882 0.024837
0 0.061765 0.592810 0.007353 0.035294
0 0.547794 0.498039 0.004412 0.010458
0 0.600368 0.506536 0.005047 0.022222
0 0.515809 0.427451 0.003676 0.010458
0 0.533088 0.433333 0.002940 0.016993
0 0.504044 0.377778 0.003676 0.007843
0 0.458456 0.439216 0.003676 0.010458
0 0.363603 0.554248 0.005147 0.018301
0 0.280515 0.577778 0.009559 0.020915
0 0.071691 0.602614 0.005147 0.013072
0 0.279402 0.452288 0.004412 0.020915
0 0.345956 0.429412 0.003676 0.009150
0 0.341912 0.428758 0.002941 0.010458
0 0.338235 0.429412 0.002941 0.009150
0 0.360029 0.405229 0.004412 0.013072
0 0.356608 0.400654 0.002941 0.011765
0 0.402940 0.436601 0.004412 0.015686
0 0.409485 0.339869 0.002206 0.010458
