0 0.007720 0.177124 0.015441 0.056209
0 0.070220 0.178431 0.018382 0.053595
0 0.083456 0.189542 0.011029 0.054902
0 0.200368 0.077778 0.011029 0.054902
0 0.001838 0.175163 0.016912 0.049673
0 0.283088 0.206536 0.016176 0.057516
0 0.388235 0.222222 0.016176 0.057516
0 0.353309 0.111765 0.008088 0.022222
0 0.303309 0.167974 0.016912 0.053595
0 0.305441 0.088889 0.008824 0.049673
0 0.340912 0.092810 0.008824 0.054902
0 0.326470 0.084967 0.008824 0.054902
0 0.308750 0.084314 0.008088 0.056209
0 0.647426 0.335948 0.027206 0.083660
0 0.312868 0.010458 0.009559 0.020915
0 0.356608 0.016993 0.008824 0.033987
0 0.409118 0.043791 0.010294 0.030065
0 0.480515 0.057516 0.008088 0.036601
0 0.586397 0.403268 0.018382 0.074510
0 0.576103 0.371242 0.021324 0.075817
0 0.980515 0.427451 0.021324 0.081046
0 0.862868 0.025490 0.015441 0.060131
0 0.940440 0.176471 0.013235 0.060131
0 0.955505 0.175817 0.013971 0.053595
0 0.986397 0.203922 0.005441 0.054902
0 0.963235 0.029412 0.011765 0.052288
0 0.935294 0.021569 0.013235 0.052288
0 0.946690 0.128105 0.011029 0.054902
0 0.956608 0.127451 0.008824 0.056209
0 0.899632 0.130065 0.012500 0.035294
0 0.931985 0.147712 0.012500 0.031373
0 0.931250 0.146405 0.012500 0.031373
0 0.910662 0.159477 0.018382 0.041830
