0 0.939844 0.590741 0.015104 0.025926
0 0.906146 0.628704 0.011458 0.050000
0 0.904583 0.619907 0.012500 0.043519
0 0.564063 0.401852 0.004167 0.020370
0 0.540625 0.362500 0.005208 0.017593
0 0.535937 0.349074 0.003125 0.018519
0 0.508854 0.325463 0.004167 0.019444
0 0.503125 0.316667 0.004167 0.014815
0 0.494531 0.312963 0.004687 0.012963
0 0.488281 0.317593 0.004687 0.012963
0 0.485937 0.308796 0.004167 0.012037
0 0.461979 0.266204 0.003125 0.015741
0 0.453125 0.258796 0.004167 0.012037
0 0.458854 0.248611 0.003125 0.012037
0 0.452604 0.251852 0.004167 0.011111
0 0.452865 0.247685 0.003646 0.010185
0 0.455990 0.239815 0.003646 0.011111
0 0.435407 0.253704 0.002083 0.018519
0 0.448437 0.207593 0.003125 0.014815
0 0.432802 0.163426 0.002083 0.012037
0 0.489583 0.075926 0.002083 0.012963
0 0.499740 0.075000 0.002604 0.012963
0 0.477865 0.076389 0.002604 0.010185
0 0.466046 0.168056 0.002083 0.012037
0 0.450302 0.217130 0.001563 0.013889
0 0.453025 0.216667 0.002083 0.014815
0 0.455990 0.207593 0.001563 0.014815
0 0.458854 0.207593 0.002083 0.014815
0 0.462240 0.206204 0.002604 0.017593
0 0.447035 0.206944 0.002604 0.015741
0 0.450562 0.210185 0.002083 0.011111
0 0.458854 0.200648 0.002083 0.010185
0 0.460458 0.191204 0.002083 0.013889
0 0.440885 0.081481 0.001563 0.009259
0 0.425260 0.068056 0.001563 0.010185
0 0.405365 0.219907 0.002604 0.015741
0 0.449479 0.098611 0.002083 0.012037
0 0.481510 0.198611 0.003646 0.013889
0 0.904583 0.202315 0.002083 0.013889
0 0.503025 0.176852 0.002083 0.011111
0 0.470094 0.198611 0.001563 0.012037
0 0.456771 0.188426 0.002083 0.010185
0 0.452865 0.097222 0.001563 0.011111
0 0.453385 0.089352 0.002604 0.010185
0 0.406510 0.222685 0.002604 0.010185
0 0.402083 0.225463 0.003125 0.012037
0 0.387500 0.172685 0.002083 0.010185
0 0.384635 0.185185 0.002604 0.007407
0 0.383594 0.069444 0.001563 0.011111
0 0.378125 0.180093 0.002083 0.006481
0 0.375780 0.178241 0.001563 0.008333
0 0.396875 0.087037 0.002083 0.011111
0 0.397656 0.189815 0.001563 0.007407
0 0.370052 0.065741 0.001563 0.009259
0 0.359115 0.157870 0.001563 0.008333
0 0.355729 0.160185 0.002083 0.007407
0 0.390365 0.064815 0.001563 0.012963
0 0.385677 0.157407 0.001563 0.005556
0 0.386198 0.152778 0.001563 0.005556
0 0.356510 0.146296 0.001563 0.005556
0 0.354167 0.144444 0.001042 0.005556
0 0.402240 0.190278 0.001563 0.008333
0 0.403646 0.092593 0.002083 0.011111
0 0.406770 0.192593 0.001042 0.011111
0 0.324479 0.202500 0.002083 0.010185
0 0.307552 0.171759 0.002604 0.008333
0 0.302604 0.172222 0.002083 0.009259
0 0.222396 0.180556 0.003125 0.009259
0 0.225260 0.178704 0.002604 0.009259
0 0.089323 0.158333 0.001563 0.011111
0 0.209531 0.136111 0.002604 0.009259
0 0.222656 0.036111 0.001563 0.011111
0 0.235677 0.023611 0.001563 0.008333
0 0.226823 0.163889 0.003646 0.009259
0 0.068750 0.162037 0.002083 0.007407
0 0.066667 0.161574 0.002083 0.008333
0 0.051302 0.186111 0.002604 0.011111
0 0.014062 0.195833 0.003125 0.015741
0 0.003906 0.214352 0.003646 0.017593
0 0.007031 0.188889 0.002604 0.014815
0 0.057292 0.089352 0.003125 0.015741
0 0.065365 0.087963 0.003646 0.012963
0 0.052865 0.163889 0.002604 0.007407
0 0.058594 0.162963 0.002604 0.007407
