0 0.694792 0.960085 0.009375 0.050000
0 0.536458 0.973611 0.012500 0.036111
0 0.519271 0.946296 0.010417 0.046296
0 0.408854 0.987963 0.012500 0.024074
0 0.393490 0.967130 0.010937 0.021296
0 0.407552 0.900000 0.008854 0.042593
0 0.537500 0.868056 0.009375 0.043519
0 0.380208 0.870370 0.007292 0.037037
0 0.552344 0.722222 0.006770 0.035185
0 0.533854 0.706944 0.004067 0.036111
0 0.507188 0.782407 0.007292 0.038889
0 0.501458 0.785648 0.007292 0.030556
0 0.503906 0.788426 0.004687 0.017593
0 0.500521 0.779167 0.007292 0.041667
0 0.483073 0.770370 0.006771 0.016667
0 0.484115 0.760185 0.008854 0.025926
0 0.478646 0.725926 0.008333 0.022222
0 0.501563 0.685648 0.006250 0.021296
0 0.503646 0.685648 0.004167 0.015741
0 0.561198 0.661111 0.005729 0.016667
0 0.544000 0.612963 0.005729 0.022222
0 0.535407 0.620370 0.005208 0.022222
0 0.489844 0.678704 0.007812 0.020370
0 0.466046 0.671296 0.007292 0.033333
0 0.538021 0.597685 0.005208 0.019444
0 0.540625 0.596759 0.005208 0.013889
0 0.503125 0.572685 0.006250 0.017593
0 0.434635 0.653704 0.007812 0.018519
0 0.420875 0.629630 0.006250 0.031481
0 0.407969 0.630556 0.005729 0.027778
0 0.399740 0.635185 0.005729 0.027778
0 0.431510 0.597685 0.005729 0.025000
0 0.443229 0.568981 0.005208 0.019444
0 0.509271 0.458333 0.005208 0.020370
0 0.507292 0.503241 0.006250 0.012037
0 0.506510 0.495370 0.005729 0.016667
0 0.499479 0.483796 0.006250 0.012037
0 0.498958 0.481944 0.006250 0.013889
0 0.498177 0.462963 0.004687 0.011111
0 0.506250 0.455093 0.004067 0.023148
0 0.496875 0.447222 0.004167 0.009259
0 0.488281 0.478241 0.004687 0.013889
0 0.467708 0.464352 0.003125 0.010185
0 0.462760 0.466204 0.003646 0.013889
0 0.425000 0.573048 0.005208 0.027778
0 0.409271 0.575926 0.006250 0.024074
0 0.436709 0.559259 0.006771 0.027778
0 0.449740 0.486011 0.003646 0.022222
0 0.357030 0.688889 0.006771 0.037037
0 0.340146 0.606019 0.006250 0.030556
0 0.294530 0.695370 0.009896 0.037037
0 0.280469 0.698048 0.007812 0.031481
0 0.275260 0.698048 0.008854 0.029630
0 0.234115 0.670370 0.008854 0.020370
0 0.069792 0.702315 0.007292 0.037963
0 0.063020 0.687037 0.005208 0.022222
0 0.066406 0.680019 0.005729 0.026852
0 0.079167 0.658796 0.008333 0.026852
0 0.087760 0.650000 0.006771 0.022222
0 0.255729 0.570833 0.005208 0.028704
0 0.241146 0.564815 0.006250 0.025926
0 0.325521 0.537500 0.006250 0.019444
0 0.340885 0.507870 0.004687 0.013889
0 0.343229 0.503241 0.005208 0.015741
0 0.333333 0.504630 0.004167 0.011111
0 0.334115 0.499074 0.004687 0.012963
0 0.327865 0.490278 0.005729 0.012037
0 0.329167 0.485185 0.005208 0.012963
0 0.353125 0.478704 0.005208 0.014815
0 0.344531 0.477315 0.004687 0.013889
0 0.337240 0.475926 0.003646 0.012963
0 0.495052 0.384722 0.003646 0.012037
0 0.498698 0.376852 0.003646 0.009259
0 0.488281 0.216667 0.003646 0.005556
0 0.496354 0.233796 0.002083 0.006481
0 0.495573 0.245833 0.000563 0.010185
0 0.500563 0.257870 0.002083 0.010185
0 0.498698 0.256480 0.002604 0.011111
0 0.497917 0.338889 0.003125 0.007407
0 0.494010 0.334259 0.002604 0.009259
0 0.490146 0.325926 0.002083 0.014815
0 0.490927 0.324074 0.002604 0.011111
0 0.489323 0.318056 0.003646 0.006481
0 0.501823 0.291204 0.002604 0.006481
0 0.498437 0.287963 0.002083 0.005556
0 0.500000 0.281019 0.002083 0.008333
0 0.499740 0.266667 0.002604 0.005556
0 0.495052 0.281481 0.002604 0.005556
0 0.495312 0.274074 0.002083 0.005556
0 0.495833 0.267593 0.002083 0.003704
0 0.496094 0.256481 0.002604 0.005556
0 0.492969 0.306481 0.002604 0.007407
0 0.482812 0.293056 0.003125 0.006481
0 0.489323 0.273611 0.002604 0.006481
0 0.491667 0.266667 0.002083 0.005556
0 0.484635 0.217130 0.001563 0.002778
0 0.475520 0.271759 0.003125 0.010185
0 0.473698 0.287500 0.002604 0.002037
0 0.475781 0.302778 0.002604 0.005556
0 0.473698 0.307870 0.002604 0.008333
0 0.475780 0.318519 0.002604 0.007407
0 0.477344 0.322685 0.002604 0.008333
0 0.469530 0.326852 0.002604 0.011111
0 0.470094 0.319907 0.002604 0.013889
0 0.468229 0.309907 0.003125 0.010185
0 0.466406 0.320370 0.002604 0.004815
