0 0.637868 0.340830 0.009559 0.040523
0 0.640074 0.262745 0.006608 0.026144
0 0.647059 0.048366 0.005882 0.022222
0 0.411397 0.410458 0.011029 0.047059
0 0.232353 0.433987 0.010294 0.041830
0 0.216176 0.441830 0.010294 0.033987
0 0.279779 0.263399 0.008088 0.030065
0 0.298897 0.229402 0.006618 0.030065
0 0.308088 0.224083 0.007353 0.030065
0 0.306544 0.228758 0.008088 0.026144
0 0.400294 0.134641 0.005882 0.023529
0 0.389706 0.066667 0.004402 0.015686
0 0.395220 0.066667 0.003676 0.018301
0 0.496691 0.087582 0.003676 0.015686
0 0.505147 0.071895 0.004412 0.013072
0 0.505147 0.069281 0.004412 0.013072
0 0.426838 0.088889 0.003676 0.015686
