0 0.664338 0.490096 0.013971 0.047059
0 0.645956 0.490850 0.009559 0.045752
0 0.204779 0.083007 0.006618 0.031373
0 0.065074 0.172549 0.005147 0.023529
0 0.036765 0.143791 0.004412 0.023529
0 0.040809 0.183007 0.006618 0.026144
0 0.080505 0.144444 0.008088 0.027451
0 0.002132 0.391503 0.012500 0.043137
0 0.001397 0.105882 0.005147 0.023529
0 0.005047 0.088235 0.005882 0.022222
0 0.025368 0.093464 0.003676 0.006993
0 0.009926 0.034641 0.005147 0.023529
0 0.022059 0.035948 0.005882 0.026144
0 0.007647 0.198693 0.007353 0.028758
0 0.020220 0.192157 0.005147 0.026144
0 0.033456 0.088235 0.006618 0.031373
0 0.030047 0.189542 0.007353 0.026144
0 0.045956 0.196732 0.006618 0.019608
0 0.053309 0.196732 0.008088 0.014379
0 0.055882 0.088889 0.005882 0.030065
0 0.068382 0.092810 0.005882 0.030065
0 0.075000 0.090196 0.004412 0.027451
0 0.072426 0.200000 0.006618 0.015686
0 0.095221 0.192157 0.006618 0.015686
0 0.084191 0.198693 0.006618 0.015686
0 0.105515 0.188889 0.006618 0.019608
0 0.122794 0.190196 0.007353 0.019608
0 0.117279 0.190196 0.006618 0.019608
0 0.111765 0.188889 0.005882 0.014379
