0 0.489338 0.244444 0.003676 0.005686
0 0.536029 0.306536 0.002940 0.022222
0 0.537868 0.303072 0.003676 0.022222
0 0.530047 0.294771 0.002941 0.019608
0 0.550735 0.306993 0.004412 0.024837
0 0.456250 0.380392 0.001029 0.047059
0 0.406608 0.381046 0.013235 0.053595
0 0.557353 0.374500 0.004412 0.030065
0 0.565809 0.356863 0.006608 0.026144
0 0.562032 0.352288 0.003676 0.027451
0 0.566544 0.400961 0.012500 0.045752
0 0.594485 0.388889 0.009559 0.050980
0 0.594018 0.384967 0.010294 0.045752
0 0.670220 0.323529 0.005147 0.022222
0 0.687868 0.322222 0.005047 0.022222
0 0.705047 0.357516 0.002941 0.024837
0 0.700294 0.360131 0.004412 0.024837
0 0.687500 0.373856 0.005882 0.030373
0 0.692647 0.398039 0.005882 0.030065
0 0.698529 0.405033 0.005882 0.037908
0 0.703676 0.377778 0.005882 0.026044
0 0.694485 0.301111 0.002206 0.023529
0 0.698529 0.301111 0.004412 0.020915
0 0.696690 0.338562 0.005147 0.023529
0 0.696690 0.334641 0.005147 0.023529
0 0.800735 0.377024 0.010294 0.056209
0 0.790809 0.392800 0.009559 0.040523
0 0.747059 0.390850 0.000294 0.054902
0 0.755505 0.392810 0.008088 0.053595
0 0.755047 0.373856 0.007353 0.049673
0 0.747059 0.372549 0.008824 0.047059
0 0.726003 0.649020 0.015441 0.053595
0 0.705505 0.632026 0.012500 0.058824
0 0.687868 0.549673 0.002500 0.045752
0 0.690809 0.520905 0.011029 0.045752
0 0.672794 0.538562 0.007353 0.044444
0 0.652940 0.524183 0.007353 0.044444
0 0.650368 0.506340 0.005147 0.044444
0 0.644018 0.513072 0.007353 0.043137
0 0.674632 0.509050 0.009559 0.045752
0 0.663235 0.503725 0.007353 0.044444
0 0.656985 0.502418 0.006618 0.041830
0 0.302868 0.380392 0.009559 0.047059
0 0.309926 0.373856 0.008088 0.047059
0 0.240809 0.305686 0.005147 0.022222
0 0.234559 0.332026 0.004402 0.023529
0 0.229779 0.332026 0.005047 0.023529
0 0.209091 0.303922 0.006618 0.022222
0 0.205505 0.303268 0.005147 0.020915
0 0.068750 0.335948 0.008088 0.026144
0 0.058088 0.332680 0.005882 0.027451
0 0.247059 0.377778 0.001765 0.062745
0 0.243382 0.370242 0.010294 0.060131
0 0.227206 0.375807 0.011765 0.061438
0 0.202206 0.380392 0.001765 0.052288
0 0.091544 0.383007 0.011029 0.052288
0 0.062500 0.397386 0.008824 0.060131
0 0.149265 0.337908 0.005882 0.022222
0 0.049632 0.332680 0.005147 0.030065
0 0.040809 0.390196 0.015441 0.064052
0 0.027574 0.386275 0.011029 0.050980
0 0.019853 0.356209 0.011765 0.048366
0 0.015074 0.391503 0.012500 0.050980
0 0.011397 0.386275 0.008088 0.053595
0 0.098897 0.395425 0.002500 0.069281
0 0.090912 0.398039 0.016176 0.069281
0 0.006912 0.413072 0.010294 0.065359
0 0.002132 0.568627 0.012500 0.049673
0 0.004044 0.575807 0.008088 0.050980
0 0.026470 0.571242 0.010294 0.049673
0 0.008456 0.490850 0.009559 0.045752
0 0.089706 0.476470 0.007353 0.045752
0 0.080618 0.473203 0.010294 0.049673
0 0.095221 0.503922 0.008088 0.048366
0 0.200838 0.504575 0.008088 0.049673
0 0.208824 0.492800 0.007353 0.044444
0 0.234926 0.475807 0.009559 0.044444
0 0.226003 0.473856 0.008088 0.050980
0 0.207647 0.462745 0.005882 0.041830
0 0.203309 0.490503 0.006618 0.041830
