0 0.901103 0.414379 0.008088 0.023529
0 0.966902 0.503922 0.011765 0.027451
0 0.992647 0.689542 0.000294 0.035294
0 0.980882 0.664706 0.001765 0.037908
0 0.894485 0.520569 0.011029 0.031373
0 0.780250 0.467974 0.009559 0.028758
0 0.883824 0.492800 0.010294 0.031373
0 0.876003 0.481046 0.011029 0.028758
0 0.792647 0.429402 0.008824 0.030065
0 0.890809 0.698693 0.001029 0.032680
0 0.869853 0.688235 0.003235 0.027451
0 0.853676 0.670895 0.013235 0.028758
0 0.825368 0.673856 0.009559 0.030065
0 0.804779 0.666003 0.011029 0.032680
0 0.809926 0.658070 0.008088 0.030065
0 0.809485 0.654248 0.011029 0.032680
0 0.642279 0.360031 0.008088 0.030065
0 0.630505 0.401961 0.005147 0.030065
0 0.589338 0.296732 0.006608 0.028758
0 0.695588 0.184314 0.008824 0.018301
0 0.692647 0.022876 0.004412 0.023529
0 0.597059 0.088889 0.004412 0.018301
0 0.605047 0.021569 0.005882 0.022222
0 0.553676 0.022876 0.004402 0.019608
0 0.539706 0.035948 0.002941 0.011765
0 0.531250 0.019608 0.005147 0.015686
0 0.629402 0.659477 0.010294 0.030065
0 0.700735 0.818301 0.008824 0.028758
0 0.694485 0.818954 0.011029 0.024837
0 0.604706 0.696078 0.005882 0.032680
0 0.608088 0.690850 0.004402 0.030065
0 0.632353 0.737908 0.008824 0.035294
0 0.638971 0.737255 0.008824 0.031373
0 0.516912 0.605229 0.008824 0.033987
0 0.433456 0.679739 0.008088 0.030373
0 0.434926 0.672549 0.006608 0.032680
0 0.444485 0.540176 0.008088 0.031373
0 0.424632 0.534640 0.008088 0.031373
0 0.407647 0.354248 0.004412 0.026144
0 0.430047 0.333987 0.005882 0.022222
0 0.395220 0.096732 0.005147 0.023529
0 0.400368 0.089542 0.005047 0.022222
0 0.405882 0.088235 0.004402 0.019608
0 0.399265 0.082353 0.004402 0.023529
0 0.389706 0.760131 0.008824 0.032680
0 0.378309 0.759477 0.011029 0.033987
0 0.340809 0.686928 0.009559 0.030065
0 0.207720 0.800000 0.009559 0.031373
0 0.208824 0.783007 0.004706 0.033987
0 0.068750 0.809608 0.011029 0.041830
0 0.084091 0.822876 0.012500 0.040523
0 0.386029 0.430065 0.008824 0.026144
0 0.315809 0.451634 0.009559 0.022222
0 0.340809 0.358170 0.008088 0.020915
0 0.325368 0.045098 0.003676 0.022222
0 0.329402 0.033987 0.004412 0.020915
0 0.332720 0.045752 0.003676 0.020915
0 0.299632 0.070242 0.005147 0.022222
0 0.295588 0.082353 0.004402 0.023529
0 0.302574 0.026144 0.005147 0.022222
0 0.300000 0.052288 0.005882 0.024837
0 0.268750 0.039216 0.005147 0.022222
0 0.245220 0.166667 0.006618 0.022222
0 0.302868 0.218301 0.005147 0.028758
0 0.206912 0.200654 0.004412 0.024837
0 0.097426 0.245752 0.005147 0.028758
0 0.269485 0.054902 0.005147 0.024837
0 0.244018 0.345098 0.005882 0.028758
0 0.312500 0.334641 0.007353 0.026144
0 0.303309 0.335294 0.005147 0.019608
0 0.309926 0.382353 0.005047 0.032680
0 0.056985 0.398039 0.008088 0.032680
0 0.263235 0.496732 0.007353 0.028758
0 0.223529 0.493464 0.007353 0.032680
0 0.203235 0.482353 0.008824 0.031373
0 0.074632 0.504575 0.008088 0.031373
0 0.052941 0.553595 0.007353 0.024837
0 0.044485 0.554248 0.009559 0.033987
0 0.040441 0.580392 0.011765 0.031373
0 0.024632 0.392810 0.012500 0.027451
0 0.015441 0.386275 0.008824 0.027451
0 0.098897 0.355556 0.008088 0.030373
0 0.009191 0.356209 0.006618 0.027451
0 0.026103 0.356863 0.009559 0.028758
0 0.025368 0.375817 0.011029 0.027451
0 0.018750 0.360131 0.006618 0.032680
0 0.058088 0.456209 0.001765 0.031373
0 0.059926 0.420260 0.006618 0.030065
0 0.047059 0.405882 0.001765 0.032680
0 0.040544 0.410458 0.006618 0.020915
0 0.015809 0.435948 0.009559 0.016993
0 0.090176 0.498693 0.008824 0.030065
0 0.091912 0.418301 0.010294 0.023529
0 0.021324 0.469281 0.007353 0.026144
