0 0.555505 0.386275 0.011029 0.030065
0 0.558088 0.388889 0.005882 0.009608
0 0.603235 0.445098 0.007353 0.032680
0 0.750838 0.467320 0.009559 0.040523
0 0.808456 0.539206 0.006618 0.040523
0 0.803235 0.522876 0.005882 0.044444
0 0.805882 0.505882 0.007353 0.040830
0 0.804402 0.494771 0.007353 0.035294
0 0.784559 0.508497 0.007353 0.033987
0 0.793382 0.492800 0.007353 0.033987
0 0.763235 0.460031 0.007353 0.033987
0 0.768382 0.477778 0.013235 0.027451
0 0.528309 0.254902 0.005047 0.013072
0 0.529044 0.256863 0.005047 0.014379
0 0.495956 0.093464 0.002206 0.010458
0 0.503676 0.095425 0.002941 0.006536
0 0.259926 0.455556 0.008088 0.045752
0 0.238603 0.448366 0.006608 0.041830
0 0.240809 0.446405 0.006608 0.040523
0 0.249632 0.440523 0.001029 0.036601
0 0.220220 0.488889 0.011029 0.044444
0 0.054044 0.418301 0.009559 0.033987
0 0.243005 0.342484 0.006618 0.028758
0 0.253676 0.333987 0.005882 0.022222
0 0.250735 0.349673 0.005882 0.022222
0 0.248529 0.320905 0.007353 0.022222
0 0.225368 0.540176 0.013971 0.039216
0 0.209485 0.588235 0.013971 0.039216
0 0.033824 0.636601 0.014706 0.054902
0 0.005515 0.413072 0.011029 0.028758
0 0.308824 0.388235 0.007353 0.033987
0 0.308750 0.385621 0.006618 0.033987
0 0.323529 0.424083 0.005882 0.024837
0 0.897426 0.752288 0.008382 0.082353
0 0.950838 0.752288 0.013971 0.074510
0 0.935662 0.750634 0.016912 0.070588
0 0.888235 0.475063 0.007353 0.045752
0 0.882720 0.467320 0.008088 0.045752
0 0.958088 0.485620 0.007353 0.037908
0 0.996324 0.497386 0.007353 0.040523
0 0.875735 0.509050 0.007353 0.030065
0 0.968750 0.673856 0.009853 0.058824
