0 0.443382 0.367320 0.007353 0.013072
0 0.026471 0.356863 0.007353 0.026144
0 0.021324 0.356209 0.004412 0.024837
0 0.018015 0.353595 0.006618 0.030065
0 0.098062 0.374510 0.006618 0.027451
0 0.090544 0.375817 0.006618 0.032680
0 0.083088 0.392800 0.008824 0.030065
0 0.075368 0.388889 0.006608 0.032680
0 0.024632 0.450980 0.006608 0.028758
0 0.033088 0.390850 0.005882 0.033987
0 0.037868 0.394118 0.005147 0.027451
0 0.042647 0.394771 0.007353 0.033987
0 0.204706 0.345752 0.045588 0.032680
0 0.239706 0.358824 0.005882 0.027450
0 0.246690 0.354902 0.003676 0.027451
0 0.250103 0.363399 0.005147 0.018301
0 0.203603 0.388889 0.006618 0.032680
0 0.080515 0.471242 0.012500 0.048366
0 0.092647 0.462745 0.008824 0.041830
0 0.200368 0.460784 0.008088 0.040523
0 0.209091 0.429412 0.008088 0.040523
0 0.222059 0.428005 0.007353 0.040523
0 0.230882 0.428005 0.010294 0.040523
0 0.207720 0.466013 0.008088 0.043137
0 0.202132 0.467320 0.008088 0.040523
0 0.223062 0.462092 0.009559 0.040523
0 0.245220 0.489542 0.008088 0.037908
0 0.252940 0.491503 0.008824 0.039216
0 0.430250 0.498039 0.011029 0.052288
0 0.336397 0.507843 0.005047 0.030065
0 0.340809 0.499346 0.008088 0.047059
0 0.450368 0.473203 0.008088 0.039216
0 0.604402 0.674510 0.010294 0.073203
0 0.609485 0.661438 0.012500 0.073203
0 0.465441 0.393464 0.007353 0.018301
0 0.465074 0.388235 0.006618 0.023529
0 0.473162 0.412418 0.006618 0.024837
0 0.486397 0.377778 0.005147 0.015686
0 0.770220 0.692157 0.013971 0.058824
0 0.895956 0.550634 0.006618 0.031373
0 0.902940 0.549673 0.007353 0.040523
0 0.907353 0.548366 0.005882 0.035294
0 0.880515 0.515033 0.012500 0.033987
0 0.813603 0.537908 0.012500 0.032680
0 0.790544 0.514379 0.012500 0.043137
0 0.807353 0.483007 0.010294 0.037908
0 0.699632 0.337255 0.005147 0.018301
0 0.799265 0.383660 0.004402 0.019608
0 0.798897 0.379085 0.005047 0.018301
0 0.780618 0.393464 0.007353 0.028758
0 0.593382 0.378430 0.005882 0.032680
0 0.608824 0.409050 0.005882 0.036601
0 0.607647 0.435294 0.007353 0.039216
0 0.626838 0.434640 0.009559 0.030065
0 0.579044 0.407843 0.008088 0.026144
0 0.605882 0.548366 0.007353 0.037908
0 0.579779 0.556209 0.008088 0.048366
0 0.578676 0.606536 0.003235 0.057516
0 0.557353 0.584967 0.003235 0.061438
0 0.567647 0.592810 0.008824 0.027451
0 0.797426 0.446405 0.008088 0.040523
0 0.786765 0.432680 0.008824 0.040830
0 0.749265 0.460031 0.008824 0.036601
0 0.755882 0.462092 0.007353 0.032680
0 0.853676 0.475063 0.010294 0.037908
0 0.869485 0.466013 0.005147 0.024837
0 0.873529 0.464052 0.007353 0.028758
0 0.879044 0.464706 0.006618 0.022222
