0 0.065004 0.960185 0.025000 0.079630
0 0.044271 0.884722 0.022917 0.093519
0 0.229427 0.768056 0.008229 0.065741
0 0.295573 0.833333 0.007188 0.085185
0 0.306250 0.825000 0.002500 0.088889
0 0.323958 0.809259 0.008750 0.077778
0 0.329067 0.781944 0.016667 0.071296
0 0.353025 0.785648 0.017708 0.078704
0 0.277604 0.744907 0.003542 0.065741
0 0.380469 0.667593 0.001979 0.050000
0 0.449740 0.728704 0.013021 0.053704
0 0.422396 0.718519 0.012500 0.059259
0 0.336098 0.666204 0.011979 0.052778
0 0.316146 0.659259 0.013542 0.048148
0 0.407448 0.644444 0.008854 0.046296
0 0.448958 0.656019 0.010417 0.045370
0 0.482031 0.602778 0.007812 0.029630
0 0.597035 0.589352 0.009896 0.034259
0 0.705208 0.645833 0.012500 0.034259
0 0.710677 0.650463 0.010937 0.032407
0 0.741927 0.643981 0.015104 0.037963
0 0.755990 0.638889 0.009896 0.046296
0 0.748698 0.636574 0.009896 0.047222
0 0.880469 0.825000 0.023438 0.070370
0 0.990885 0.889352 0.008229 0.062037
0 0.988802 0.872222 0.022396 0.080481
0 0.974740 0.837963 0.005104 0.077778
0 0.989062 0.834722 0.006667 0.073148
0 0.941406 0.680093 0.020313 0.052778
0 0.882812 0.670833 0.019792 0.039815
0 0.801823 0.669907 0.015104 0.050926
0 0.803802 0.651852 0.008854 0.044444
0 0.800302 0.642593 0.010937 0.040741
0 0.805104 0.639815 0.009375 0.044444
0 0.798958 0.636011 0.010417 0.048148
0 0.786458 0.637500 0.000417 0.043519
0 0.692708 0.594444 0.007292 0.035085
0 0.667448 0.552305 0.006771 0.028704
0 0.673438 0.508519 0.005208 0.024074
0 0.660719 0.505556 0.005729 0.020370
0 0.637760 0.490740 0.004687 0.018519
0 0.642969 0.492030 0.004687 0.019444
0 0.622907 0.487500 0.005208 0.019444
0 0.626563 0.482407 0.005208 0.020370
0 0.620094 0.481481 0.004687 0.016667
0 0.488021 0.551389 0.007292 0.026852
0 0.516667 0.535185 0.005208 0.020370
0 0.509896 0.534259 0.005208 0.016667
0 0.523958 0.520370 0.006250 0.018519
0 0.501198 0.522685 0.005729 0.025000
0 0.303385 0.630944 0.014063 0.049074
0 0.280469 0.625000 0.013021 0.037037
0 0.053906 0.638426 0.004063 0.045370
0 0.072917 0.610185 0.012500 0.033333
0 0.113802 0.614352 0.011979 0.039815
0 0.099219 0.580556 0.009896 0.027778
0 0.077865 0.575000 0.008854 0.024074
0 0.174479 0.601389 0.010417 0.025000
0 0.162240 0.593056 0.010937 0.034259
0 0.029687 0.606019 0.010417 0.039815
0 0.262500 0.590740 0.010417 0.033333
0 0.224479 0.598601 0.009375 0.034259
0 0.200417 0.595370 0.008333 0.037037
0 0.204844 0.579630 0.008854 0.035185
0 0.202344 0.520296 0.005729 0.025926
0 0.545833 0.501852 0.005208 0.016667
0 0.539844 0.493056 0.004687 0.015741
0 0.549740 0.491667 0.004687 0.011111
