0 0.438970 0.272549 0.002941 0.014379
0 0.436029 0.273203 0.002940 0.013072
0 0.408382 0.295425 0.002941 0.015686
0 0.406544 0.296078 0.002206 0.014379
0 0.400471 0.284314 0.002941 0.014379
0 0.398897 0.284304 0.002206 0.014379
0 0.390809 0.301765 0.003676 0.016993
0 0.489338 0.256209 0.002206 0.000458
0 0.570691 0.306536 0.002206 0.014379
0 0.568005 0.310458 0.002206 0.014379
0 0.569018 0.308497 0.002941 0.015686
0 0.734559 0.483007 0.008824 0.027450
0 0.667647 0.405229 0.005882 0.026044
0 0.672426 0.401111 0.003676 0.014379
0 0.676470 0.408497 0.004412 0.022222
0 0.680250 0.412418 0.005147 0.019608
0 0.540074 0.337908 0.003676 0.014379
0 0.598529 0.420261 0.005882 0.022222
0 0.603309 0.409804 0.005147 0.016993
0 0.479779 0.384967 0.005147 0.016993
0 0.440074 0.439869 0.005147 0.022222
0 0.393382 0.411765 0.005882 0.020915
0 0.383456 0.469935 0.006618 0.022222
0 0.338971 0.538562 0.007353 0.026144
0 0.296324 0.639869 0.008824 0.045752
0 0.304402 0.643791 0.007353 0.027451
0 0.254402 0.608497 0.007353 0.037908
0 0.267279 0.606536 0.009559 0.036600
0 0.241544 0.792157 0.012500 0.041830
0 0.031618 0.754902 0.013235 0.050980
0 0.039338 0.486275 0.006618 0.018301
0 0.052941 0.492157 0.008824 0.016993
0 0.239338 0.490096 0.006618 0.020915
0 0.035662 0.424183 0.005147 0.027451
0 0.050000 0.415686 0.005882 0.026144
0 0.037132 0.456863 0.005147 0.027451
0 0.039706 0.455556 0.004412 0.027451
0 0.044853 0.454248 0.005882 0.024837
0 0.052574 0.450327 0.006618 0.027451
0 0.197794 0.397386 0.004412 0.020915
0 0.257721 0.394118 0.008088 0.014379
0 0.237032 0.305882 0.003676 0.018301
0 0.304779 0.339869 0.003676 0.005686
0 0.324265 0.328758 0.004412 0.011765
