0 0.344271 0.903704 0.017708 0.066667
0 0.453646 0.398148 0.003125 0.014815
0 0.506771 0.461111 0.005208 0.018519
0 0.498437 0.465741 0.007292 0.020370
0 0.463542 0.453704 0.006250 0.018519
0 0.454167 0.453704 0.006250 0.022222
0 0.444271 0.452778 0.005208 0.020370
0 0.450521 0.513889 0.007292 0.027778
0 0.438542 0.521296 0.006250 0.027778
0 0.448958 0.565741 0.008333 0.027778
0 0.489063 0.353704 0.003125 0.011111
0 0.493229 0.386111 0.003125 0.009259
0 0.490104 0.386111 0.003125 0.009259
0 0.458854 0.378704 0.003125 0.009259
