0 0.545588 0.943037 0.007353 0.032680
0 0.560765 0.265359 0.004412 0.018301
0 0.565809 0.269935 0.003676 0.022222
0 0.605441 0.581046 0.005882 0.027451
0 0.455505 0.240523 0.006618 0.015686
0 0.420956 0.256209 0.003676 0.005686
0 0.497426 0.297386 0.003676 0.004379
0 0.439338 0.034641 0.002206 0.015686
0 0.435662 0.035948 0.003676 0.015686
0 0.338603 0.374500 0.005147 0.022222
0 0.346690 0.295425 0.005147 0.020915
0 0.322059 0.277778 0.004402 0.022222
0 0.297059 0.303922 0.005882 0.014379
0 0.290176 0.341830 0.004412 0.022222
0 0.283456 0.360031 0.003676 0.019608
0 0.300000 0.354248 0.004412 0.013072
0 0.332353 0.335294 0.002940 0.024837
0 0.300368 0.377778 0.006608 0.023529
0 0.294018 0.365359 0.005882 0.024837
0 0.290074 0.363399 0.003676 0.023529
0 0.322426 0.526044 0.006618 0.022222
0 0.385662 0.453595 0.005047 0.023529
0 0.380882 0.454902 0.005882 0.026044
0 0.294853 0.760784 0.005882 0.023529
0 0.345220 0.770588 0.006618 0.030065
0 0.072059 0.688889 0.007353 0.028758
0 0.065809 0.679739 0.006618 0.028758
0 0.154412 0.726144 0.013235 0.030065
0 0.044118 0.750327 0.007353 0.028758
0 0.008824 0.795425 0.011765 0.035294
0 0.012500 0.933333 0.008824 0.041830
0 0.205047 0.608497 0.005882 0.027451
0 0.087868 0.595425 0.006618 0.027451
0 0.202574 0.597386 0.006608 0.028758
0 0.433456 0.092157 0.002206 0.015686
0 0.504402 0.204575 0.002941 0.016993
0 0.400735 0.040523 0.002941 0.014379
0 0.384559 0.083007 0.004412 0.013072
