0 0.265625 0.206480 0.012500 0.050000
0 0.695833 0.452778 0.018750 0.053704
0 0.622907 0.206481 0.010417 0.046296
0 0.500563 0.226852 0.015625 0.050000
0 0.649479 0.052778 0.009375 0.042593
0 0.639062 0.032407 0.007292 0.030481
0 0.664583 0.044444 0.008333 0.037037
0 0.709792 0.064815 0.008333 0.040741
0 0.820354 0.267593 0.015625 0.050000
0 0.585407 0.293519 0.010417 0.050000
0 0.590004 0.300926 0.019792 0.050000
0 0.600562 0.190741 0.009375 0.044444
0 0.605208 0.099074 0.006250 0.046296
0 0.592708 0.147222 0.010417 0.038889
