0 0.206770 0.962963 0.011458 0.062963
0 0.074479 0.844444 0.017708 0.033333
0 0.007812 0.816667 0.009375 0.055556
0 0.018229 0.817593 0.011458 0.053704
0 0.031771 0.814815 0.013542 0.055556
0 0.045313 0.811111 0.013542 0.051852
0 0.055208 0.787037 0.014583 0.048148
0 0.048958 0.856481 0.012500 0.050000
0 0.286458 0.780481 0.012500 0.051852
0 0.230771 0.839815 0.017708 0.050000
0 0.308854 0.784259 0.009375 0.046296
0 0.166667 0.840741 0.016667 0.048148
0 0.185938 0.837037 0.017708 0.044444
0 0.263020 0.662037 0.013542 0.042593
0 0.267708 0.657407 0.000417 0.044444
0 0.813542 0.864815 0.018750 0.048148
0 0.872396 0.871296 0.015625 0.046296
0 0.744792 0.800852 0.010417 0.040741
0 0.820875 0.787037 0.010417 0.044444
0 0.807292 0.831481 0.014583 0.044444
0 0.801042 0.832407 0.014583 0.046296
0 0.834896 0.826852 0.001458 0.053704
0 0.846875 0.805556 0.000417 0.044444
0 0.859896 0.805556 0.001458 0.040741
0 0.859896 0.834259 0.011458 0.042593
0 0.684896 0.662963 0.009375 0.037037
0 0.640625 0.773148 0.012500 0.027778
0 0.630208 0.768519 0.010417 0.029630
0 0.655208 0.700185 0.008333 0.038889
0 0.656250 0.708519 0.008333 0.029630
0 0.399479 0.900926 0.015625 0.050000
0 0.404167 0.915741 0.016667 0.042593
0 0.643229 0.877778 0.011458 0.055556
0 0.651042 0.876852 0.012500 0.042593
0 0.638542 0.848148 0.012500 0.040741
0 0.614062 0.833333 0.011458 0.040741
0 0.529687 0.771296 0.011458 0.035185
0 0.502083 0.700000 0.010417 0.029630
0 0.463021 0.691667 0.009375 0.027778
0 0.461458 0.704630 0.008333 0.020370
0 0.572396 0.726852 0.009375 0.035085
0 0.589063 0.742593 0.003542 0.037037
0 0.593750 0.660085 0.006250 0.035185
0 0.585938 0.680481 0.007292 0.044444
0 0.344792 0.747222 0.010417 0.031481
0 0.362500 0.720296 0.010417 0.035185
0 0.374479 0.715741 0.013542 0.020370
0 0.349479 0.730481 0.009375 0.029630
0 0.405625 0.672222 0.008333 0.037037
0 0.027083 0.816667 0.014583 0.037037
0 0.442088 0.500000 0.007292 0.025926
0 0.431771 0.503704 0.007292 0.014815
0 0.468750 0.455556 0.006250 0.018519
0 0.479687 0.472222 0.005208 0.018519
0 0.498958 0.462037 0.006250 0.016667
0 0.459896 0.454630 0.005208 0.016667
