0 0.865809 0.080699 0.019853 0.071895
0 0.708456 0.540523 0.024265 0.082353
0 0.720588 0.548366 0.027940 0.084967
0 0.703676 0.454248 0.026471 0.077124
0 0.800471 0.075163 0.022059 0.069281
0 0.800471 0.032680 0.022059 0.065359
0 0.827940 0.030719 0.017647 0.061438
0 0.833456 0.048366 0.020324 0.073203
0 0.834559 0.058070 0.023529 0.074510
0 0.755505 0.037255 0.015441 0.064052
0 0.762868 0.045752 0.008382 0.075817
0 0.644485 0.270895 0.016912 0.078431
0 0.593750 0.259477 0.008382 0.079739
0 0.565809 0.259477 0.002500 0.079739
0 0.568005 0.074510 0.013971 0.081046
0 0.560765 0.116993 0.016176 0.087582
0 0.544018 0.103922 0.022059 0.082353
0 0.548897 0.037908 0.018382 0.077124
0 0.525368 0.014379 0.011029 0.069281
0 0.400838 0.047712 0.016912 0.079739
0 0.404779 0.033987 0.005441 0.067974
0 0.424632 0.049020 0.003971 0.069281
0 0.433824 0.033987 0.003235 0.067974
0 0.530250 0.021569 0.013971 0.043137
