0 0.006250 0.420296 0.006250 0.024074
0 0.060937 0.402037 0.005208 0.016667
0 0.067708 0.409259 0.004167 0.011111
0 0.077604 0.406481 0.007292 0.016667
0 0.005729 0.417593 0.007292 0.024074
0 0.121354 0.429630 0.005208 0.011111
0 0.027083 0.477778 0.008333 0.022222
0 0.005208 0.445370 0.006250 0.006667
0 0.050520 0.413889 0.005208 0.016667
0 0.052083 0.402037 0.004167 0.024074
0 0.200938 0.390741 0.003125 0.014815
0 0.523438 0.874074 0.011458 0.033333
0 0.524479 0.862963 0.015625 0.040741
0 0.552083 0.713889 0.006250 0.024074
0 0.557813 0.715741 0.009375 0.020370
0 0.553646 0.701852 0.013542 0.025926
0 0.589063 0.454630 0.005208 0.020370
0 0.593750 0.457407 0.006250 0.008519
0 0.532813 0.364815 0.003125 0.011111
0 0.568750 0.325926 0.004067 0.011111
0 0.572907 0.356481 0.004167 0.012963
0 0.580208 0.362963 0.004167 0.011111
0 0.565104 0.380556 0.003125 0.009259
0 0.541667 0.406481 0.004167 0.016667
0 0.548438 0.408333 0.005208 0.012963
0 0.547907 0.432407 0.004167 0.020370
0 0.544792 0.433333 0.004067 0.022222
0 0.540625 0.429630 0.006250 0.004815
0 0.540667 0.440741 0.004167 0.018519
0 0.539062 0.450000 0.005208 0.011111
0 0.522396 0.433333 0.005208 0.022222
0 0.574479 0.398048 0.003125 0.014815
0 0.575000 0.394444 0.004067 0.018519
0 0.580771 0.403704 0.005208 0.018519
0 0.579688 0.402778 0.005208 0.006667
0 0.579688 0.396296 0.005208 0.008519
