0 0.669018 0.901961 0.013235 0.075817
0 0.663970 0.883007 0.014706 0.074510
0 0.879402 0.610458 0.014706 0.054902
0 0.016544 0.881699 0.022794 0.082353
0 0.805441 0.583660 0.007353 0.050980
0 0.827206 0.579739 0.014706 0.050980
0 0.770221 0.609150 0.013971 0.041830
0 0.630985 0.425490 0.006618 0.027451
0 0.683456 0.407843 0.008088 0.031373
0 0.607279 0.330719 0.005147 0.028758
0 0.580147 0.254902 0.004412 0.015686
0 0.506912 0.233333 0.004412 0.022222
0 0.527574 0.209804 0.003676 0.014379
0 0.520221 0.215033 0.003676 0.011765
0 0.467279 0.192810 0.003676 0.009150
0 0.401765 0.327451 0.007353 0.030065
0 0.389338 0.385621 0.008088 0.028758
