0 0.534559 0.324837 0.004402 0.019608
0 0.643750 0.503725 0.009559 0.044444
0 0.645588 0.520569 0.005882 0.041830
0 0.650735 0.523529 0.008824 0.037908
0 0.775735 0.378430 0.008824 0.027451
0 0.703235 0.458170 0.007353 0.035294
0 0.794018 0.403268 0.005882 0.030065
0 0.784926 0.400961 0.006618 0.030065
0 0.785662 0.398039 0.006608 0.030065
0 0.764338 0.433987 0.008088 0.036600
0 0.752206 0.430373 0.007353 0.031373
0 0.734926 0.428005 0.006618 0.030065
0 0.745220 0.430719 0.006618 0.032680
0 0.740544 0.428105 0.006618 0.032680
0 0.780505 0.438562 0.006618 0.032680
0 0.780250 0.435294 0.009559 0.033987
0 0.725735 0.484304 0.010294 0.043137
0 0.794018 0.473203 0.008824 0.041830
0 0.786029 0.475063 0.008824 0.040523
0 0.788970 0.510458 0.008824 0.048366
0 0.753676 0.497386 0.008824 0.035294
0 0.769018 0.494771 0.008824 0.045752
0 0.763970 0.481699 0.007353 0.037908
0 0.769853 0.479739 0.008824 0.039206
0 0.756608 0.537908 0.011765 0.050980
0 0.787868 0.552940 0.009559 0.047059
0 0.700662 0.530065 0.011029 0.048366
0 0.720691 0.528758 0.011029 0.043137
0 0.686397 0.560031 0.009559 0.045752
0 0.970324 0.555556 0.019118 0.096732
0 0.890544 0.572549 0.011029 0.062745
0 0.905047 0.556863 0.013235 0.067974
0 0.903235 0.566667 0.010294 0.066667
0 0.899632 0.608301 0.022794 0.099346
0 0.902500 0.624183 0.026471 0.113725
0 0.844485 0.679739 0.024265 0.009804
0 0.844485 0.849020 0.027206 0.079739
0 0.786029 0.832680 0.009118 0.091503
0 0.808015 0.818301 0.009559 0.088889
0 0.552206 0.667974 0.023529 0.022876
0 0.688970 0.682353 0.038235 0.104575
0 0.763603 0.633333 0.027206 0.005882
0 0.743382 0.608301 0.027941 0.104575
0 0.709559 0.632680 0.027940 0.109804
0 0.660397 0.601307 0.025735 0.101961
0 0.652940 0.597386 0.029412 0.094118
0 0.405882 0.647702 0.019118 0.118954
0 0.406176 0.635294 0.017647 0.117647
0 0.358456 0.664052 0.008382 0.117647
0 0.363235 0.659477 0.009118 0.111111
0 0.326470 0.639216 0.029412 0.122876
0 0.334926 0.604379 0.037500 0.125490
0 0.260662 0.603268 0.036029 0.024183
0 0.094853 0.605882 0.029402 0.124183
0 0.062132 0.571895 0.021324 0.111111
0 0.075368 0.626144 0.025735 0.107190
0 0.054779 0.566003 0.044853 0.115033
0 0.008015 0.570588 0.025735 0.113725
0 0.020221 0.523529 0.009559 0.050980
0 0.067647 0.443137 0.007353 0.039216
0 0.034191 0.496078 0.013971 0.048366
0 0.096690 0.507843 0.009559 0.048366
0 0.029402 0.526797 0.010294 0.054902
0 0.105147 0.442484 0.008824 0.037908
0 0.079044 0.456209 0.008088 0.026144
0 0.030515 0.441830 0.009559 0.039216
0 0.038603 0.438562 0.008088 0.043137
0 0.038971 0.416340 0.008824 0.037908
0 0.034926 0.382353 0.006618 0.037908
0 0.077206 0.362745 0.007353 0.022222
0 0.080882 0.356209 0.004402 0.024837
0 0.084091 0.361438 0.005147 0.014379
0 0.056985 0.400000 0.011029 0.028758
0 0.059559 0.397386 0.007353 0.033987
0 0.069018 0.395425 0.005882 0.035294
0 0.073062 0.403922 0.006618 0.039216
0 0.078309 0.407090 0.008088 0.035294
0 0.043015 0.359477 0.006618 0.028758
0 0.047794 0.373203 0.005882 0.027451
0 0.052574 0.370588 0.006618 0.030065
0 0.056250 0.360131 0.005147 0.027451
0 0.051471 0.362745 0.005882 0.027451
0 0.223529 0.390503 0.007353 0.030065
0 0.243005 0.386275 0.006618 0.024837
0 0.303971 0.326797 0.005882 0.026144
0 0.256250 0.345098 0.005047 0.026144
0 0.250471 0.343791 0.004412 0.023529
0 0.233824 0.330709 0.005882 0.023529
0 0.226003 0.328758 0.005147 0.024837
0 0.229779 0.322222 0.005047 0.022222
0 0.208382 0.305882 0.002941 0.023529
0 0.222426 0.305229 0.003676 0.022222
0 0.226470 0.307843 0.004412 0.024837
0 0.278309 0.309608 0.005147 0.024837
0 0.256985 0.303725 0.003676 0.023529
0 0.259926 0.303072 0.005147 0.022222
0 0.303309 0.320260 0.003676 0.020915
0 0.305882 0.307647 0.004412 0.020915
0 0.301029 0.318954 0.005882 0.023529
0 0.294018 0.320915 0.002941 0.022222
0 0.288970 0.320261 0.004412 0.023529
0 0.277574 0.306536 0.003676 0.022222
0 0.280882 0.308497 0.004402 0.020915
0 0.284091 0.310458 0.003676 0.022222
