0 0.108088 0.641176 0.020588 0.058824
0 0.084926 0.637255 0.022794 0.053595
0 0.096324 0.630719 0.019118 0.053595
0 0.504044 0.888889 0.008382 0.054902
0 0.503309 0.870588 0.022794 0.065359
0 0.405074 0.067320 0.006618 0.030065
0 0.426470 0.028105 0.005882 0.024837
0 0.440441 0.015033 0.004412 0.016993
0 0.469853 0.003922 0.007353 0.007843
0 0.501029 0.077124 0.004412 0.028758
0 0.533088 0.078430 0.005882 0.028758
0 0.537032 0.129412 0.006618 0.033987
0 0.563235 0.098693 0.005882 0.027450
0 0.359559 0.207843 0.007353 0.040830
0 0.368382 0.207843 0.007353 0.040830
0 0.369853 0.200654 0.007353 0.043037
0 0.359926 0.006993 0.003676 0.023529
0 0.206250 0.398039 0.006912 0.058824
0 0.812132 0.584314 0.015441 0.054902
0 0.940912 0.353595 0.007353 0.032680
0 0.909853 0.340523 0.008824 0.048366
0 0.959091 0.497386 0.015441 0.056209
0 0.943382 0.522222 0.016176 0.050980
0 0.959926 0.509804 0.001029 0.047059
0 0.886765 0.495425 0.008824 0.052288
0 0.757721 0.483007 0.013971 0.037908
0 0.767647 0.292157 0.010294 0.032680
0 0.777574 0.284314 0.009559 0.030065
0 0.637032 0.175163 0.006618 0.041830
0 0.629044 0.200307 0.006618 0.039216
0 0.622426 0.202604 0.006618 0.033987
0 0.589338 0.024837 0.005047 0.026144
