0 0.216146 0.766667 0.021875 0.051852
0 0.202604 0.636011 0.019792 0.050000
0 0.271354 0.598148 0.011458 0.048148
0 0.262500 0.598148 0.010417 0.040741
0 0.291146 0.521296 0.011458 0.035185
0 0.370875 0.529630 0.012500 0.044444
0 0.375000 0.504630 0.000417 0.038889
0 0.386458 0.470296 0.010417 0.038889
0 0.390146 0.456481 0.009375 0.035185
0 0.359896 0.300926 0.011458 0.031481
0 0.047917 0.422222 0.012500 0.040741
0 0.057292 0.400000 0.014583 0.037037
0 0.070313 0.373148 0.011458 0.035185
0 0.070313 0.367593 0.011458 0.035185
0 0.246354 0.387963 0.009375 0.035085
0 0.253646 0.368509 0.009375 0.037037
0 0.254688 0.359259 0.009375 0.033333
0 0.007812 0.577778 0.019792 0.037037
0 0.275000 0.201111 0.008333 0.025926
0 0.270875 0.191667 0.008333 0.027778
0 0.378646 0.186111 0.009375 0.027778
0 0.597396 0.002778 0.005208 0.024074
0 0.608750 0.107407 0.004167 0.025926
0 0.501563 0.077778 0.005208 0.018519
0 0.572907 0.032407 0.004167 0.020370
