0 0.892279 0.171895 0.012500 0.040523
0 0.397794 0.036600 0.007353 0.047059
0 0.466076 0.015033 0.005882 0.030065
0 0.486765 0.027450 0.007353 0.033987
0 0.490440 0.046405 0.007353 0.043137
0 0.496690 0.034641 0.011029 0.032680
0 0.522794 0.037255 0.011765 0.027451
0 0.540074 0.018301 0.008088 0.037908
0 0.504706 0.113725 0.005882 0.041830
0 0.502868 0.120915 0.006618 0.040523
0 0.503971 0.145752 0.010294 0.027451
0 0.675735 0.962745 0.009118 0.074510
0 0.626838 0.707647 0.015441 0.070588
0 0.524265 0.980699 0.016176 0.036601
0 0.500103 0.983007 0.021324 0.033987
0 0.509118 0.873203 0.019118 0.081046
0 0.537868 0.652288 0.021324 0.060131
0 0.435294 0.812418 0.020588 0.053595
0 0.482353 0.500961 0.013235 0.070588
0 0.449265 0.505686 0.007353 0.037908
0 0.454044 0.529412 0.011029 0.039216
0 0.457720 0.405229 0.012500 0.054902
0 0.504338 0.247712 0.006618 0.040523
0 0.505505 0.243137 0.009559 0.057516
0 0.466544 0.264052 0.006608 0.033987
0 0.457720 0.250327 0.009559 0.050980
0 0.455047 0.301307 0.008824 0.056209
0 0.434926 0.263399 0.009559 0.058824
0 0.438970 0.295425 0.008824 0.060131
0 0.350368 0.230709 0.011029 0.064052
0 0.363603 0.242484 0.001029 0.061438
0 0.386765 0.254902 0.000294 0.052288
0 0.372794 0.224083 0.010294 0.058824
0 0.383088 0.222222 0.008824 0.049673
0 0.404402 0.216340 0.008824 0.032680
0 0.409853 0.224183 0.008824 0.053595
0 0.422794 0.203922 0.000294 0.054902
0 0.330985 0.163399 0.013971 0.028758
0 0.436029 0.083007 0.014706 0.054902
0 0.450000 0.056863 0.008824 0.049673
0 0.454779 0.048366 0.006618 0.050980
0 0.459091 0.154902 0.005147 0.030065
0 0.400294 0.101307 0.013235 0.030065
0 0.540544 0.508497 0.013971 0.067974
0 0.401397 0.013072 0.005147 0.026144
