0 0.337240 0.794444 0.005104 0.061111
0 0.322907 0.793981 0.016667 0.049074
0 0.305469 0.790740 0.017188 0.053704
0 0.295302 0.784259 0.013542 0.061111
0 0.245052 0.764805 0.021354 0.070370
0 0.262760 0.724537 0.026562 0.076852
0 0.270875 0.691204 0.016667 0.073148
0 0.447656 0.780481 0.025521 0.074074
0 0.455990 0.762037 0.020354 0.075926
0 0.452604 0.722685 0.022907 0.080556
0 0.452865 0.701111 0.017188 0.075926
0 0.363542 0.760085 0.020833 0.083333
0 0.370573 0.753704 0.004063 0.079630
0 0.643229 0.670296 0.019792 0.046296
0 0.654948 0.704067 0.008854 0.049074
0 0.209792 0.593519 0.007292 0.038889
0 0.079688 0.534722 0.009375 0.034259
0 0.090104 0.485648 0.009375 0.030556
0 0.085677 0.479167 0.005729 0.026852
0 0.070573 0.464815 0.006771 0.031481
0 0.209792 0.412500 0.006250 0.025000
0 0.083594 0.406481 0.007812 0.024074
0 0.172656 0.409259 0.008854 0.024074
0 0.024479 0.682870 0.019792 0.078704
0 0.045573 0.686574 0.020313 0.080556
0 0.023698 0.692593 0.009271 0.068519
0 0.007552 0.690667 0.015104 0.072222
0 0.288542 0.457407 0.006250 0.029630
0 0.285156 0.442593 0.005729 0.020370
0 0.313542 0.442130 0.006250 0.021296
0 0.250260 0.388889 0.004687 0.024074
0 0.242969 0.387037 0.004687 0.020370
0 0.042708 0.487963 0.007292 0.031481
0 0.040625 0.481481 0.007292 0.027778
0 0.040885 0.627778 0.007812 0.042593
0 0.028025 0.919444 0.017708 0.062963
0 0.040927 0.903704 0.013021 0.061111
0 0.045573 0.886111 0.007812 0.031481
0 0.068750 0.868509 0.012500 0.053704
0 0.055729 0.857407 0.007708 0.057407
0 0.008073 0.860111 0.015104 0.066667
0 0.097656 0.650000 0.007802 0.038889
0 0.008854 0.653241 0.011458 0.041667
0 0.007812 0.622685 0.010417 0.045370
0 0.089323 0.636574 0.000937 0.045370
0 0.095052 0.625000 0.008854 0.040740
0 0.047907 0.610185 0.012500 0.042593
0 0.034375 0.600463 0.009375 0.025000
0 0.034896 0.589352 0.001458 0.034259
0 0.022907 0.594444 0.008333 0.038889
0 0.002240 0.598148 0.008854 0.044444
0 0.013802 0.586574 0.005729 0.021296
0 0.029067 0.646759 0.010417 0.041667
0 0.022396 0.642593 0.000417 0.037037
0 0.001719 0.654630 0.013021 0.037037
0 0.038542 0.643980 0.012500 0.043519
0 0.073958 0.627315 0.012500 0.036111
0 0.069271 0.617130 0.008333 0.034259
0 0.838802 0.706667 0.013021 0.061111
0 0.850042 0.711111 0.014583 0.066667
0 0.833333 0.706204 0.010417 0.052778
0 0.750260 0.702500 0.010937 0.034259
0 0.739844 0.701574 0.010937 0.045370
0 0.796354 0.677778 0.009375 0.042593
0 0.704583 0.662037 0.010417 0.046296
0 0.698438 0.643980 0.007292 0.034259
0 0.702604 0.637037 0.007292 0.038889
0 0.692969 0.635085 0.009896 0.040741
0 0.773438 0.631944 0.008333 0.034259
0 0.727083 0.602305 0.008333 0.041667
0 0.709531 0.601389 0.006771 0.037963
0 0.759896 0.609259 0.008333 0.037037
0 0.747396 0.620833 0.008333 0.039805
0 0.751823 0.626852 0.005729 0.014815
0 0.665625 0.695833 0.009375 0.039805
0 0.646875 0.641204 0.009375 0.034259
0 0.626823 0.607407 0.005729 0.042593
0 0.643750 0.612500 0.007292 0.025000
0 0.635417 0.590741 0.008333 0.025926
0 0.590927 0.586574 0.006771 0.036111
0 0.580250 0.585648 0.005208 0.037963
0 0.580250 0.572222 0.007292 0.031481
0 0.740406 0.604630 0.005729 0.035185
0 0.747907 0.603241 0.006250 0.032407
0 0.756250 0.580556 0.006250 0.035085
0 0.728646 0.590204 0.008333 0.028704
0 0.734375 0.589805 0.007292 0.035185
0 0.706406 0.575463 0.006771 0.037963
0 0.704063 0.569444 0.006250 0.035185
0 0.744270 0.581481 0.006250 0.029630
0 0.750260 0.580093 0.006770 0.026852
0 0.764323 0.575926 0.006771 0.029630
0 0.736979 0.558796 0.005208 0.034259
0 0.757802 0.539815 0.007292 0.031481
0 0.748077 0.531481 0.006771 0.031481
0 0.740625 0.547685 0.007292 0.028704
0 0.739062 0.540278 0.004167 0.015741
0 0.739583 0.506009 0.006250 0.026852
0 0.708333 0.505556 0.005208 0.030481
0 0.702240 0.503241 0.005729 0.030556
0 0.751042 0.474074 0.005208 0.022222
0 0.768750 0.475926 0.004067 0.029630
0 0.770302 0.473148 0.004167 0.031481
0 0.761458 0.447222 0.005208 0.022222
0 0.787500 0.424537 0.007292 0.020296
0 0.723437 0.465278 0.006250 0.030556
0 0.728906 0.462037 0.008854 0.030481
0 0.850042 0.434722 0.007292 0.025000
0 0.833854 0.429067 0.006250 0.026852
0 0.826823 0.428704 0.006770 0.027778
0 0.580469 0.397685 0.004687 0.020296
0 0.365365 0.370833 0.005729 0.020296
0 0.375520 0.369907 0.005208 0.019444
0 0.300781 0.398611 0.004687 0.019444
0 0.276823 0.402315 0.004687 0.017593
0 0.326562 0.388889 0.005208 0.016667
0 0.307031 0.376389 0.004687 0.021296
0 0.296354 0.368509 0.004167 0.020370
0 0.299209 0.369907 0.004687 0.019444
0 0.338021 0.386111 0.004167 0.016667
0 0.320573 0.378704 0.003646 0.020370
0 0.344271 0.375000 0.005208 0.018519
0 0.338021 0.373611 0.004167 0.013889
0 0.330208 0.368519 0.004167 0.016667
0 0.325000 0.368056 0.003125 0.015741
0 0.302240 0.356944 0.004687 0.019444
0 0.309896 0.347222 0.003025 0.016667
