0 0.730729 0.547685 0.009375 0.025000
0 0.078385 0.951389 0.021354 0.073148
0 0.008333 0.773611 0.015625 0.056481
0 0.090365 0.850926 0.017188 0.059259
0 0.188021 0.602778 0.005208 0.018519
0 0.266146 0.699074 0.009375 0.038889
0 0.024740 0.647685 0.006771 0.028704
0 0.239323 0.676389 0.007812 0.032407
0 0.207031 0.690278 0.008854 0.037963
0 0.208854 0.664352 0.008333 0.030556
0 0.225260 0.689815 0.008854 0.035185
0 0.221875 0.677778 0.008333 0.027778
0 0.217969 0.655556 0.004687 0.029630
0 0.222135 0.659722 0.007812 0.025000
