0 0.354779 0.645752 0.005047 0.028758
0 0.365074 0.637255 0.005047 0.027451
0 0.379044 0.603072 0.005147 0.026144
0 0.385662 0.608497 0.005047 0.027451
0 0.390544 0.607190 0.005147 0.024837
0 0.399265 0.603268 0.004402 0.027451
0 0.398062 0.595425 0.005147 0.027451
0 0.396324 0.594770 0.004412 0.026144
0 0.405047 0.597386 0.004412 0.026144
0 0.405047 0.586928 0.004412 0.026144
0 0.405074 0.586275 0.005147 0.024837
0 0.445588 0.562092 0.004402 0.026144
0 0.482720 0.582353 0.003676 0.024837
0 0.480985 0.587582 0.003676 0.024837
0 0.458088 0.499346 0.002940 0.023529
0 0.450735 0.498693 0.002940 0.016993
0 0.455047 0.507190 0.004412 0.020915
0 0.460397 0.501961 0.003676 0.020915
0 0.609091 0.598693 0.005147 0.018301
0 0.605074 0.593464 0.006618 0.026144
0 0.603603 0.567320 0.005147 0.020915
0 0.603309 0.563399 0.005047 0.023529
0 0.607647 0.560784 0.004412 0.023529
0 0.547794 0.552940 0.004412 0.020915
0 0.550000 0.528758 0.004402 0.022222
0 0.562500 0.528005 0.004412 0.020915
0 0.553309 0.550634 0.005147 0.018301
0 0.558824 0.524083 0.002941 0.018301
0 0.554779 0.520569 0.003676 0.018301
0 0.560397 0.510458 0.003676 0.019608
0 0.565074 0.501765 0.003676 0.019608
0 0.573529 0.530709 0.004412 0.018301
0 0.493382 0.464052 0.004402 0.018301
0 0.500000 0.466003 0.002941 0.019608
0 0.496690 0.467974 0.003676 0.018301
0 0.530985 0.491503 0.005147 0.020915
0 0.530618 0.484314 0.004412 0.016993
0 0.547059 0.467320 0.004412 0.016993
0 0.562500 0.467974 0.004402 0.015686
0 0.594485 0.509804 0.005047 0.020915
0 0.566544 0.489542 0.003676 0.009608
0 0.569853 0.494770 0.004412 0.019608
0 0.580047 0.499346 0.004412 0.020915
0 0.585662 0.500654 0.005047 0.018301
0 0.556608 0.466667 0.004412 0.015686
0 0.843750 0.435294 0.003676 0.005686
0 0.860029 0.379739 0.002941 0.011765
0 0.864338 0.394770 0.002206 0.015686
0 0.720691 0.471242 0.003676 0.014379
0 0.666544 0.490096 0.003676 0.018301
0 0.668382 0.492057 0.002941 0.016993
0 0.670588 0.492057 0.002941 0.016993
0 0.659926 0.501765 0.005147 0.022222
0 0.652574 0.496078 0.003676 0.006993
