0 0.963542 0.898048 0.022917 0.072222
0 0.990927 0.903704 0.014063 0.085185
0 0.946094 0.750389 0.016146 0.065741
0 0.878906 0.766204 0.004063 0.067593
0 0.866667 0.767030 0.010417 0.063889
0 0.854948 0.763889 0.003021 0.070370
0 0.801979 0.759722 0.015625 0.065741
0 0.882552 0.679630 0.007188 0.059259
0 0.801198 0.677778 0.013021 0.062963
0 0.904687 0.547222 0.000417 0.048148
0 0.828646 0.630093 0.012500 0.039815
0 0.768750 0.587500 0.008333 0.039805
0 0.779427 0.589805 0.010937 0.053704
0 0.825780 0.515741 0.010937 0.046296
0 0.804688 0.520833 0.006250 0.039805
0 0.790406 0.534259 0.009896 0.044444
0 0.786709 0.514352 0.008854 0.032407
0 0.763280 0.555093 0.005729 0.043519
0 0.773438 0.547685 0.008333 0.045370
0 0.776042 0.522222 0.008333 0.035085
0 0.804583 0.482870 0.006250 0.028704
0 0.760417 0.483333 0.010417 0.016667
0 0.762760 0.437500 0.010937 0.023148
0 0.745573 0.487500 0.004687 0.025000
0 0.738020 0.479630 0.007292 0.037037
0 0.725000 0.503704 0.000417 0.031481
0 0.722907 0.471296 0.008333 0.040741
0 0.670833 0.531481 0.011458 0.035185
0 0.667188 0.513889 0.007292 0.022222
0 0.650260 0.484722 0.008854 0.026852
0 0.639844 0.457870 0.006771 0.025000
0 0.630729 0.463426 0.009375 0.028704
0 0.602240 0.459259 0.008854 0.033333
0 0.704844 0.462500 0.006771 0.037963
0 0.707708 0.438889 0.006250 0.031481
0 0.701979 0.442593 0.005208 0.031481
0 0.707030 0.444907 0.005729 0.032407
0 0.690885 0.433333 0.006770 0.031481
0 0.682030 0.442130 0.005729 0.030556
0 0.744530 0.415741 0.006771 0.035185
0 0.740146 0.393981 0.005208 0.028704
0 0.716927 0.400463 0.007812 0.030556
0 0.737760 0.405741 0.004687 0.027778
0 0.734635 0.422685 0.006770 0.032407
0 0.730990 0.406667 0.006771 0.031481
0 0.728385 0.400926 0.005729 0.020370
0 0.724219 0.397685 0.007812 0.025000
0 0.682292 0.372685 0.006250 0.026852
0 0.695833 0.393056 0.006250 0.032407
0 0.709531 0.351852 0.005729 0.025926
0 0.700000 0.344444 0.005208 0.025926
0 0.692708 0.350926 0.004067 0.027778
0 0.689844 0.350389 0.005729 0.026852
0 0.676562 0.407870 0.005208 0.021296
0 0.676302 0.395370 0.003646 0.025926
0 0.670615 0.396296 0.006771 0.029630
0 0.614844 0.415741 0.006771 0.024074
0 0.609115 0.426389 0.005729 0.017593
0 0.606771 0.420833 0.006250 0.021296
0 0.675000 0.345833 0.004067 0.023148
0 0.677083 0.342593 0.006250 0.025926
0 0.660056 0.362500 0.005729 0.025000
0 0.655729 0.366204 0.004067 0.026852
0 0.652865 0.394444 0.004687 0.018519
0 0.647917 0.377315 0.006250 0.017593
0 0.649479 0.363889 0.006250 0.025926
0 0.644000 0.364815 0.004687 0.024074
0 0.638542 0.358796 0.004067 0.025000
0 0.649740 0.353240 0.004687 0.019444
0 0.653385 0.344907 0.005729 0.023048
0 0.653025 0.338889 0.005208 0.022222
0 0.646875 0.343509 0.007292 0.020370
0 0.646615 0.331481 0.005729 0.012963
0 0.638542 0.335085 0.004167 0.022222
0 0.633073 0.335085 0.004687 0.024074
0 0.628025 0.336574 0.005208 0.023148
0 0.623437 0.343980 0.003125 0.019444
0 0.608229 0.346296 0.004167 0.024074
0 0.598177 0.384722 0.004687 0.019444
0 0.587240 0.368056 0.004687 0.013889
0 0.602240 0.366204 0.004687 0.026852
0 0.575521 0.365741 0.005208 0.020370
0 0.581771 0.359722 0.005208 0.017593
0 0.600156 0.346296 0.003646 0.020370
0 0.603646 0.345833 0.003025 0.021296
0 0.597656 0.337037 0.004687 0.024074
0 0.591927 0.353241 0.003646 0.021296
0 0.590365 0.345370 0.006771 0.012963
0 0.584896 0.350000 0.005208 0.014815
0 0.579427 0.347222 0.004687 0.012963
0 0.574219 0.351389 0.005729 0.021296
0 0.563020 0.353241 0.005208 0.026852
0 0.671354 0.324537 0.005208 0.013889
0 0.673698 0.323148 0.004687 0.012963
0 0.677865 0.320833 0.006771 0.013889
0 0.701458 0.263889 0.003125 0.014815
0 0.703281 0.263426 0.003646 0.015741
0 0.700562 0.265741 0.005208 0.018519
0 0.697035 0.265741 0.005729 0.018519
0 0.677865 0.260111 0.004687 0.018519
0 0.668750 0.273048 0.004167 0.020370
0 0.637760 0.255093 0.003646 0.003889
0 0.632292 0.250463 0.003025 0.013889
0 0.602240 0.245833 0.002604 0.015741
0 0.648698 0.274537 0.004687 0.007593
0 0.644792 0.283796 0.004067 0.021296
0 0.656771 0.280093 0.005208 0.013889
0 0.694271 0.293056 0.004167 0.013889
0 0.689583 0.294907 0.005208 0.010185
0 0.681771 0.292593 0.004167 0.012963
0 0.679688 0.293056 0.005208 0.015741
0 0.675000 0.293519 0.004167 0.011111
0 0.676302 0.285648 0.004687 0.007593
0 0.604583 0.272222 0.004167 0.016667
0 0.608854 0.276389 0.005208 0.009444
0 0.509792 0.265741 0.003125 0.016667
0 0.507448 0.255556 0.004687 0.014815
0 0.503802 0.260648 0.004687 0.019444
0 0.593750 0.308056 0.005208 0.019444
0 0.588021 0.322222 0.005208 0.016667
0 0.580208 0.324537 0.004067 0.013889
0 0.570573 0.326852 0.005729 0.016667
0 0.560979 0.326389 0.004167 0.023148
0 0.550042 0.335648 0.004167 0.019444
0 0.546605 0.335648 0.003646 0.021296
0 0.526302 0.337037 0.003646 0.022222
0 0.532803 0.342130 0.004167 0.021296
0 0.530208 0.337037 0.005208 0.022222
0 0.529948 0.332407 0.003646 0.020370
0 0.540667 0.344444 0.004167 0.022222
0 0.538802 0.342030 0.004687 0.019444
0 0.537240 0.337037 0.004687 0.022222
0 0.536979 0.333796 0.004067 0.021296
0 0.538802 0.333333 0.004687 0.025926
0 0.550260 0.253704 0.004687 0.006667
0 0.466406 0.250463 0.003646 0.010185
0 0.520833 0.095370 0.003125 0.011111
0 0.508490 0.195370 0.003646 0.011111
0 0.508073 0.098611 0.002604 0.010185
0 0.522396 0.202963 0.002083 0.011111
0 0.509792 0.213426 0.002083 0.010185
0 0.490625 0.220833 0.003025 0.012037
0 0.482552 0.206667 0.002604 0.011111
0 0.475000 0.206204 0.002083 0.012037
0 0.472907 0.216204 0.003125 0.010185
0 0.474740 0.202037 0.002604 0.011111
0 0.472656 0.202037 0.002604 0.011111
0 0.467708 0.232407 0.003025 0.014815
0 0.449740 0.344444 0.005729 0.024074
0 0.438020 0.329167 0.005208 0.021296
0 0.436979 0.335085 0.005208 0.024074
0 0.436709 0.343519 0.004687 0.022222
0 0.399740 0.344907 0.002604 0.023048
0 0.398177 0.310648 0.005729 0.017593
0 0.401823 0.318519 0.004687 0.012963
0 0.390004 0.320833 0.004167 0.017593
0 0.390885 0.329630 0.005729 0.020370
0 0.378906 0.325000 0.004687 0.016667
0 0.377344 0.320370 0.004687 0.018519
0 0.375000 0.306019 0.004167 0.013889
0 0.405469 0.269907 0.004687 0.007593
0 0.408333 0.259259 0.005208 0.012963
0 0.402865 0.254067 0.004687 0.015741
0 0.394271 0.258796 0.003125 0.010185
0 0.353646 0.316667 0.004167 0.012963
0 0.351042 0.314352 0.004167 0.015741
0 0.336719 0.294907 0.005729 0.013889
0 0.330469 0.317130 0.005729 0.017593
0 0.323958 0.309259 0.005208 0.018519
0 0.317188 0.319907 0.005208 0.019444
0 0.304063 0.332407 0.005208 0.024074
0 0.301198 0.344907 0.007812 0.023148
0 0.304067 0.343981 0.005208 0.023148
0 0.307030 0.341204 0.005729 0.026852
0 0.307292 0.339805 0.007292 0.027778
0 0.308333 0.336011 0.006250 0.027778
0 0.309635 0.314815 0.004687 0.016667
0 0.298438 0.335085 0.006250 0.025926
0 0.295573 0.346296 0.008854 0.025926
0 0.279948 0.349074 0.004687 0.027778
0 0.285056 0.338426 0.002604 0.021296
0 0.287500 0.343509 0.005208 0.018519
0 0.288020 0.338426 0.003125 0.026852
0 0.285938 0.338426 0.005208 0.030556
0 0.283854 0.336011 0.006250 0.033333
0 0.268229 0.340278 0.005208 0.023048
0 0.282292 0.283796 0.005208 0.010185
0 0.269792 0.295370 0.003125 0.012963
0 0.260937 0.293981 0.004167 0.010185
0 0.134115 0.432407 0.007812 0.024074
0 0.053906 0.404067 0.007812 0.034259
0 0.047907 0.406481 0.007292 0.035185
0 0.028025 0.379630 0.008333 0.031481
0 0.200260 0.385185 0.008854 0.029630
0 0.205729 0.368981 0.006250 0.017593
0 0.210417 0.359722 0.007292 0.017593
0 0.260417 0.327315 0.007292 0.017593
0 0.250563 0.336111 0.004167 0.022222
0 0.240004 0.330093 0.006250 0.025000
0 0.232031 0.331019 0.005729 0.012037
0 0.221354 0.368981 0.008333 0.013889
0 0.223698 0.353704 0.005729 0.008519
0 0.223698 0.349074 0.005729 0.008519
0 0.228385 0.345370 0.005729 0.008519
0 0.222656 0.327778 0.005729 0.008519
0 0.204323 0.335185 0.005729 0.018519
0 0.208073 0.330481 0.005729 0.018519
0 0.200260 0.334259 0.005729 0.008519
0 0.094531 0.331019 0.006771 0.025000
0 0.148438 0.343981 0.006250 0.021296
0 0.002083 0.346759 0.006250 0.025000
0 0.095052 0.347222 0.007802 0.029630
0 0.040104 0.316204 0.007292 0.023148
0 0.014062 0.297222 0.005208 0.024074
0 0.025521 0.297222 0.005208 0.020370
0 0.023437 0.293056 0.004167 0.019444
0 0.045313 0.296759 0.005208 0.021296
0 0.044271 0.280556 0.005208 0.022222
0 0.333073 0.250852 0.002604 0.012963
0 0.343750 0.254167 0.005208 0.012037
0 0.328385 0.254067 0.002604 0.015741
