0 0.552206 0.479085 0.007353 0.035294
0 0.540074 0.567320 0.006608 0.041830
0 0.534091 0.575163 0.006618 0.020915
0 0.378309 0.620260 0.011029 0.037908
0 0.176103 0.578431 0.013971 0.035294
0 0.230618 0.578431 0.007353 0.045752
0 0.224632 0.567320 0.006618 0.023529
0 0.237032 0.517647 0.006618 0.039216
0 0.301029 0.513725 0.008824 0.039216
0 0.326470 0.494771 0.008824 0.037908
0 0.380985 0.316340 0.005147 0.020915
0 0.395588 0.383660 0.007353 0.024837
0 0.344018 0.389542 0.004412 0.031373
0 0.347426 0.390196 0.005147 0.016993
0 0.472059 0.368627 0.004402 0.026144
0 0.461397 0.369281 0.005147 0.016993
0 0.456250 0.362092 0.003676 0.005686
0 0.768382 0.404575 0.004402 0.024837
0 0.770956 0.400654 0.005147 0.011765
0 0.787032 0.746405 0.015441 0.052288
0 0.876470 0.401307 0.004412 0.020915
0 0.873897 0.396078 0.006608 0.026144
0 0.904044 0.506993 0.006618 0.030065
0 0.995220 0.928105 0.008088 0.073203
0 0.986765 0.924083 0.011765 0.049673
0 0.883456 0.811765 0.015441 0.039216
0 0.928309 0.807090 0.009559 0.056209
0 0.906176 0.800654 0.010294 0.053595
0 0.909853 0.818954 0.016176 0.061438
0 0.920221 0.807190 0.006618 0.032680
0 0.907720 0.690850 0.011029 0.050980
0 0.898529 0.657506 0.007353 0.044444
0 0.980250 0.432026 0.006618 0.027451
0 0.973897 0.434640 0.006618 0.024837
0 0.960294 0.438562 0.007353 0.019608
0 0.950103 0.671895 0.013971 0.052288
0 0.962032 0.659477 0.009559 0.048366
0 0.956608 0.645098 0.007353 0.048366
0 0.937500 0.627450 0.010294 0.047059
0 0.920588 0.609050 0.010294 0.049673
0 0.985662 0.608954 0.013971 0.040523
0 0.973529 0.505882 0.005882 0.040830
0 0.983456 0.524083 0.009559 0.031373
0 0.997794 0.529402 0.004412 0.036601
0 0.988235 0.525490 0.000294 0.041830
