0 0.622035 0.343519 0.003646 0.025926
0 0.428385 0.308056 0.002604 0.015741
0 0.436458 0.332870 0.004167 0.013889
0 0.566406 0.384722 0.005729 0.026852
0 0.573958 0.376389 0.006250 0.025000
0 0.577344 0.384722 0.005729 0.021296
0 0.579688 0.361574 0.005208 0.019444
0 0.608750 0.402315 0.007292 0.034259
0 0.620094 0.396759 0.005729 0.036111
0 0.625000 0.399537 0.006250 0.034259
0 0.632292 0.402778 0.007292 0.033333
0 0.637240 0.399537 0.006770 0.028704
0 0.599219 0.462963 0.008854 0.038889
0 0.652604 0.435648 0.000417 0.039815
0 0.662240 0.440667 0.007812 0.038889
0 0.667088 0.443519 0.006250 0.035185
0 0.697035 0.542593 0.011979 0.057407
0 0.676562 0.677305 0.018750 0.089815
0 0.705104 0.586574 0.011458 0.065741
0 0.720094 0.562500 0.015104 0.065741
0 0.785937 0.652778 0.007708 0.075926
0 0.795833 0.612500 0.016667 0.043519
0 0.791927 0.606481 0.016146 0.048148
0 0.885056 0.793981 0.018229 0.102778
0 0.930510 0.928241 0.032813 0.128704
0 0.120833 0.575000 0.017708 0.062963
0 0.112760 0.564815 0.014063 0.059259
0 0.096875 0.402037 0.009375 0.037037
0 0.177083 0.528704 0.013542 0.062963
0 0.395052 0.325926 0.003646 0.020370
0 0.389062 0.329067 0.004167 0.019444
0 0.388542 0.340667 0.004167 0.024074
0 0.390146 0.346296 0.004167 0.024074
0 0.402500 0.350463 0.004167 0.021296
0 0.400677 0.355556 0.005729 0.024074
0 0.404687 0.356480 0.004167 0.022222
0 0.400000 0.361111 0.005208 0.020370
0 0.377604 0.375000 0.005208 0.022222
0 0.296094 0.372685 0.006770 0.026852
0 0.295833 0.376852 0.006250 0.025926
0 0.346875 0.377315 0.005208 0.019444
0 0.342708 0.378241 0.005208 0.023148
0 0.332552 0.397222 0.005729 0.031481
0 0.353125 0.392130 0.007292 0.030556
0 0.347135 0.402778 0.006771 0.024074
0 0.325000 0.426389 0.007292 0.025000
0 0.332552 0.416667 0.007812 0.022222
0 0.336979 0.410185 0.007292 0.022222
0 0.336458 0.401852 0.006250 0.020370
0 0.339062 0.395370 0.006250 0.022222
0 0.311719 0.439815 0.008854 0.038889
0 0.300823 0.449537 0.011979 0.043519
0 0.280208 0.456019 0.011458 0.032407
0 0.250780 0.475926 0.007812 0.037037
0 0.250780 0.471296 0.007812 0.050000
0 0.065885 0.378704 0.006771 0.031481
0 0.082292 0.369907 0.006250 0.032407
0 0.080469 0.368519 0.006771 0.035185
0 0.209792 0.453241 0.007292 0.043519
0 0.173177 0.454167 0.011979 0.037963
