0 0.036029 0.769935 0.033824 0.099346
0 0.008750 0.773203 0.019853 0.079739
0 0.327574 0.594771 0.027206 0.070588
0 0.336765 0.573856 0.025000 0.073203
0 0.281985 0.560784 0.024265 0.041830
0 0.389338 0.394770 0.018382 0.075817
0 0.655505 0.362745 0.018382 0.069281
0 0.390912 0.126797 0.008824 0.044444
0 0.622794 0.303922 0.008824 0.043037
0 0.629044 0.301111 0.008088 0.041830
0 0.646324 0.265359 0.001765 0.065359
0 0.652574 0.256209 0.003971 0.060131
0 0.670220 0.249020 0.012500 0.056209
0 0.680882 0.252288 0.008824 0.036600
0 0.680515 0.303922 0.013971 0.032680
0 0.678676 0.328105 0.019118 0.031373
0 0.696324 0.328105 0.008824 0.031373
0 0.714338 0.273856 0.012500 0.050980
0 0.282353 0.057506 0.008824 0.041830
