0 0.095956 0.408954 0.012500 0.048366
0 0.743382 0.348366 0.000294 0.035294
0 0.753309 0.344444 0.008088 0.035294
0 0.703235 0.262745 0.007353 0.033987
0 0.470221 0.233987 0.008088 0.026144
0 0.473162 0.234641 0.005147 0.016993
0 0.800471 0.158170 0.004412 0.028758
0 0.820220 0.160784 0.005147 0.023529
0 0.812500 0.164052 0.004412 0.009150
0 0.983088 0.050327 0.002941 0.015686
0 0.989338 0.050327 0.003676 0.018301
0 0.659559 0.033333 0.004412 0.020915
0 0.621324 0.156863 0.004412 0.026144
0 0.625368 0.154902 0.002206 0.016993
0 0.590074 0.042484 0.006618 0.023529
0 0.589706 0.039869 0.004412 0.023529
0 0.463603 0.147059 0.006618 0.022222
0 0.498529 0.033333 0.005882 0.020915
0 0.508088 0.031373 0.005882 0.024837
0 0.538235 0.084304 0.002941 0.016993
0 0.540440 0.083007 0.002941 0.019608
0 0.577206 0.056863 0.002940 0.019608
0 0.580147 0.053595 0.002941 0.007843
0 0.378309 0.183007 0.006618 0.026144
0 0.404044 0.154902 0.006618 0.019608
0 0.400735 0.026797 0.004412 0.023529
0 0.403309 0.029412 0.005147 0.023529
0 0.248062 0.190850 0.003676 0.028758
0 0.270588 0.133333 0.007353 0.018301
0 0.279779 0.016340 0.005147 0.023529
0 0.306608 0.093464 0.004412 0.022222
0 0.308382 0.098693 0.004412 0.019608
0 0.320956 0.099346 0.003676 0.020905
0 0.325368 0.001307 0.003676 0.022222
0 0.330882 0.002614 0.004412 0.022222
0 0.330618 0.100000 0.002941 0.022222
0 0.333456 0.001961 0.003676 0.018301
0 0.440074 0.066667 0.005147 0.018301
0 0.394118 0.074510 0.004412 0.015686
0 0.400103 0.033987 0.002206 0.015686
0 0.521324 0.026797 0.002941 0.011765
0 0.289338 0.359477 0.006608 0.041830
0 0.294485 0.356209 0.002500 0.037908
0 0.315441 0.324837 0.010294 0.027451
0 0.322426 0.337255 0.008088 0.026144
0 0.218015 0.315686 0.009559 0.030065
0 0.056985 0.393464 0.001029 0.044444
0 0.095221 0.294771 0.006618 0.019608
0 0.201397 0.122222 0.008088 0.024837
0 0.079044 0.100000 0.005147 0.022222
0 0.094853 0.101307 0.005882 0.019608
