0 0.025000 0.714352 0.017708 0.054630
0 0.178385 0.558333 0.009896 0.040741
0 0.095052 0.533333 0.008854 0.035185
0 0.198437 0.505093 0.006250 0.015741
0 0.238542 0.476852 0.006250 0.025926
0 0.251302 0.467130 0.005729 0.023148
0 0.081771 0.480556 0.008333 0.027778
0 0.089844 0.462963 0.007812 0.027778
0 0.792088 0.958796 0.019792 0.082407
0 0.432031 0.507870 0.006771 0.034259
0 0.432292 0.493981 0.007292 0.026852
0 0.422135 0.493981 0.007812 0.032407
0 0.506250 0.534722 0.008333 0.037963
0 0.476823 0.504067 0.006771 0.032407
0 0.486979 0.502778 0.005208 0.033333
0 0.208073 0.450852 0.004687 0.022222
0 0.372396 0.406481 0.004167 0.012963
0 0.382812 0.404167 0.003125 0.012037
0 0.392448 0.395370 0.003646 0.009259
0 0.397917 0.394907 0.003125 0.012037
0 0.425781 0.453704 0.005729 0.022222
0 0.420833 0.423611 0.004167 0.017593
0 0.415104 0.414352 0.004167 0.015741
0 0.338542 0.416667 0.004167 0.016667
0 0.340146 0.397222 0.003125 0.014815
0 0.282803 0.419907 0.002083 0.019444
0 0.285407 0.418519 0.003125 0.018519
0 0.290667 0.413889 0.003125 0.016667
0 0.295052 0.417130 0.002604 0.015741
0 0.467969 0.477778 0.003646 0.024074
0 0.478385 0.447685 0.004687 0.020296
0 0.470875 0.447685 0.004167 0.023148
0 0.021875 0.451389 0.006250 0.026852
0 0.038542 0.438889 0.004167 0.022222
0 0.047917 0.435185 0.005208 0.025926
0 0.052344 0.435648 0.003646 0.023148
0 0.073177 0.490741 0.005729 0.022222
0 0.440625 0.409907 0.004167 0.019444
0 0.446354 0.420370 0.004067 0.020370
0 0.446094 0.400185 0.003646 0.016667
0 0.463542 0.475926 0.005208 0.022222
