0 0.073062 0.786928 0.041912 0.117647
0 0.252206 0.808954 0.032353 0.108497
0 0.280505 0.803922 0.030147 0.104575
0 0.339338 0.803922 0.024265 0.007190
0 0.454779 0.730709 0.027206 0.109804
0 0.494853 0.665359 0.022059 0.004575
0 0.572059 0.703072 0.014706 0.105882
0 0.549632 0.704379 0.021324 0.108497
0 0.565809 0.648366 0.022794 0.091503
0 0.590074 0.635294 0.005441 0.086275
0 0.578676 0.628105 0.007353 0.045752
0 0.847426 0.222222 0.028676 0.001961
0 0.796324 0.263399 0.013235 0.074510
0 0.754412 0.257516 0.011765 0.067974
0 0.738971 0.236601 0.011765 0.047059
0 0.702868 0.210458 0.016912 0.083660
0 0.740544 0.198039 0.019853 0.079739
0 0.573062 0.233333 0.015441 0.084967
0 0.501765 0.208497 0.019118 0.077124
0 0.520691 0.188889 0.019853 0.084967
0 0.455505 0.196732 0.018382 0.079739
0 0.444485 0.200458 0.013971 0.086275
0 0.420691 0.241830 0.013971 0.073203
0 0.406985 0.205686 0.015441 0.088889
0 0.335294 0.145098 0.017647 0.086275
0 0.218750 0.138562 0.015441 0.060131
0 0.238971 0.162092 0.016176 0.062745
0 0.255147 0.156863 0.017647 0.075817
0 0.271691 0.145098 0.012500 0.060131
0 0.206544 0.040523 0.009559 0.031373
0 0.207353 0.047702 0.016176 0.069281
0 0.202206 0.036601 0.007353 0.026144
0 0.202206 0.036601 0.007353 0.023529
0 0.223529 0.206340 0.017647 0.066667
0 0.056250 0.216993 0.018382 0.091503
0 0.062132 0.178431 0.018382 0.069281
0 0.093750 0.350980 0.028676 0.092800
0 0.065074 0.601961 0.033088 0.108497
0 0.036765 0.535948 0.029412 0.094118
0 0.620588 0.567974 0.020588 0.013725
0 0.639338 0.533333 0.020324 0.101961
0 0.660662 0.453595 0.002500 0.094118
0 0.669485 0.440176 0.012500 0.100654
0 0.675368 0.436600 0.012500 0.112418
0 0.673897 0.420569 0.011029 0.105882
0 0.650368 0.405229 0.008382 0.086275
0 0.626003 0.460784 0.012500 0.077124
0 0.632720 0.479739 0.013971 0.073203
0 0.600735 0.482353 0.003235 0.091503
0 0.605505 0.517647 0.016912 0.099346
0 0.593005 0.531373 0.018382 0.108497
0 0.575000 0.556209 0.004706 0.092810
0 0.576838 0.494018 0.018382 0.086275
0 0.558456 0.506340 0.013971 0.094118
0 0.543750 0.506340 0.021324 0.096732
0 0.540912 0.572549 0.020588 0.101961
0 0.502868 0.628105 0.018382 0.111111
0 0.525735 0.605229 0.022059 0.007190
0 0.500294 0.571242 0.020588 0.104575
0 0.522794 0.547059 0.003235 0.077124
0 0.505074 0.490196 0.019853 0.088889
0 0.486765 0.605229 0.022059 0.094018
0 0.487500 0.582353 0.009118 0.090196
0 0.487500 0.535294 0.007647 0.090196
0 0.467647 0.575807 0.016176 0.084967
0 0.434926 0.573856 0.008382 0.065359
0 0.407647 0.577124 0.017647 0.077124
0 0.390544 0.588889 0.016912 0.066667
0 0.207353 0.580699 0.025000 0.101961
0 0.202574 0.526044 0.021324 0.077124
0 0.093015 0.504575 0.025735 0.101961
0 0.063971 0.473856 0.027941 0.098039
0 0.040809 0.394771 0.021324 0.073203
0 0.060662 0.373856 0.019853 0.083660
0 0.076838 0.380392 0.012500 0.054902
0 0.374265 0.249020 0.007647 0.092810
0 0.356250 0.247702 0.015441 0.079739
0 0.354779 0.280699 0.022794 0.087582
0 0.333456 0.304379 0.027206 0.079739
0 0.304338 0.322222 0.021324 0.087582
0 0.320588 0.352288 0.004706 0.071895
0 0.312868 0.350327 0.012500 0.031373
0 0.306176 0.369281 0.020588 0.079739
0 0.220220 0.286275 0.025735 0.070588
0 0.096691 0.300000 0.028676 0.090196
0 0.202574 0.343037 0.024265 0.090196
0 0.273897 0.388235 0.008382 0.083660
0 0.204044 0.370242 0.018382 0.083660
0 0.098162 0.403268 0.019853 0.084967
0 0.203309 0.460031 0.022794 0.101961
0 0.300368 0.488889 0.022794 0.067974
0 0.330505 0.450327 0.013971 0.056209
0 0.296691 0.429412 0.012500 0.048366
0 0.299632 0.452941 0.016912 0.050980
0 0.288970 0.318954 0.020588 0.088889
0 0.294853 0.376470 0.019118 0.075817
0 0.298897 0.347059 0.009559 0.066667
0 0.276003 0.333333 0.019853 0.081046
0 0.240912 0.312418 0.019118 0.083660
0 0.253309 0.343790 0.015441 0.073203
0 0.256250 0.387582 0.020324 0.092810
0 0.323529 0.603725 0.025000 0.100654
0 0.343750 0.593464 0.009853 0.099346
0 0.360294 0.576470 0.019118 0.091503
0 0.380505 0.558170 0.018382 0.096732
0 0.376470 0.499346 0.017647 0.081046
0 0.359926 0.503922 0.019853 0.082353
0 0.338970 0.546405 0.020588 0.091503
0 0.324632 0.518954 0.015441 0.065359
0 0.361397 0.455556 0.018382 0.050980
0 0.336397 0.384967 0.016912 0.053595
0 0.341912 0.415686 0.013235 0.047059
0 0.354779 0.423529 0.021324 0.047059
0 0.286029 0.600000 0.009118 0.099346
0 0.290074 0.562745 0.020324 0.098039
0 0.253309 0.606993 0.024265 0.086275
0 0.234559 0.337255 0.007647 0.065359
0 0.729779 0.903268 0.025735 0.009804
0 0.722059 0.877024 0.033824 0.107190
0 0.226470 0.355556 0.016176 0.065359
0 0.033824 0.205882 0.033824 0.048366
