0 0.550103 0.364052 0.012500 0.056209
0 0.740440 0.108497 0.007353 0.039216
0 0.736029 0.013072 0.008824 0.040523
0 0.933088 0.096732 0.003235 0.039216
0 0.550838 0.151634 0.008088 0.047059
0 0.248529 0.220569 0.011765 0.050980
0 0.248529 0.071895 0.013235 0.050980
0 0.236765 0.072549 0.010294 0.049673
0 0.237500 0.068627 0.010294 0.049673
0 0.307720 0.126144 0.008088 0.050980
0 0.274632 0.013072 0.009559 0.043137
0 0.366544 0.239206 0.009559 0.049673
0 0.366902 0.217647 0.005882 0.040523
0 0.352574 0.045752 0.008088 0.043137
0 0.346690 0.154248 0.008088 0.036601
0 0.345220 0.090850 0.008088 0.037908
0 0.334091 0.085621 0.006618 0.035294
0 0.330047 0.082353 0.007353 0.039216
0 0.239338 0.312418 0.018382 0.054902
0 0.307721 0.443137 0.015441 0.049673
0 0.338235 0.357516 0.016176 0.040523
0 0.336029 0.365359 0.016176 0.022222
0 0.318750 0.423529 0.012500 0.023529
0 0.383088 0.209050 0.010294 0.049673
0 0.067647 0.296078 0.011765 0.030065
0 0.476103 0.059477 0.008088 0.022222
0 0.506250 0.003072 0.006618 0.026144
0 0.502132 0.013725 0.005147 0.019608
0 0.506544 0.016993 0.005147 0.020915
0 0.525000 0.080046 0.008824 0.039216
0 0.920956 0.092810 0.011029 0.033987
