0 0.476562 0.245370 0.007292 0.020370
0 0.468750 0.248148 0.006250 0.022222
0 0.439583 0.247222 0.008333 0.020370
0 0.409896 0.270370 0.007292 0.033333
0 0.505208 0.262037 0.004067 0.027778
0 0.500042 0.269444 0.006250 0.027778
0 0.509375 0.264805 0.004167 0.029630
0 0.504062 0.269444 0.005208 0.024074
0 0.409896 0.362037 0.007292 0.030481
0 0.426563 0.437037 0.003542 0.048148
0 0.487500 0.399074 0.008333 0.024074
0 0.487500 0.387963 0.008333 0.027778
0 0.500000 0.384259 0.008333 0.024074
0 0.499479 0.375926 0.007292 0.029630
0 0.506250 0.358333 0.006250 0.024074
0 0.506771 0.363889 0.005208 0.024074
0 0.432292 0.479630 0.010417 0.040741
0 0.401458 0.498148 0.010417 0.048148
0 0.507292 0.476852 0.012500 0.038889
0 0.526563 0.403704 0.009375 0.048048
0 0.536979 0.407407 0.009375 0.044444
0 0.223958 0.593519 0.012500 0.038889
0 0.560458 0.460185 0.012500 0.053704
0 0.538542 0.545370 0.002500 0.061111
0 0.643229 0.201852 0.005208 0.018519
0 0.636458 0.200926 0.008333 0.016667
0 0.627604 0.197222 0.009375 0.020370
0 0.664583 0.198148 0.006250 0.011111
0 0.549479 0.743509 0.017708 0.083333
0 0.386458 0.578704 0.008333 0.053704
0 0.547917 0.666667 0.016667 0.044444
0 0.550521 0.661111 0.017708 0.051852
0 0.429167 0.545370 0.014583 0.053704
0 0.394792 0.664815 0.012500 0.051852
0 0.372917 0.772222 0.018750 0.074074
0 0.401562 0.723148 0.017708 0.061111
0 0.402083 0.610185 0.014583 0.035185
0 0.409792 0.583333 0.012500 0.059259
0 0.402500 0.573148 0.014583 0.064815
0 0.403646 0.608333 0.021875 0.050000
0 0.617708 0.908333 0.020833 0.075926
0 0.573438 0.846296 0.021875 0.077778
0 0.528646 0.848148 0.021875 0.048148
0 0.526042 0.825000 0.020833 0.053704
0 0.879167 0.486111 0.014583 0.042593
0 0.126042 0.970370 0.020833 0.040741
