0 0.341146 0.943056 0.043750 0.113889
0 0.365885 0.857407 0.033854 0.146296
0 0.327344 0.778241 0.027604 0.119444
0 0.355729 0.775463 0.028125 0.117593
0 0.361979 0.660185 0.020833 0.070370
0 0.288280 0.582870 0.007812 0.052778
0 0.266927 0.588426 0.013021 0.036111
0 0.377344 0.592593 0.009896 0.044444
0 0.384896 0.574537 0.008333 0.037963
0 0.376823 0.557870 0.008854 0.036111
0 0.393750 0.514815 0.004167 0.018519
0 0.384115 0.522222 0.004687 0.022222
0 0.380729 0.512037 0.004167 0.012963
0 0.390365 0.504167 0.004687 0.015741
0 0.396094 0.509722 0.003646 0.020296
