0 0.091146 0.107407 0.009375 0.051852
0 0.086979 0.141667 0.013542 0.053704
0 0.238020 0.137037 0.013542 0.048148
0 0.353025 0.158333 0.012500 0.057407
0 0.332803 0.332407 0.017708 0.112963
0 0.383333 0.439805 0.020833 0.153704
0 0.209271 0.366667 0.028125 0.114815
0 0.065104 0.475926 0.028125 0.151852
0 0.304688 0.580481 0.038542 0.174074
0 0.365625 0.562963 0.030250 0.162963
0 0.338542 0.490740 0.025000 0.155556
0 0.560407 0.736111 0.045833 0.220370
0 0.707708 0.753704 0.037500 0.248148
0 0.556250 0.502037 0.039583 0.164815
0 0.430729 0.472222 0.032292 0.055556
0 0.397907 0.100000 0.010417 0.055556
0 0.423437 0.020370 0.013542 0.051852
0 0.637500 0.052778 0.012500 0.072222
0 0.559375 0.207593 0.016667 0.083333
0 0.604688 0.089805 0.009375 0.042593
0 0.602500 0.108333 0.010417 0.046296
0 0.726562 0.016667 0.013542 0.059259
0 0.678646 0.094444 0.015625 0.074074
0 0.752083 0.047222 0.010417 0.064815
0 0.789583 0.234259 0.004583 0.079630
0 0.846354 0.087037 0.009375 0.048148
0 0.848958 0.228704 0.004583 0.072222
0 0.864062 0.277778 0.007708 0.103704
0 0.949479 0.237037 0.005625 0.085185
0 0.900000 0.330481 0.025000 0.129630
0 0.948958 0.323048 0.027083 0.105556
0 0.990004 0.400926 0.019792 0.142593
0 0.979687 0.245370 0.020875 0.079630
0 0.972396 0.088889 0.013542 0.085185
0 0.794270 0.188889 0.011458 0.051852
0 0.686979 0.050926 0.009375 0.053704
0 0.766667 0.027778 0.010417 0.059259
0 0.780208 0.095370 0.002500 0.064815
0 0.918750 0.198148 0.018750 0.044444
0 0.825000 0.285185 0.025000 0.085185
0 0.807292 0.291667 0.027083 0.094444
0 0.737500 0.027778 0.010417 0.051852
0 0.603025 0.187963 0.016667 0.050000
0 0.535937 0.012037 0.013542 0.035185
0 0.554688 0.433333 0.009792 0.129630
0 0.549479 0.345370 0.026042 0.068519
0 0.532803 0.320370 0.021875 0.092593
0 0.571875 0.038889 0.010417 0.025926
0 0.328646 0.167593 0.013542 0.046296
0 0.404583 0.322222 0.018750 0.103704
0 0.420354 0.310185 0.021875 0.116667
0 0.411979 0.297222 0.011458 0.042593
0 0.024479 0.343519 0.019792 0.053704
0 0.095833 0.333333 0.027083 0.062963
0 0.145313 0.249074 0.013542 0.031481
0 0.132812 0.240741 0.015625 0.029630
0 0.119271 0.249074 0.015625 0.027778
0 0.102604 0.242593 0.021875 0.044444
0 0.117708 0.232407 0.014583 0.042593
0 0.108333 0.232407 0.014583 0.050000
0 0.144792 0.146296 0.010417 0.025926
0 0.138021 0.126852 0.013542 0.027778
0 0.118229 0.126852 0.015625 0.035185
0 0.058333 0.109259 0.010417 0.033333
