0 0.797059 0.303922 0.004402 0.016993
0 0.800735 0.298039 0.004402 0.018301
0 0.890809 0.440176 0.006618 0.019608
0 0.726838 0.326044 0.003676 0.016993
0 0.722426 0.326044 0.003676 0.014379
0 0.730047 0.354902 0.004412 0.016993
0 0.736029 0.357506 0.002941 0.016993
0 0.708824 0.349020 0.004402 0.018301
0 0.757353 0.388889 0.009118 0.024837
0 0.772059 0.396078 0.009118 0.026144
0 0.740440 0.402614 0.016176 0.026144
0 0.753309 0.401111 0.021324 0.032680
0 0.775000 0.423529 0.006176 0.026144
0 0.787868 0.402604 0.018382 0.028758
0 0.802574 0.402418 0.019853 0.027451
0 0.792279 0.430709 0.021324 0.032680
0 0.806985 0.435294 0.009853 0.031373
0 0.809485 0.416340 0.018382 0.024837
0 0.837500 0.427450 0.017647 0.026144
0 0.852940 0.433333 0.017647 0.024837
0 0.838603 0.453595 0.009853 0.033987
0 0.820691 0.447059 0.021324 0.031373
0 0.679779 0.370242 0.003676 0.018301
0 0.700735 0.365359 0.005882 0.011765
0 0.720588 0.394018 0.004412 0.019608
0 0.704338 0.386928 0.003676 0.015686
0 0.707647 0.386275 0.002941 0.016993
0 0.657353 0.487582 0.004402 0.020915
0 0.598062 0.441176 0.003676 0.022222
0 0.590440 0.450980 0.004412 0.020915
0 0.596324 0.430065 0.004402 0.018301
0 0.597794 0.602418 0.005882 0.024837
0 0.553309 0.599346 0.006912 0.037908
0 0.609559 0.657506 0.007353 0.026144
0 0.603676 0.650634 0.005882 0.024837
0 0.444018 0.651634 0.005882 0.022222
0 0.430250 0.656209 0.005147 0.020915
0 0.424265 0.650980 0.005882 0.023529
0 0.279402 0.432680 0.004412 0.020915
0 0.284191 0.441830 0.005147 0.015686
0 0.290441 0.451634 0.004412 0.019608
0 0.332720 0.435294 0.005147 0.023529
0 0.300294 0.506536 0.002941 0.019608
0 0.086397 0.497386 0.005047 0.019608
0 0.079779 0.337255 0.005147 0.018301
0 0.236029 0.392800 0.004412 0.019608
0 0.077574 0.427451 0.002206 0.018301
0 0.097426 0.454248 0.027206 0.035294
0 0.075000 0.437255 0.022059 0.024837
0 0.081618 0.464706 0.026471 0.035294
0 0.058456 0.443137 0.022794 0.031373
0 0.040912 0.268627 0.004412 0.014379
0 0.035294 0.269281 0.004412 0.015686
0 0.056250 0.222222 0.002206 0.003072
