0 0.340667 0.625000 0.026042 0.098148
0 0.306250 0.654630 0.028025 0.111111
0 0.298438 0.620296 0.014583 0.079630
0 0.250302 0.618981 0.018229 0.089815
0 0.886979 0.670759 0.030208 0.102778
0 0.908333 0.694907 0.020833 0.006481
0 0.642088 0.636111 0.016667 0.077778
0 0.580510 0.618519 0.015104 0.074074
0 0.355469 0.568980 0.009896 0.052778
0 0.370875 0.568056 0.015625 0.039815
0 0.020573 0.783796 0.039062 0.175000
0 0.563020 0.586574 0.011458 0.067593
0 0.573958 0.587963 0.000417 0.062963
0 0.689583 0.774537 0.040625 0.036111
0 0.950562 0.946296 0.070833 0.107407
0 0.836098 0.812037 0.045312 0.183333
0 0.853906 0.889805 0.056771 0.220370
0 0.963020 0.903704 0.067708 0.175926
0 0.760938 0.843509 0.048958 0.187037
