0 0.844018 0.448366 0.017647 0.049673
0 0.906250 0.471242 0.018382 0.045752
0 0.985662 0.475807 0.015441 0.049673
0 0.853309 0.732026 0.009853 0.073203
0 0.490912 0.825490 0.025000 0.071895
0 0.593382 0.404575 0.011765 0.024837
0 0.605882 0.394770 0.010294 0.047059
0 0.602500 0.403268 0.010294 0.048366
0 0.496691 0.482353 0.015441 0.044444
0 0.510662 0.464052 0.012500 0.047059
0 0.516912 0.465359 0.007353 0.028758
0 0.522426 0.463399 0.009559 0.037908
0 0.440441 0.496732 0.016176 0.047059
0 0.441544 0.465359 0.013971 0.041830
0 0.324632 0.581046 0.016912 0.048366
0 0.423162 0.386275 0.016912 0.043137
0 0.374632 0.362745 0.009559 0.043037
0 0.451103 0.299346 0.009559 0.033987
0 0.476103 0.284967 0.009559 0.028758
0 0.479779 0.284967 0.008088 0.028758
0 0.384559 0.280699 0.008824 0.043137
0 0.379779 0.268627 0.008088 0.037908
0 0.530618 0.160784 0.007353 0.028758
0 0.537032 0.158170 0.006618 0.028758
0 0.476003 0.213725 0.011029 0.030065
0 0.477574 0.161438 0.006618 0.022222
0 0.448062 0.156209 0.006618 0.030065
0 0.444853 0.158824 0.005882 0.022222
0 0.036397 0.305229 0.001029 0.048366
0 0.046324 0.300654 0.000294 0.044444
0 0.068750 0.280046 0.011029 0.044444
0 0.075368 0.268627 0.009559 0.037908
0 0.030515 0.355556 0.012500 0.047059
0 0.037500 0.360131 0.014706 0.048366
0 0.044118 0.350980 0.011765 0.048366
0 0.050735 0.343791 0.008824 0.041830
0 0.230985 0.304575 0.008088 0.031373
0 0.259559 0.290850 0.000294 0.040523
0 0.247059 0.296732 0.008824 0.036600
0 0.223062 0.232680 0.009559 0.036601
0 0.230985 0.232680 0.009559 0.039216
0 0.459559 0.187582 0.007353 0.024837
0 0.468015 0.192810 0.005147 0.024837
0 0.504338 0.008497 0.003676 0.016993
0 0.409559 0.054248 0.004402 0.019608
0 0.406544 0.054248 0.005147 0.019608
0 0.328676 0.234640 0.007353 0.037908
0 0.303676 0.291503 0.011765 0.039216
0 0.349265 0.203268 0.008824 0.022222
0 0.408382 0.037908 0.004412 0.015686
0 0.407647 0.033987 0.004412 0.015686
0 0.463603 0.011765 0.003676 0.013072
