0 0.739706 0.833333 0.022059 0.084967
0 0.765440 0.835294 0.022059 0.088889
0 0.588970 0.368627 0.007353 0.041830
0 0.580250 0.356863 0.009559 0.041830
0 0.333456 0.394770 0.011029 0.047059
0 0.098529 0.867320 0.014706 0.087582
0 0.202132 0.892157 0.012500 0.087582
0 0.206176 0.873856 0.017647 0.082353
0 0.497426 0.268627 0.005047 0.032680
0 0.480505 0.256863 0.005147 0.032680
0 0.475735 0.066667 0.002941 0.022222
0 0.450838 0.128758 0.003676 0.014379
0 0.553676 0.205229 0.005882 0.013072
0 0.359091 0.145752 0.003676 0.019608
0 0.364338 0.031373 0.003676 0.016993
0 0.370324 0.198693 0.002941 0.023529
0 0.566902 0.377778 0.005882 0.036601
0 0.752206 0.513725 0.010294 0.044444
0 0.761029 0.511765 0.010294 0.030065
0 0.328676 0.513725 0.011765 0.039216
0 0.327941 0.516993 0.011765 0.043137
0 0.345588 0.345098 0.008824 0.028758
0 0.638603 0.856209 0.024265 0.067974
0 0.636397 0.837908 0.021324 0.062745
0 0.445588 0.266013 0.005882 0.022222
0 0.445221 0.266667 0.008088 0.028758
0 0.467279 0.241176 0.005147 0.024837
0 0.395221 0.176471 0.005147 0.015686
0 0.394853 0.104575 0.002941 0.007843
0 0.450368 0.007843 0.002206 0.011765
