0 0.237240 0.708333 0.023438 0.018519
0 0.729948 0.753704 0.027604 0.037037
0 0.905104 0.695833 0.021875 0.130556
0 0.579427 0.676852 0.022396 0.012963
0 0.569270 0.668056 0.018750 0.100926
0 0.550823 0.663426 0.018229 0.113889
0 0.546875 0.656944 0.008750 0.102778
0 0.527083 0.708981 0.031250 0.113889
0 0.566046 0.831944 0.042708 0.149074
0 0.572035 0.948148 0.064062 0.103704
0 0.490406 0.568981 0.009896 0.036111
0 0.479067 0.559259 0.008333 0.031481
0 0.460198 0.547222 0.007812 0.033333
0 0.362500 0.542030 0.006250 0.023148
0 0.406146 0.525926 0.006250 0.022222
