0 0.413235 0.107190 0.002941 0.007843
0 0.380985 0.115686 0.003676 0.009150
0 0.369853 0.123529 0.002941 0.006536
0 0.412500 0.136601 0.002941 0.006536
0 0.409926 0.141176 0.002206 0.007843
0 0.352206 0.004575 0.002941 0.010458
0 0.419853 0.169281 0.004412 0.009150
0 0.411765 0.162745 0.002941 0.009150
0 0.466544 0.091503 0.005147 0.019608
0 0.445956 0.220905 0.003676 0.018301
0 0.443750 0.208301 0.003676 0.020915
0 0.429412 0.205882 0.004412 0.011765
0 0.417647 0.205882 0.004412 0.011765
0 0.339706 0.205229 0.004412 0.010458
0 0.312868 0.203922 0.005147 0.010458
0 0.273062 0.245752 0.005147 0.023529
0 0.270956 0.286275 0.005047 0.026144
0 0.265809 0.285620 0.005147 0.030065
0 0.252940 0.285621 0.005882 0.019608
0 0.001471 0.742484 0.019118 0.067974
0 0.320956 0.266667 0.005047 0.026144
0 0.417647 0.273203 0.004412 0.026144
0 0.420221 0.271242 0.005147 0.024837
0 0.465441 0.300000 0.005882 0.014379
0 0.377574 0.457516 0.009559 0.026144
0 0.365074 0.580392 0.013971 0.036601
0 0.303971 0.596732 0.011765 0.058824
0 0.250735 0.595425 0.004706 0.053595
0 0.870956 0.758070 0.012500 0.073203
0 0.877941 0.735948 0.005882 0.026144
0 0.565809 0.308497 0.005047 0.028758
0 0.601103 0.275817 0.008088 0.018301
0 0.715074 0.309804 0.008088 0.023529
0 0.714706 0.298693 0.005882 0.011765
0 0.709559 0.296732 0.005882 0.015686
0 0.734091 0.303268 0.006618 0.026144
0 0.736029 0.298693 0.004402 0.024837
0 0.727940 0.300000 0.004412 0.022222
0 0.787868 0.284967 0.006608 0.023529
0 0.778676 0.284304 0.004412 0.022222
0 0.780047 0.278431 0.004412 0.020915
0 0.783088 0.270588 0.004412 0.015686
0 0.755882 0.279085 0.005882 0.011765
0 0.734091 0.366013 0.009559 0.033987
