0 0.440544 0.200000 0.003676 0.023529
0 0.438235 0.200000 0.005882 0.008301
0 0.422426 0.224837 0.005047 0.023529
0 0.427574 0.226797 0.005047 0.024837
0 0.372059 0.247702 0.004412 0.024837
0 0.580505 0.093464 0.002206 0.011765
0 0.578309 0.108497 0.003676 0.010458
0 0.576838 0.129412 0.003676 0.013072
0 0.568382 0.149673 0.002941 0.014379
0 0.605441 0.222876 0.004412 0.027451
0 0.600000 0.169281 0.004412 0.019608
0 0.669853 0.223529 0.004402 0.023529
0 0.673062 0.233987 0.005147 0.026144
0 0.675368 0.243037 0.005147 0.028758
0 0.624632 0.294018 0.009559 0.031373
0 0.643382 0.292057 0.007353 0.027451
0 0.640912 0.297386 0.010294 0.027451
0 0.981250 0.944444 0.021324 0.074510
0 0.823897 0.335948 0.008088 0.030373
0 0.639338 0.485621 0.011029 0.032680
0 0.623529 0.579085 0.014706 0.036601
0 0.580515 0.547059 0.009559 0.037908
0 0.578676 0.542484 0.011765 0.041830
0 0.444853 0.440523 0.011765 0.039216
0 0.442279 0.418954 0.009559 0.037908
0 0.200368 0.537908 0.009559 0.045752
0 0.006618 0.552288 0.013235 0.043137
0 0.134926 0.410458 0.011029 0.031373
0 0.122794 0.400654 0.008824 0.030065
0 0.190441 0.323529 0.008824 0.030065
0 0.262868 0.288889 0.009559 0.033987
0 0.266902 0.289542 0.007353 0.027451
0 0.247794 0.284304 0.005882 0.030065
0 0.242647 0.284304 0.005882 0.030065
0 0.256250 0.297386 0.009559 0.022222
