0 0.708229 0.885648 0.019792 0.069444
0 0.725520 0.943056 0.019792 0.082407
0 0.735938 0.946296 0.001458 0.059259
0 0.860677 0.970833 0.007188 0.056481
0 0.839844 0.835648 0.020303 0.063889
0 0.807187 0.845833 0.017708 0.065741
0 0.808073 0.900463 0.025520 0.075000
0 0.789583 0.832407 0.004583 0.072222
0 0.770302 0.837037 0.015625 0.064815
0 0.797656 0.874537 0.009271 0.060185
0 0.767708 0.844444 0.006667 0.061111
0 0.095833 0.526852 0.008333 0.044444
0 0.083854 0.546296 0.007292 0.046296
0 0.087500 0.543519 0.007292 0.042593
0 0.700823 0.751852 0.007812 0.038889
0 0.706406 0.740278 0.015104 0.058333
0 0.767708 0.693056 0.005625 0.056481
0 0.704688 0.707870 0.008333 0.056480
0 0.708490 0.687963 0.010937 0.055556
0 0.726302 0.732407 0.001979 0.057407
0 0.722035 0.711111 0.011979 0.044444
0 0.726042 0.669444 0.009375 0.050852
0 0.700417 0.612500 0.015625 0.050926
0 0.699479 0.556009 0.011458 0.045370
0 0.843229 0.654630 0.002500 0.055556
0 0.859896 0.668509 0.013542 0.055556
0 0.865365 0.660648 0.003021 0.050926
0 0.882030 0.647685 0.018229 0.054630
0 0.872656 0.566204 0.006770 0.037963
0 0.882292 0.567593 0.009375 0.040740
0 0.879427 0.524074 0.000937 0.044444
0 0.883594 0.533796 0.009896 0.040667
0 0.790365 0.565278 0.000937 0.043519
0 0.776302 0.627305 0.008854 0.054630
0 0.791927 0.616204 0.013021 0.032407
0 0.765885 0.552778 0.008854 0.027778
0 0.794271 0.455556 0.008333 0.025926
0 0.770833 0.447222 0.007292 0.038889
0 0.766927 0.450926 0.006770 0.035185
0 0.760458 0.453704 0.007292 0.035185
0 0.701198 0.426389 0.011979 0.045370
0 0.728646 0.484259 0.009375 0.050000
0 0.720573 0.487500 0.009896 0.045370
0 0.707969 0.469444 0.011979 0.040741
0 0.749740 0.493509 0.007812 0.037037
0 0.698438 0.506009 0.008333 0.043519
0 0.689583 0.508333 0.009375 0.038889
0 0.697656 0.482870 0.001979 0.036111
0 0.649740 0.338426 0.006770 0.039815
0 0.656500 0.337963 0.008854 0.044444
0 0.686979 0.326389 0.005208 0.026852
0 0.698698 0.325926 0.005729 0.027778
0 0.630771 0.326389 0.005208 0.026852
0 0.602240 0.305093 0.005729 0.025000
0 0.634635 0.257870 0.004687 0.009444
0 0.640885 0.262500 0.004687 0.009444
0 0.540406 0.357407 0.009896 0.029630
0 0.555990 0.359259 0.008854 0.030481
0 0.556770 0.352315 0.010417 0.034259
0 0.603281 0.288426 0.003646 0.019444
0 0.606927 0.289815 0.004687 0.022222
0 0.674479 0.292030 0.005208 0.021296
0 0.660458 0.295370 0.005208 0.024074
0 0.660719 0.287963 0.004687 0.022222
0 0.637240 0.292030 0.004687 0.021296
0 0.622907 0.290278 0.004167 0.021296
0 0.626823 0.290204 0.004687 0.019444
0 0.632030 0.292593 0.004687 0.024074
0 0.639323 0.309259 0.004687 0.022222
0 0.644270 0.305556 0.005208 0.022222
0 0.480990 0.356480 0.007812 0.025926
0 0.497656 0.353240 0.007812 0.034259
0 0.046354 0.746296 0.014583 0.038889
0 0.007552 0.796759 0.015104 0.047222
0 0.036458 0.669444 0.006667 0.055556
0 0.009010 0.701852 0.013021 0.046296
0 0.001198 0.695370 0.014063 0.057407
0 0.061719 0.326389 0.009896 0.036111
0 0.072396 0.326852 0.008333 0.037037
0 0.005469 0.416667 0.008854 0.044444
0 0.093490 0.420370 0.009896 0.048048
0 0.076042 0.448048 0.009375 0.042593
0 0.083333 0.460085 0.010417 0.048148
0 0.059015 0.481944 0.013021 0.045370
0 0.025781 0.401389 0.007812 0.049074
0 0.032552 0.400463 0.009896 0.049074
0 0.032552 0.356481 0.009896 0.038889
0 0.013802 0.446296 0.008854 0.044444
0 0.020833 0.448611 0.010417 0.047222
0 0.012240 0.472222 0.009896 0.048148
0 0.000260 0.498148 0.014063 0.048148
0 0.076302 0.567030 0.010937 0.041667
0 0.083854 0.574537 0.009375 0.037963
0 0.080990 0.549074 0.008854 0.042593
0 0.088802 0.554067 0.009896 0.041667
0 0.095052 0.528240 0.010937 0.045370
0 0.092708 0.506204 0.009375 0.037963
0 0.095302 0.547685 0.008333 0.036111
0 0.405729 0.345370 0.008333 0.040740
0 0.389323 0.354067 0.007812 0.037963
0 0.387240 0.348601 0.007812 0.037963
0 0.363542 0.349537 0.007292 0.036011
0 0.365885 0.343980 0.006771 0.036111
0 0.347656 0.345833 0.009896 0.039805
0 0.346875 0.340204 0.009375 0.039815
0 0.320615 0.342130 0.010937 0.039815
0 0.265004 0.350000 0.007292 0.031481
0 0.272035 0.350463 0.006771 0.036111
0 0.260407 0.307407 0.005208 0.024074
0 0.265885 0.305556 0.005729 0.024074
0 0.270354 0.306019 0.005208 0.021296
0 0.275520 0.300000 0.005208 0.020370
0 0.289583 0.279067 0.005208 0.025000
0 0.270052 0.297685 0.005729 0.020296
0 0.276302 0.320296 0.006771 0.024074
0 0.283854 0.320296 0.005208 0.020370
0 0.284375 0.309259 0.005208 0.020370
0 0.286979 0.309907 0.006250 0.023148
0 0.290365 0.306667 0.005729 0.025926
0 0.294792 0.304352 0.004167 0.021296
0 0.297396 0.320296 0.004167 0.020370
0 0.301719 0.320370 0.004687 0.016667
0 0.347396 0.280944 0.005208 0.023148
0 0.623698 0.589805 0.009896 0.050000
0 0.625000 0.536011 0.006250 0.040741
0 0.620833 0.532407 0.000417 0.044444
0 0.632552 0.536574 0.007802 0.041667
0 0.360458 0.229167 0.003125 0.015741
0 0.363542 0.228704 0.003025 0.018519
0 0.369000 0.213426 0.003646 0.015741
0 0.393229 0.202778 0.003025 0.014815
0 0.361458 0.210648 0.003125 0.006481
