0 0.079427 0.247222 0.006771 0.018519
0 0.045312 0.245370 0.006250 0.014815
0 0.065625 0.267593 0.006250 0.008519
0 0.054688 0.312037 0.007292 0.022222
0 0.110417 0.279630 0.008333 0.024074
0 0.104427 0.232407 0.004687 0.016667
0 0.114062 0.216667 0.005208 0.020370
0 0.119010 0.231481 0.006771 0.018519
0 0.166927 0.234259 0.005729 0.018519
0 0.171354 0.239352 0.006250 0.017593
0 0.054167 0.290741 0.006250 0.025926
0 0.145052 0.304630 0.005729 0.016667
0 0.159896 0.297685 0.006250 0.023148
0 0.067448 0.308796 0.006771 0.025000
0 0.062240 0.309722 0.003646 0.023148
0 0.195833 0.268056 0.005208 0.017593
0 0.205990 0.255556 0.003646 0.022222
0 0.209635 0.256009 0.004687 0.028704
0 0.203281 0.243981 0.004687 0.023148
0 0.209531 0.253241 0.005729 0.025000
0 0.227604 0.244907 0.005208 0.023048
0 0.254688 0.202963 0.004167 0.018519
0 0.262240 0.202037 0.005729 0.020370
0 0.270573 0.209722 0.005729 0.020296
0 0.255208 0.093981 0.004167 0.015741
0 0.280990 0.207870 0.004687 0.009444
0 0.278385 0.197685 0.005729 0.017593
0 0.369792 0.050926 0.003125 0.016667
0 0.383073 0.203704 0.004687 0.020370
0 0.378646 0.203426 0.004167 0.021296
0 0.387760 0.292030 0.005729 0.026852
0 0.406667 0.282870 0.004167 0.023148
0 0.450042 0.290278 0.004167 0.023148
0 0.447035 0.294907 0.003646 0.023148
0 0.445052 0.360574 0.004687 0.028704
0 0.440004 0.356481 0.005208 0.024074
0 0.434635 0.356944 0.005729 0.032407
0 0.432552 0.323601 0.004687 0.025000
0 0.392088 0.393981 0.006250 0.032407
0 0.408854 0.385185 0.006250 0.024074
0 0.374479 0.456944 0.007292 0.036011
0 0.354948 0.460111 0.005729 0.033333
0 0.426302 0.606204 0.010937 0.047222
0 0.446875 0.502500 0.007292 0.041667
0 0.465365 0.550463 0.008854 0.045370
0 0.444530 0.714815 0.006771 0.042593
0 0.450823 0.711574 0.006771 0.037963
0 0.406770 0.703704 0.008333 0.042593
0 0.552865 0.750463 0.006771 0.025000
0 0.556250 0.754167 0.006250 0.050926
0 0.570094 0.570370 0.008854 0.048148
0 0.297917 0.980556 0.020833 0.035185
0 0.348438 0.855093 0.002500 0.065741
0 0.294000 0.775000 0.010937 0.061111
0 0.102865 0.343981 0.008854 0.025000
0 0.115885 0.349074 0.006771 0.025926
0 0.070052 0.383333 0.008854 0.024074
0 0.157812 0.349537 0.006250 0.017593
0 0.174740 0.325926 0.006771 0.018519
0 0.172917 0.367130 0.007292 0.023148
0 0.035056 0.509722 0.010937 0.045370
0 0.069271 0.431019 0.007292 0.025000
0 0.013281 0.507870 0.010937 0.026852
0 0.004948 0.458796 0.007802 0.034259
0 0.001458 0.456019 0.008333 0.037963
