0 0.300471 0.936601 0.005882 0.027451
0 0.442647 0.896732 0.007353 0.026044
0 0.564338 0.726044 0.003676 0.022222
0 0.500838 0.639216 0.002206 0.015686
0 0.497426 0.638562 0.003676 0.009608
0 0.390809 0.577024 0.002206 0.019608
0 0.408088 0.570895 0.002941 0.016993
0 0.453676 0.567320 0.002940 0.015686
0 0.402868 0.532680 0.003676 0.014379
0 0.407647 0.480392 0.002941 0.009150
0 0.422426 0.505229 0.002206 0.001765
0 0.426003 0.459477 0.002206 0.011765
0 0.477940 0.460131 0.001471 0.010458
0 0.475735 0.460031 0.001471 0.007843
0 0.499632 0.458824 0.002206 0.007843
0 0.496690 0.459477 0.002206 0.009150
0 0.484559 0.460438 0.002941 0.010458
