0 0.080729 0.507870 0.009375 0.060185
0 0.060417 0.525000 0.013542 0.061111
0 0.103125 0.583333 0.021875 0.070370
0 0.043490 0.662037 0.035937 0.075926
0 0.068750 0.704630 0.022907 0.096296
0 0.080729 0.687963 0.022907 0.085185
0 0.030771 0.805556 0.025000 0.094444
0 0.292448 0.866667 0.027604 0.081481
0 0.722035 0.725000 0.032813 0.088889
0 0.622135 0.645833 0.022396 0.058333
0 0.390406 0.577778 0.018229 0.070370
0 0.401979 0.567130 0.014583 0.069444
0 0.405885 0.557407 0.009896 0.062963
0 0.454067 0.216667 0.005208 0.027778
0 0.038021 0.218519 0.009375 0.038889
0 0.065104 0.221759 0.009375 0.034259
0 0.099219 0.215278 0.007812 0.026852
0 0.064062 0.345833 0.013542 0.050926
0 0.071875 0.348148 0.013542 0.044444
0 0.201198 0.335185 0.011979 0.046296
0 0.220354 0.337500 0.008333 0.043519
0 0.400042 0.325926 0.011458 0.048148
0 0.478906 0.485085 0.010937 0.059259
0 0.492448 0.492593 0.015104 0.051852
0 0.515104 0.450926 0.013542 0.051852
0 0.509115 0.418981 0.014063 0.045370
0 0.460979 0.387037 0.010417 0.048148
0 0.456500 0.343056 0.010937 0.050926
0 0.472917 0.270370 0.009375 0.038889
0 0.484115 0.284259 0.010937 0.038889
0 0.511198 0.313426 0.010937 0.037963
0 0.520312 0.303704 0.009375 0.033333
0 0.576823 0.381481 0.013021 0.050000
0 0.588542 0.350000 0.009375 0.040741
0 0.603385 0.345370 0.011979 0.037037
0 0.591406 0.437037 0.011979 0.050000
0 0.588542 0.434722 0.012500 0.039815
0 0.654948 0.337963 0.013021 0.038889
0 0.693750 0.343519 0.012500 0.040741
0 0.734896 0.357870 0.012500 0.041667
0 0.748177 0.406481 0.014063 0.042593
0 0.790885 0.421759 0.016146 0.043519
0 0.811979 0.427315 0.012500 0.043519
0 0.679948 0.078704 0.006771 0.029630
0 0.642708 0.097685 0.005208 0.030556
0 0.582802 0.158333 0.005208 0.029630
0 0.588021 0.161574 0.005208 0.028704
0 0.594531 0.145833 0.005729 0.023148
0 0.598698 0.139815 0.005729 0.024074
0 0.619531 0.286111 0.010937 0.033333
0 0.297907 0.232407 0.008333 0.031481
0 0.322135 0.232407 0.010937 0.029630
0 0.917969 0.353241 0.013021 0.041667
0 0.889844 0.443056 0.016146 0.052778
0 0.911198 0.577778 0.018229 0.057407
