0 0.708750 0.740278 0.006250 0.012037
0 0.703385 0.703240 0.004687 0.010185
0 0.636709 0.523611 0.004687 0.012037
0 0.637240 0.528240 0.004687 0.008333
0 0.630990 0.275463 0.004687 0.005741
0 0.458333 0.077778 0.005208 0.012963
0 0.438020 0.111574 0.004167 0.013889
0 0.434375 0.010648 0.003125 0.010185
0 0.308229 0.145833 0.005208 0.013889
0 0.325000 0.013889 0.005208 0.012963
0 0.320573 0.014815 0.004687 0.014815
0 0.309010 0.041667 0.004687 0.014815
0 0.282292 0.222222 0.004067 0.012963
0 0.340927 0.293981 0.006771 0.015741
0 0.353025 0.275463 0.006250 0.008333
0 0.350823 0.265741 0.005729 0.012963
0 0.394000 0.236111 0.004687 0.012963
0 0.390885 0.237500 0.004687 0.002037
0 0.407292 0.300000 0.005208 0.002963
0 0.463542 0.369444 0.003025 0.014815
0 0.420052 0.098048 0.003646 0.016667
0 0.442708 0.495370 0.005208 0.002963
0 0.590885 0.488889 0.005729 0.004815
0 0.479427 0.733796 0.005729 0.002037
0 0.464844 0.749074 0.004687 0.009259
0 0.456770 0.742593 0.005208 0.011111
0 0.466667 0.775926 0.004067 0.011111
0 0.470833 0.879067 0.004167 0.012037
0 0.465625 0.876389 0.005208 0.000185
0 0.459635 0.882407 0.004687 0.002963
0 0.500677 0.857870 0.004687 0.015741
0 0.500780 0.854630 0.006771 0.014815
0 0.469792 0.693056 0.006250 0.002037
0 0.460056 0.695370 0.005729 0.012963
0 0.500780 0.932870 0.004687 0.013889
0 0.205990 0.200852 0.005729 0.016667
0 0.076823 0.201852 0.004687 0.016667
0 0.061979 0.189815 0.006250 0.014815
0 0.057031 0.178704 0.003646 0.012963
0 0.075260 0.125000 0.006771 0.018519
0 0.044010 0.226852 0.004687 0.012963
0 0.039844 0.226852 0.003646 0.011111
0 0.009375 0.205093 0.006250 0.015741
0 0.070833 0.205556 0.000417 0.014815
0 0.060719 0.219907 0.004687 0.013889
0 0.060937 0.225463 0.005208 0.000185
0 0.038802 0.202963 0.009896 0.016667
0 0.097656 0.006019 0.005729 0.015741
0 0.093490 0.045833 0.005729 0.017593
0 0.030208 0.044444 0.007292 0.004815
0 0.057292 0.095370 0.006250 0.002963
0 0.080990 0.011111 0.007812 0.014815
0 0.049479 0.106944 0.004167 0.012037
0 0.054688 0.109259 0.006250 0.009259
0 0.073437 0.147222 0.007292 0.012963
0 0.076042 0.018519 0.004167 0.018519
0 0.057812 0.124074 0.005208 0.011111
0 0.062500 0.121296 0.005208 0.011111
0 0.066406 0.127315 0.003646 0.012037
0 0.057812 0.137500 0.006250 0.010185
0 0.024740 0.154167 0.006771 0.015741
0 0.282803 0.214352 0.003125 0.013889
