0 0.007188 0.589352 0.016667 0.056481
0 0.027083 0.585648 0.020833 0.052778
0 0.043490 0.593980 0.014063 0.058333
0 0.072656 0.582407 0.018229 0.035185
0 0.232292 0.518519 0.011458 0.044444
0 0.247135 0.524074 0.011979 0.037037
0 0.250302 0.421759 0.009896 0.039815
0 0.631250 0.333796 0.005208 0.028704
0 0.387760 0.097222 0.004687 0.024074
0 0.407187 0.176852 0.004167 0.018519
0 0.809635 0.087037 0.006771 0.018519
0 0.555729 0.090740 0.003125 0.009259
0 0.646605 0.114815 0.003646 0.012963
0 0.077604 0.158796 0.004167 0.012037
