0 0.548529 0.182353 0.014706 0.022222
0 0.454044 0.044444 0.009559 0.056209
0 0.469485 0.047059 0.011029 0.050980
0 0.494485 0.055556 0.012500 0.054902
0 0.502206 0.059477 0.007353 0.052288
0 0.506608 0.195425 0.011765 0.053595
0 0.502940 0.215033 0.010294 0.053595
0 0.480047 0.211111 0.007353 0.032680
0 0.480882 0.098693 0.010294 0.047059
0 0.390441 0.101961 0.008824 0.033987
0 0.330985 0.154248 0.015441 0.041830
0 0.345220 0.175163 0.009559 0.041830
0 0.330618 0.185621 0.010294 0.052288
0 0.306985 0.087582 0.008088 0.056209
0 0.298529 0.079085 0.016176 0.057516
0 0.296690 0.205229 0.009559 0.039216
0 0.302132 0.232026 0.009559 0.053595
0 0.287500 0.214379 0.022059 0.028758
0 0.330505 0.249673 0.009559 0.044444
0 0.339338 0.247059 0.001029 0.049673
0 0.294485 0.262092 0.013971 0.027451
0 0.320324 0.449673 0.014706 0.062745
0 0.307353 0.450980 0.000294 0.060131
0 0.253676 0.509050 0.017647 0.066667
0 0.225735 0.273203 0.000294 0.047059
0 0.244118 0.227451 0.019118 0.049673
0 0.209926 0.366003 0.018382 0.060131
0 0.223162 0.379739 0.011029 0.022222
0 0.060397 0.320915 0.019853 0.066667
0 0.068750 0.302418 0.021324 0.062745
0 0.075735 0.402418 0.023529 0.069281
0 0.035294 0.663399 0.032353 0.092800
0 0.049632 0.608301 0.027206 0.073203
0 0.096690 0.368627 0.025735 0.065359
0 0.341544 0.654902 0.021324 0.052288
0 0.368015 0.663399 0.024265 0.064052
0 0.418750 0.679085 0.016912 0.066667
0 0.420956 0.651634 0.012500 0.030065
0 0.387032 0.539216 0.021324 0.077124
0 0.409091 0.505229 0.022794 0.069281
0 0.387032 0.430065 0.015441 0.057516
0 0.380618 0.407843 0.011765 0.060131
0 0.390440 0.393464 0.013235 0.052288
0 0.402132 0.411111 0.012500 0.064052
0 0.440440 0.302614 0.013235 0.066667
0 0.487032 0.283660 0.011029 0.060131
0 0.474632 0.285620 0.013971 0.058824
0 0.501397 0.340523 0.013971 0.053595
0 0.500838 0.325490 0.013971 0.060131
0 0.504338 0.308497 0.015441 0.057516
0 0.552206 0.308301 0.013235 0.066667
0 0.436765 0.507647 0.008824 0.057516
0 0.439706 0.497386 0.000294 0.061438
0 0.458088 0.498039 0.016176 0.044444
0 0.477206 0.500307 0.013235 0.079739
0 0.434559 0.601765 0.025000 0.083660
0 0.490176 0.850327 0.030882 0.095425
0 0.624632 0.335294 0.003971 0.069281
0 0.685294 0.346405 0.022059 0.049673
0 0.690074 0.345752 0.015441 0.030065
0 0.709559 0.350980 0.004706 0.037908
0 0.720220 0.334641 0.015441 0.057516
0 0.704402 0.401961 0.016176 0.069281
0 0.709118 0.399346 0.014706 0.069281
0 0.750000 0.359477 0.004706 0.065359
0 0.668382 0.486275 0.007647 0.067974
0 0.709926 0.470242 0.018382 0.071895
0 0.800471 0.366013 0.023529 0.081046
0 0.820220 0.450980 0.024265 0.070588
0 0.823162 0.441176 0.012500 0.037908
0 0.826470 0.588889 0.023529 0.074510
0 0.837032 0.566667 0.019853 0.074510
0 0.854779 0.543790 0.021324 0.081046
0 0.872059 0.568627 0.029402 0.075817
0 0.907353 0.577024 0.033824 0.090196
0 0.879402 0.749673 0.022059 0.092810
0 0.835294 0.866003 0.030882 0.095425
0 0.935662 0.740176 0.028676 0.086275
0 0.042279 0.241830 0.015441 0.052288
0 0.049265 0.241176 0.010294 0.035294
0 0.093750 0.205882 0.009559 0.043137
0 0.208088 0.202418 0.016176 0.056209
0 0.205047 0.201961 0.013235 0.053595
0 0.206544 0.223529 0.011029 0.057516
0 0.220956 0.208301 0.011029 0.054902
0 0.273897 0.077778 0.013971 0.054902
0 0.437868 0.206340 0.009559 0.045752
0 0.452206 0.093464 0.008824 0.036601
0 0.452206 0.207647 0.008824 0.050980
0 0.449632 0.201961 0.005147 0.024837
