0 0.573438 0.463426 0.009375 0.030556
0 0.603906 0.520370 0.008854 0.044444
0 0.577344 0.490278 0.006771 0.025000
0 0.020573 0.552778 0.009896 0.038889
0 0.035407 0.527778 0.011458 0.037037
0 0.064844 0.550000 0.008854 0.042593
0 0.069000 0.502778 0.009896 0.038889
0 0.018490 0.507870 0.009896 0.021296
0 0.096094 0.502037 0.008854 0.038889
0 0.003385 0.510648 0.007812 0.041667
0 0.000781 0.465741 0.007812 0.031481
0 0.126042 0.477778 0.006250 0.024074
0 0.079948 0.457870 0.007802 0.025000
0 0.087240 0.440741 0.006771 0.031481
0 0.093229 0.438889 0.007292 0.031481
0 0.090365 0.413889 0.005729 0.025926
0 0.096615 0.412963 0.005729 0.025926
0 0.206667 0.388889 0.005208 0.027778
0 0.227344 0.375926 0.005729 0.022222
0 0.242448 0.379067 0.006771 0.025000
0 0.252083 0.378240 0.005208 0.025000
0 0.257030 0.362500 0.005729 0.023148
0 0.243490 0.327305 0.005729 0.021296
0 0.274209 0.334722 0.004687 0.019444
0 0.209015 0.512037 0.005729 0.035185
0 0.163281 0.514352 0.009896 0.028704
0 0.197656 0.465278 0.006771 0.025000
0 0.220875 0.389352 0.006250 0.023148
0 0.220094 0.378704 0.005729 0.022222
0 0.250000 0.326389 0.004067 0.021296
0 0.252344 0.327305 0.004687 0.019444
0 0.256250 0.308056 0.005208 0.021296
0 0.888281 0.944444 0.019271 0.048148
0 0.930771 0.980556 0.019792 0.038889
0 0.954688 0.985648 0.006667 0.028704
0 0.795573 0.772222 0.011979 0.042593
0 0.834635 0.530019 0.007812 0.036111
0 0.842969 0.530556 0.006770 0.037037
0 0.778646 0.450389 0.007292 0.032407
0 0.786709 0.454167 0.006771 0.032407
0 0.666667 0.556944 0.008333 0.021296
0 0.687760 0.555556 0.009896 0.022222
0 0.633073 0.438889 0.007802 0.027778
0 0.633073 0.487500 0.006771 0.030556
0 0.647656 0.509259 0.005729 0.027778
0 0.612500 0.428241 0.005208 0.023148
0 0.617188 0.446296 0.006250 0.020370
0 0.957552 0.650852 0.011979 0.050000
0 0.024479 0.594444 0.012500 0.038889
0 0.606500 0.393981 0.004687 0.023148
0 0.600938 0.370833 0.004167 0.021296
0 0.600302 0.370833 0.005729 0.025000
0 0.591146 0.400000 0.005208 0.022222
0 0.602344 0.339352 0.004687 0.009444
0 0.604427 0.334259 0.003646 0.006667
0 0.591927 0.368981 0.005729 0.013889
0 0.589844 0.334259 0.003646 0.022222
0 0.595833 0.330093 0.004167 0.012037
0 0.592708 0.341204 0.006250 0.013889
0 0.550000 0.374074 0.004167 0.016667
0 0.540625 0.372222 0.005208 0.014815
0 0.552344 0.340204 0.004687 0.021296
0 0.563542 0.337963 0.004067 0.022222
0 0.552083 0.354630 0.005208 0.014815
0 0.570354 0.331481 0.003125 0.018519
0 0.574740 0.330481 0.003646 0.018519
0 0.580208 0.330556 0.004067 0.020370
0 0.571094 0.343056 0.004687 0.015741
0 0.572907 0.315278 0.003125 0.015741
0 0.575780 0.314815 0.003646 0.016667
0 0.749740 0.420370 0.006770 0.027778
0 0.754687 0.429067 0.005208 0.025000
0 0.667188 0.386574 0.007292 0.017593
0 0.686458 0.388426 0.005208 0.025000
0 0.682552 0.389352 0.005729 0.023048
0 0.674740 0.403704 0.004687 0.020370
0 0.678385 0.400000 0.005729 0.025926
0 0.744792 0.907870 0.006667 0.075000
0 0.747396 0.924537 0.004583 0.075000
0 0.770875 0.969907 0.016667 0.060185
0 0.794000 0.964352 0.019271 0.067593
0 0.027083 0.513889 0.008333 0.027778
0 0.087240 0.405556 0.007802 0.029630
0 0.099740 0.404067 0.007812 0.026852
0 0.269530 0.307407 0.003646 0.018519
0 0.272656 0.305556 0.004687 0.020370
0 0.278646 0.302778 0.004067 0.020370
0 0.285056 0.331019 0.004687 0.019444
0 0.280729 0.330481 0.004167 0.020370
0 0.300260 0.282407 0.004687 0.006667
0 0.283333 0.303704 0.004067 0.018519
0 0.285407 0.301852 0.004167 0.018519
0 0.289062 0.297685 0.004167 0.012037
0 0.304063 0.276852 0.003125 0.012963
0 0.301198 0.277778 0.003646 0.012963
0 0.304688 0.301111 0.004167 0.018519
0 0.302760 0.314352 0.003646 0.015741
0 0.307292 0.302500 0.003125 0.017593
0 0.322907 0.311574 0.004167 0.015741
0 0.303542 0.299537 0.005208 0.015741
0 0.325520 0.286574 0.003125 0.015741
0 0.332292 0.302037 0.004167 0.014815
0 0.329427 0.302500 0.003646 0.013889
0 0.353646 0.293056 0.004067 0.013889
0 0.366406 0.294444 0.003646 0.004815
0 0.364323 0.273048 0.003646 0.016667
0 0.382030 0.236111 0.003646 0.012963
0 0.360458 0.284259 0.003125 0.012963
0 0.358333 0.294907 0.003025 0.013889
