0 0.605729 0.620370 0.009375 0.050852
0 0.521875 0.466667 0.010417 0.040741
0 0.479687 0.273048 0.007292 0.027778
0 0.400938 0.187963 0.007292 0.027778
0 0.237500 0.950000 0.022907 0.062963
0 0.200938 0.466667 0.015625 0.040741
0 0.005729 0.692593 0.001458 0.051852
0 0.009896 0.660111 0.019792 0.055556
0 0.009375 0.494444 0.018750 0.033333
0 0.009896 0.470370 0.015625 0.025926
0 0.050000 0.396296 0.006250 0.025926
0 0.019792 0.454630 0.016667 0.027778
0 0.021354 0.443519 0.017708 0.027778
0 0.025521 0.432407 0.017708 0.031481
0 0.032813 0.413889 0.009375 0.024074
0 0.034375 0.405556 0.012500 0.022222
0 0.016667 0.179630 0.006250 0.025926
0 0.026042 0.180556 0.008333 0.024074
0 0.098437 0.236111 0.009375 0.027778
0 0.024479 0.104630 0.005208 0.024074
0 0.030208 0.105556 0.006250 0.022222
0 0.033333 0.069444 0.004167 0.016667
0 0.017708 0.138889 0.008333 0.022222
0 0.224479 0.239815 0.007292 0.024074
0 0.221354 0.153704 0.005208 0.018519
0 0.315625 0.150926 0.008333 0.016667
0 0.307708 0.051852 0.004167 0.014815
0 0.286979 0.028704 0.003025 0.020370
0 0.275521 0.110185 0.005208 0.016667
0 0.300521 0.092593 0.003125 0.014815
