0 0.087500 0.424537 0.004067 0.023148
0 0.077604 0.430556 0.007292 0.014815
0 0.058333 0.444907 0.004167 0.012037
0 0.054688 0.445833 0.005208 0.010185
0 0.050781 0.449074 0.004687 0.011111
0 0.159115 0.394444 0.004687 0.011111
0 0.160417 0.389352 0.004167 0.012037
0 0.192708 0.382407 0.005208 0.011111
0 0.204167 0.374074 0.005208 0.011111
0 0.056771 0.546296 0.005208 0.020370
0 0.082812 0.531019 0.005208 0.025000
0 0.071354 0.524074 0.003125 0.014815
0 0.067969 0.519444 0.005729 0.025926
0 0.164062 0.505556 0.006250 0.012963
0 0.155208 0.508796 0.004167 0.019444
0 0.206500 0.512500 0.004687 0.025000
0 0.200260 0.509259 0.005729 0.016667
0 0.184375 0.507870 0.004167 0.013889
0 0.098698 0.486111 0.004687 0.022222
0 0.170313 0.424074 0.002083 0.009259
0 0.173177 0.421759 0.005729 0.013889
0 0.191146 0.447685 0.006250 0.010185
0 0.069010 0.597222 0.006771 0.012963
0 0.064844 0.602778 0.006771 0.018519
0 0.072135 0.609259 0.005729 0.016667
0 0.067708 0.613889 0.006250 0.018519
0 0.059015 0.639352 0.005729 0.030556
0 0.055990 0.631944 0.003646 0.012037
0 0.236458 0.557407 0.005208 0.029630
0 0.240004 0.558333 0.004167 0.020370
0 0.052344 0.637963 0.005729 0.029630
0 0.048438 0.624537 0.009375 0.019444
0 0.027865 0.626852 0.010937 0.024074
0 0.039323 0.652305 0.008854 0.023148
0 0.029687 0.654167 0.007292 0.021296
0 0.025260 0.656481 0.008854 0.033333
0 0.009375 0.640278 0.007292 0.019444
0 0.008073 0.660648 0.006770 0.034259
0 0.009010 0.685185 0.006771 0.029630
0 0.015104 0.680093 0.005208 0.025000
0 0.009635 0.700463 0.005729 0.025000
0 0.004427 0.707407 0.005729 0.029630
0 0.258073 0.385085 0.003646 0.016667
0 0.243229 0.384722 0.006250 0.010185
0 0.252604 0.403240 0.003125 0.017593
0 0.258333 0.404630 0.003125 0.014815
0 0.272907 0.405556 0.004167 0.018519
0 0.267088 0.413426 0.005208 0.019444
0 0.241146 0.405556 0.004167 0.009259
0 0.229427 0.403241 0.002604 0.013889
0 0.197396 0.425000 0.004167 0.016667
0 0.088281 0.399074 0.003646 0.014815
0 0.219531 0.438426 0.004687 0.013889
0 0.261458 0.468056 0.006250 0.017593
0 0.276823 0.455556 0.003646 0.014815
0 0.270615 0.385185 0.002604 0.014815
0 0.263020 0.382407 0.002083 0.018519
0 0.282292 0.392030 0.003125 0.019444
0 0.289062 0.393980 0.002083 0.012037
0 0.292708 0.387963 0.002083 0.009259
0 0.280990 0.365740 0.002604 0.011111
0 0.309635 0.355093 0.004687 0.007593
0 0.309531 0.340741 0.002604 0.012963
0 0.300780 0.369907 0.002604 0.008333
0 0.300823 0.377778 0.005729 0.009259
0 0.298438 0.379067 0.003125 0.012037
0 0.298698 0.390740 0.005729 0.012963
0 0.304688 0.385085 0.004167 0.012963
0 0.307802 0.381944 0.005208 0.012037
0 0.300417 0.378241 0.005208 0.010185
0 0.305104 0.362037 0.005208 0.012963
0 0.307030 0.393981 0.003646 0.012037
0 0.300156 0.390278 0.003646 0.010185
0 0.301719 0.387037 0.002604 0.009259
0 0.305104 0.382870 0.006250 0.012037
0 0.309010 0.379630 0.003646 0.016667
0 0.314844 0.411111 0.005729 0.014815
0 0.333854 0.412963 0.004167 0.012963
0 0.330469 0.434722 0.004687 0.005741
0 0.306250 0.455093 0.005208 0.012037
0 0.309792 0.467130 0.004167 0.019444
0 0.330250 0.468519 0.004167 0.020370
0 0.324209 0.467593 0.004687 0.024074
0 0.350780 0.470370 0.004687 0.024074
0 0.355208 0.458333 0.004067 0.020370
0 0.363020 0.416204 0.003125 0.015741
0 0.368490 0.403889 0.004687 0.016667
0 0.372396 0.429630 0.004067 0.011111
0 0.375260 0.428704 0.003646 0.002963
0 0.379427 0.425000 0.003646 0.004815
0 0.345313 0.506019 0.004167 0.013889
0 0.347396 0.505093 0.003125 0.019444
0 0.349479 0.505556 0.003125 0.012963
0 0.378385 0.363426 0.002604 0.003889
0 0.382552 0.360648 0.003646 0.003889
0 0.372907 0.379630 0.004167 0.014815
0 0.353385 0.344907 0.003646 0.002037
0 0.359635 0.345370 0.002604 0.001111
0 0.363542 0.339805 0.002083 0.012963
0 0.369792 0.343056 0.002083 0.003889
0 0.372035 0.341667 0.002604 0.009259
0 0.383073 0.333333 0.003646 0.007407
0 0.387500 0.335648 0.002083 0.002037
0 0.389583 0.329630 0.002083 0.002963
0 0.405990 0.353241 0.003646 0.006481
0 0.395052 0.357870 0.004687 0.005741
0 0.392448 0.349074 0.004687 0.004815
0 0.440625 0.390741 0.003125 0.009259
0 0.536198 0.279630 0.003646 0.012963
0 0.541667 0.278704 0.003125 0.005556
0 0.534115 0.301389 0.003646 0.006481
0 0.527604 0.302778 0.003025 0.012963
0 0.531771 0.317593 0.004167 0.009259
0 0.537240 0.320833 0.003646 0.012037
0 0.532031 0.343056 0.004687 0.008333
0 0.524479 0.352778 0.003025 0.014815
0 0.522035 0.351852 0.003646 0.016667
0 0.508750 0.350000 0.003125 0.016667
0 0.505104 0.349074 0.003125 0.016667
0 0.525781 0.371759 0.005729 0.012037
0 0.458073 0.440204 0.004687 0.017593
0 0.450780 0.445370 0.002604 0.012963
0 0.518229 0.409259 0.003125 0.011111
0 0.479687 0.609722 0.006250 0.015741
0 0.491406 0.614815 0.007812 0.018519
0 0.547656 0.461574 0.004687 0.012037
0 0.546354 0.485648 0.004167 0.012037
0 0.517188 0.707407 0.006250 0.020370
0 0.520833 0.713426 0.005208 0.019444
0 0.466927 0.775926 0.006770 0.035185
0 0.466667 0.749537 0.007292 0.021296
0 0.446354 0.765278 0.007292 0.030556
0 0.437240 0.815278 0.006771 0.021296
0 0.427083 0.866204 0.006250 0.039805
