0 0.477940 0.322876 0.010294 0.060131
0 0.522426 0.378430 0.012500 0.053595
0 0.574265 0.343790 0.010294 0.057516
0 0.470220 0.484314 0.012500 0.066667
0 0.484926 0.509050 0.013971 0.074510
0 0.484559 0.469935 0.003235 0.030065
0 0.460397 0.442484 0.012500 0.064052
0 0.446690 0.437908 0.013971 0.067974
0 0.501397 0.636601 0.016912 0.088889
0 0.530505 0.649673 0.015441 0.088889
0 0.547059 0.650980 0.023529 0.083660
0 0.437500 0.783660 0.023529 0.090096
0 0.459091 0.818301 0.019853 0.096732
0 0.443750 0.932026 0.046324 0.090503
0 0.477206 0.922876 0.007647 0.075817
0 0.497059 0.943790 0.022059 0.112418
0 0.367279 0.836600 0.019853 0.109804
0 0.366544 0.779739 0.008382 0.043137
0 0.203309 0.908301 0.028676 0.103268
0 0.247059 0.738562 0.009118 0.075817
0 0.264338 0.702604 0.025735 0.071895
0 0.608015 0.543137 0.016912 0.079739
0 0.702500 0.543137 0.016176 0.071895
0 0.577940 0.486275 0.017647 0.070588
0 0.583088 0.477024 0.013235 0.065359
0 0.630250 0.422876 0.013971 0.061438
0 0.604706 0.405882 0.013235 0.066667
0 0.654402 0.328758 0.010294 0.056209
0 0.665809 0.325490 0.008088 0.057506
0 0.655882 0.400458 0.017647 0.054902
0 0.665809 0.402418 0.011029 0.045752
0 0.677940 0.404575 0.011765 0.056209
0 0.800471 0.408497 0.010294 0.058824
0 0.802868 0.401961 0.011029 0.056209
0 0.823897 0.375063 0.009559 0.049673
0 0.868750 0.372549 0.002500 0.047059
0 0.887500 0.380392 0.001765 0.041830
0 0.876838 0.322222 0.002500 0.053595
0 0.889338 0.320260 0.011029 0.049673
0 0.896690 0.334641 0.008088 0.036601
0 0.908088 0.332026 0.001765 0.052288
0 0.922059 0.358824 0.001765 0.061438
0 0.928676 0.332680 0.001765 0.050980
0 0.960662 0.338562 0.003971 0.057516
0 0.866076 0.202614 0.010294 0.036601
0 0.876470 0.201307 0.005882 0.041830
0 0.880618 0.200654 0.004412 0.037908
0 0.870956 0.083007 0.006618 0.013072
0 0.446324 0.273203 0.000294 0.041830
0 0.426003 0.275163 0.012500 0.056209
0 0.409091 0.254902 0.009559 0.047059
0 0.366076 0.353595 0.011765 0.053595
0 0.284091 0.280392 0.011029 0.043137
0 0.254779 0.288889 0.001029 0.047059
0 0.240809 0.290096 0.012500 0.049673
0 0.305074 0.286928 0.013971 0.050980
0 0.323062 0.275817 0.011029 0.044444
0 0.333088 0.283660 0.000294 0.047059
0 0.365440 0.237255 0.010294 0.043137
0 0.378676 0.248366 0.008824 0.044444
0 0.383824 0.235294 0.007353 0.040830
0 0.389338 0.242484 0.006608 0.035294
0 0.396690 0.245752 0.006618 0.031373
0 0.335294 0.240830 0.008824 0.041830
0 0.326470 0.246405 0.007353 0.040523
0 0.304338 0.246405 0.008088 0.027451
0 0.308824 0.250980 0.004402 0.023529
0 0.248529 0.226044 0.011765 0.044444
0 0.259926 0.203922 0.001029 0.041830
0 0.266902 0.202614 0.007353 0.044444
0 0.232353 0.232680 0.007353 0.040830
0 0.225368 0.230373 0.008088 0.047059
0 0.219853 0.266667 0.008824 0.023529
0 0.293382 0.067974 0.010294 0.045752
0 0.309485 0.169281 0.006618 0.040523
0 0.324632 0.070588 0.006618 0.037908
0 0.032721 0.634641 0.019853 0.082353
0 0.046324 0.628105 0.023529 0.082353
0 0.330882 0.498693 0.006176 0.079739
0 0.380047 0.475163 0.014706 0.074510
0 0.562500 0.240523 0.003235 0.052288
0 0.588235 0.188889 0.005882 0.035294
0 0.629779 0.209150 0.006618 0.031373
0 0.660662 0.227451 0.009559 0.031373
0 0.670588 0.226797 0.005882 0.024837
0 0.673162 0.236601 0.013971 0.028758
0 0.028309 0.058170 0.009559 0.041830
0 0.076470 0.154902 0.007353 0.037908
0 0.004779 0.138562 0.006618 0.041830
0 0.011765 0.136601 0.007353 0.032680
0 0.059926 0.146405 0.008088 0.033987
0 0.070221 0.138562 0.005147 0.033987
0 0.097059 0.143791 0.005882 0.033987
0 0.077206 0.143791 0.007353 0.036601
0 0.025368 0.240523 0.002500 0.041830
0 0.022059 0.220905 0.008824 0.023529
0 0.084091 0.245752 0.018382 0.047059
0 0.089338 0.235948 0.001029 0.032680
0 0.000368 0.182353 0.008088 0.037908
0 0.002206 0.223529 0.010294 0.047059
0 0.011029 0.222222 0.013235 0.052288
0 0.030882 0.240523 0.008824 0.047059
0 0.042279 0.213725 0.009559 0.040523
0 0.039338 0.164706 0.008088 0.036601
0 0.044853 0.158170 0.010294 0.039216
0 0.016912 0.183007 0.007353 0.036601
0 0.024632 0.183660 0.009559 0.035294
0 0.003235 0.158824 0.010294 0.037908
0 0.065809 0.356863 0.009559 0.041830
0 0.080147 0.367320 0.013235 0.060131
0 0.068382 0.244444 0.011765 0.047059
0 0.027574 0.360784 0.009559 0.041830
0 0.044853 0.262745 0.006176 0.047059
0 0.005505 0.250980 0.011029 0.036601
0 0.209485 0.142484 0.011029 0.033987
0 0.248529 0.032026 0.005882 0.031373
0 0.280618 0.118301 0.004412 0.027451
0 0.277206 0.016993 0.004412 0.027451
0 0.302206 0.041176 0.005882 0.036601
0 0.294485 0.033333 0.006618 0.036601
0 0.306912 0.105229 0.007353 0.030065
0 0.325368 0.011111 0.005147 0.036601
0 0.332720 0.096732 0.003676 0.028758
0 0.336765 0.098693 0.004402 0.030065
0 0.358088 0.096078 0.010294 0.044444
0 0.339338 0.079739 0.006618 0.037908
0 0.347059 0.086928 0.008824 0.039216
0 0.345220 0.153595 0.009559 0.037908
0 0.354402 0.147059 0.007353 0.040523
0 0.392647 0.077124 0.008824 0.037908
0 0.406608 0.156863 0.008824 0.036601
0 0.403235 0.137908 0.005882 0.037908
0 0.420956 0.038562 0.006618 0.039216
0 0.369018 0.119608 0.004412 0.024837
0 0.376470 0.131373 0.004412 0.030065
0 0.372426 0.030065 0.003676 0.032680
0 0.354402 0.116340 0.005882 0.028758
0 0.350103 0.123529 0.003676 0.030065
0 0.486029 0.092157 0.005882 0.047059
0 0.493750 0.096078 0.006618 0.039216
0 0.508088 0.094771 0.008824 0.039216
0 0.506912 0.192810 0.004412 0.040523
0 0.526470 0.198693 0.007353 0.036601
0 0.536765 0.089542 0.005882 0.036601
0 0.478676 0.083007 0.004412 0.039216
0 0.550103 0.184967 0.005147 0.037908
0 0.452574 0.079085 0.008088 0.044444
0 0.440544 0.203922 0.008088 0.047059
0 0.591544 0.415033 0.011029 0.030065
0 0.706618 0.268627 0.013235 0.032680
0 0.012132 0.370588 0.012500 0.037908
0 0.206250 0.009150 0.003676 0.011765
