0 0.850471 0.820261 0.023529 0.061438
0 0.872794 0.846405 0.004706 0.064052
0 0.886029 0.853595 0.001765 0.047059
0 0.779402 0.820915 0.023529 0.073203
0 0.792279 0.838562 0.020324 0.066667
0 0.722426 0.800654 0.027206 0.056209
0 0.603309 0.698039 0.016912 0.054902
0 0.349632 0.408497 0.009559 0.037908
0 0.509559 0.050327 0.004412 0.014379
0 0.594853 0.085621 0.004412 0.016993
0 0.590176 0.056209 0.004412 0.018301
0 0.600000 0.090850 0.002940 0.022222
0 0.606985 0.085620 0.005147 0.019608
0 0.607353 0.090503 0.002941 0.018301
0 0.603971 0.088889 0.002941 0.018301
0 0.604338 0.105229 0.003676 0.016993
0 0.647059 0.099346 0.002940 0.020915
0 0.758824 0.433333 0.001765 0.048366
0 0.768382 0.434640 0.008824 0.037908
