0 0.807279 0.465359 0.024265 0.060131
0 0.808456 0.520260 0.013971 0.060131
0 0.787500 0.481699 0.019118 0.045752
0 0.694485 0.378430 0.013971 0.043137
0 0.654044 0.379739 0.015441 0.040523
0 0.475368 0.620905 0.018382 0.054902
0 0.493015 0.564706 0.015441 0.039216
0 0.508088 0.560438 0.011765 0.043137
0 0.504706 0.520261 0.013235 0.047059
0 0.526838 0.522876 0.016912 0.031373
0 0.544485 0.505882 0.005441 0.057516
0 0.568382 0.506536 0.004706 0.048366
0 0.373897 0.539869 0.016912 0.039216
0 0.351103 0.522222 0.018382 0.037908
0 0.335294 0.479739 0.019118 0.052288
0 0.345588 0.426144 0.014706 0.036601
0 0.372426 0.390096 0.018382 0.061438
0 0.232721 0.583007 0.021324 0.039216
0 0.038603 0.572549 0.022794 0.070588
0 0.061029 0.494771 0.020588 0.069281
0 0.048897 0.522222 0.022794 0.066667
0 0.048162 0.549020 0.027206 0.067974
0 0.290809 0.401111 0.013971 0.061438
0 0.304402 0.413072 0.014706 0.057516
0 0.306176 0.407843 0.014706 0.062745
0 0.059559 0.411111 0.019118 0.061438
0 0.121691 0.445098 0.022794 0.066667
0 0.108824 0.458824 0.017647 0.036601
0 0.076838 0.456209 0.022794 0.065359
0 0.085294 0.424837 0.006176 0.054902
0 0.441912 0.116993 0.011765 0.043137
0 0.057720 0.022222 0.011029 0.028758
0 0.049265 0.008954 0.011765 0.037908
0 0.326103 0.069935 0.009559 0.035294
0 0.332721 0.072549 0.008088 0.030065
0 0.531250 0.047059 0.009559 0.028758
