0 0.597917 0.866667 0.027083 0.081481
0 0.490104 0.854630 0.019792 0.083333
0 0.686979 0.823148 0.017708 0.101852
0 0.950562 0.849074 0.038542 0.090741
0 0.976562 0.845370 0.007708 0.094444
0 0.932802 0.832407 0.019792 0.090741
0 0.707708 0.541667 0.010417 0.042593
0 0.719271 0.760185 0.021875 0.053704
0 0.385417 0.714815 0.022917 0.077778
0 0.394270 0.695370 0.013542 0.053704
0 0.359896 0.658333 0.003542 0.072222
0 0.327083 0.658333 0.002500 0.061111
0 0.393229 0.628704 0.003542 0.064815
0 0.690146 0.525000 0.011458 0.057407
0 0.664583 0.520296 0.012500 0.053704
0 0.602604 0.523048 0.011458 0.046296
0 0.602500 0.520370 0.008333 0.048148
0 0.562500 0.520370 0.014583 0.048148
0 0.528025 0.503704 0.012500 0.051852
0 0.546354 0.444444 0.007292 0.040740
0 0.457292 0.510185 0.012500 0.035185
0 0.469792 0.473148 0.008333 0.035185
0 0.495312 0.443519 0.011458 0.042593
0 0.464583 0.402963 0.006250 0.040741
0 0.470354 0.401852 0.007292 0.040741
0 0.558333 0.383333 0.006250 0.029630
0 0.528025 0.380556 0.008333 0.027778
0 0.534896 0.366667 0.009375 0.029630
0 0.456250 0.353704 0.008333 0.022222
0 0.490625 0.307407 0.004167 0.018519
0 0.505208 0.306481 0.006250 0.016667
0 0.496875 0.269444 0.004167 0.012963
0 0.943750 0.702037 0.014583 0.068519
