0 0.012500 0.405229 0.027941 0.065359
0 0.009926 0.503725 0.018382 0.060131
0 0.091176 0.347712 0.027941 0.054902
0 0.264338 0.296078 0.009853 0.045752
0 0.280250 0.276471 0.015441 0.043137
0 0.293382 0.276470 0.013235 0.040523
0 0.383088 0.087582 0.010294 0.053595
0 0.622794 0.260031 0.010294 0.026144
0 0.628309 0.239206 0.009559 0.052288
0 0.447059 0.537255 0.004706 0.073203
0 0.762500 0.369935 0.003235 0.065359
0 0.736029 0.038562 0.011765 0.044444
0 0.809118 0.908497 0.036765 0.083660
0 0.950735 0.682353 0.032353 0.060031
0 0.948062 0.535294 0.019853 0.066667
0 0.975735 0.370895 0.017647 0.064052
0 0.923529 0.378431 0.019118 0.058824
0 0.930047 0.225490 0.011765 0.050980
0 0.937868 0.208954 0.006618 0.040523
0 0.720324 0.084314 0.004412 0.035294
0 0.845956 0.044444 0.006618 0.032680
0 0.855047 0.143791 0.008824 0.028758
0 0.882353 0.051634 0.010294 0.028758
0 0.889338 0.049673 0.003676 0.035294
0 0.897794 0.054902 0.007353 0.024837
0 0.923062 0.151634 0.008088 0.028758
0 0.674265 0.056863 0.008824 0.040523
0 0.588603 0.050634 0.009559 0.024837
0 0.599632 0.054248 0.005047 0.027451
0 0.601397 0.055556 0.008088 0.032680
0 0.626838 0.059477 0.008088 0.032680
0 0.645956 0.069280 0.008088 0.041830
0 0.658456 0.067320 0.008088 0.037908
0 0.640912 0.045752 0.007353 0.036601
0 0.656985 0.050980 0.005047 0.033987
0 0.936397 0.301111 0.018382 0.062745
0 0.950000 0.304379 0.008824 0.061438
0 0.952940 0.330719 0.017647 0.065359
