0 0.053125 0.685185 0.020833 0.055556
0 0.203021 0.556481 0.015625 0.046296
0 0.201458 0.524074 0.014583 0.040741
0 0.200520 0.522222 0.011458 0.048148
0 0.015104 0.508333 0.017708 0.053704
0 0.423437 0.433333 0.001458 0.044444
0 0.327083 0.350000 0.002500 0.037037
0 0.294792 0.357407 0.008333 0.033333
0 0.280729 0.355556 0.003542 0.037037
0 0.205208 0.090740 0.008333 0.025926
0 0.232803 0.099074 0.009375 0.027778
0 0.307188 0.103704 0.005208 0.022222
0 0.320354 0.102778 0.005208 0.027778
0 0.307708 0.082407 0.006250 0.020370
0 0.293750 0.085085 0.008333 0.025926
0 0.390667 0.120370 0.008333 0.025926
0 0.382802 0.160185 0.005208 0.024074
0 0.373958 0.057407 0.004167 0.029630
0 0.397396 0.008333 0.007292 0.027778
0 0.398438 0.099074 0.009375 0.030481
0 0.501563 0.487037 0.007292 0.018519
0 0.246875 0.090667 0.004167 0.016667
0 0.257292 0.004630 0.004167 0.016667
0 0.262500 0.009259 0.004167 0.018519
0 0.246875 0.000000 0.004167 0.014815
0 0.502500 0.166667 0.008333 0.025926
0 0.443750 0.115741 0.004167 0.009259
0 0.428025 0.092593 0.006250 0.022222
0 0.450520 0.100000 0.007292 0.022222
0 0.458333 0.032407 0.004067 0.009259
0 0.471875 0.033333 0.004167 0.011111
0 0.463542 0.030556 0.004067 0.012963
0 0.738020 0.563889 0.015625 0.046296
0 0.648438 0.332407 0.009375 0.038889
0 0.670875 0.313889 0.008333 0.031481
0 0.693229 0.254630 0.007292 0.030481
0 0.688020 0.249074 0.007292 0.035185
0 0.667088 0.152778 0.007292 0.024074
0 0.598958 0.035085 0.004167 0.018519
0 0.592087 0.021296 0.005208 0.016667
0 0.602083 0.032407 0.004067 0.020370
