0 0.292708 0.645370 0.012500 0.042593
0 0.303125 0.534259 0.012500 0.035185
0 0.229687 0.466667 0.009375 0.022222
0 0.230208 0.458333 0.008333 0.024074
0 0.328125 0.385185 0.006250 0.022222
0 0.368750 0.380556 0.006250 0.024074
0 0.347396 0.364815 0.007292 0.018519
0 0.363542 0.337037 0.006250 0.014815
0 0.377083 0.318519 0.006250 0.018519
0 0.378125 0.300926 0.004167 0.016667
0 0.380771 0.270370 0.003125 0.018519
0 0.372907 0.261111 0.006250 0.014815
0 0.390625 0.269444 0.004167 0.016667
0 0.465104 0.240741 0.003125 0.011111
0 0.493229 0.259259 0.005208 0.008519
0 0.503125 0.265741 0.004167 0.012963
0 0.470312 0.275926 0.005208 0.014815
0 0.453646 0.265741 0.003125 0.012963
0 0.550000 0.700000 0.014583 0.037037
0 0.591146 0.698148 0.011458 0.044444
0 0.688021 0.668519 0.015625 0.040741
0 0.846354 0.805556 0.005625 0.085185
0 0.932292 0.805741 0.020833 0.072222
0 0.869792 0.806480 0.016667 0.061111
