0 0.570956 0.986275 0.019853 0.027451
0 0.495221 0.832026 0.027206 0.058824
0 0.853676 0.694770 0.023529 0.069281
0 0.864706 0.512418 0.019118 0.044444
0 0.769485 0.609150 0.018382 0.041830
0 0.804779 0.365359 0.009559 0.032680
0 0.794485 0.375163 0.008088 0.026144
0 0.697794 0.489542 0.017647 0.043137
0 0.086765 0.895425 0.025000 0.096732
0 0.060662 0.893464 0.036029 0.098039
0 0.027941 0.683660 0.023529 0.041830
0 0.030047 0.592157 0.013235 0.073203
0 0.073529 0.467974 0.007647 0.073203
0 0.536765 0.622876 0.016176 0.058824
0 0.531618 0.475817 0.011765 0.031373
0 0.641544 0.415033 0.008088 0.016993
0 0.670220 0.256863 0.008088 0.043137
0 0.561397 0.382353 0.015441 0.053595
0 0.578676 0.330065 0.010294 0.045752
0 0.520324 0.054902 0.004412 0.028758
0 0.526470 0.055556 0.004412 0.030065
0 0.511765 0.026144 0.005882 0.015686
0 0.436765 0.006536 0.004412 0.010458
0 0.448897 0.003268 0.005147 0.006536
0 0.374265 0.030373 0.004412 0.020915
0 0.290440 0.163399 0.007353 0.036601
0 0.283824 0.060131 0.005882 0.040523
0 0.280882 0.244444 0.007353 0.039206
0 0.274265 0.243037 0.008824 0.044444
0 0.057721 0.226144 0.011029 0.047059
0 0.018750 0.236601 0.013971 0.041830
0 0.009191 0.244444 0.006618 0.028758
0 0.060662 0.326797 0.005441 0.057516
0 0.053309 0.324083 0.013971 0.049673
0 0.040074 0.326044 0.015441 0.053595
0 0.348529 0.324083 0.013235 0.047059
0 0.288971 0.374510 0.013235 0.043137
