0 0.340912 0.683660 0.019118 0.067974
0 0.328676 0.688889 0.006176 0.070588
0 0.322426 0.658824 0.005441 0.070588
0 0.384926 0.622222 0.005441 0.070588
0 0.642647 0.460784 0.007647 0.053595
0 0.507279 0.458170 0.019853 0.053595
0 0.874265 0.752940 0.022059 0.057516
0 0.470220 0.409804 0.015441 0.048366
0 0.637032 0.242484 0.006618 0.037908
0 0.733456 0.250327 0.002500 0.045752
0 0.745956 0.235294 0.008088 0.044444
0 0.753676 0.237255 0.000294 0.040523
0 0.679402 0.056863 0.013235 0.045752
0 0.854044 0.033987 0.006618 0.023529
0 0.776471 0.203922 0.008824 0.026144
0 0.788971 0.191503 0.008824 0.027451
0 0.793750 0.194118 0.009559 0.022222
0 0.923062 0.594771 0.012500 0.062745
0 0.932720 0.608497 0.013971 0.058824
0 0.370220 0.601307 0.018382 0.070588
0 0.734091 0.033333 0.005147 0.032680
0 0.743382 0.033987 0.004402 0.031373
0 0.748897 0.057506 0.005147 0.031373
0 0.736765 0.032680 0.005882 0.028758
0 0.733824 0.066667 0.008824 0.036600
0 0.742647 0.067320 0.008824 0.037908
0 0.801029 0.026797 0.005882 0.035294
0 0.955147 0.132026 0.013235 0.041830
0 0.438970 0.433333 0.025000 0.077124
