0 0.806146 0.697222 0.009375 0.053704
0 0.899209 0.685648 0.013021 0.060185
0 0.967448 0.681481 0.011979 0.044444
0 0.923177 0.681944 0.015104 0.039815
0 0.893229 0.566667 0.000417 0.042593
0 0.902083 0.569444 0.007292 0.044444
0 0.901198 0.566667 0.009896 0.042593
0 0.860458 0.537963 0.010417 0.040741
0 0.830729 0.502305 0.008333 0.037963
0 0.838802 0.506944 0.009896 0.034259
0 0.845303 0.503704 0.007292 0.038889
0 0.749479 0.401111 0.007292 0.031481
0 0.763280 0.430556 0.007812 0.031481
0 0.767969 0.430556 0.005729 0.030481
0 0.747656 0.457407 0.007802 0.033333
0 0.739583 0.463426 0.007292 0.034259
0 0.723698 0.480019 0.009896 0.037963
0 0.700156 0.468981 0.007812 0.028704
0 0.707292 0.479167 0.009375 0.026852
0 0.639844 0.473601 0.007812 0.032407
0 0.678385 0.353704 0.005729 0.025926
0 0.656500 0.344444 0.005729 0.024074
0 0.660979 0.344907 0.005208 0.023148
0 0.678906 0.386574 0.007812 0.023148
0 0.664844 0.384259 0.006770 0.029630
0 0.645573 0.396759 0.006771 0.019444
0 0.658594 0.412500 0.006771 0.019444
0 0.659115 0.400463 0.006771 0.017593
0 0.601458 0.350000 0.005208 0.020370
0 0.239583 0.555093 0.001458 0.047222
0 0.239844 0.520759 0.011979 0.039815
0 0.257552 0.456944 0.007802 0.034259
0 0.237500 0.461574 0.008333 0.030556
0 0.203281 0.555556 0.009896 0.037037
0 0.308490 0.393056 0.005729 0.028704
0 0.289583 0.347222 0.005208 0.024074
0 0.269531 0.410185 0.006771 0.027778
0 0.339323 0.366204 0.004687 0.015741
0 0.318750 0.412037 0.006250 0.016667
0 0.319010 0.426852 0.007812 0.020370
0 0.303125 0.445833 0.006250 0.028704
0 0.307812 0.325926 0.004167 0.016667
0 0.312240 0.334259 0.003646 0.016667
0 0.319792 0.333796 0.004167 0.013889
0 0.309792 0.313426 0.004167 0.019444
0 0.332803 0.316204 0.004167 0.019444
0 0.328646 0.306667 0.004167 0.020370
0 0.369270 0.274537 0.003125 0.015741
0 0.372907 0.273148 0.003125 0.014815
0 0.328906 0.294907 0.003646 0.005741
0 0.328025 0.307407 0.005208 0.018519
0 0.090146 0.806944 0.020833 0.054630
0 0.060156 0.582870 0.009896 0.043519
