0 0.578025 0.962037 0.020833 0.075926
0 0.609375 0.928704 0.008750 0.090741
0 0.645833 0.925000 0.008750 0.090741
0 0.575000 0.901111 0.022917 0.085185
0 0.536458 0.861111 0.018750 0.055556
0 0.535417 0.835185 0.020833 0.062963
0 0.320833 0.935185 0.027083 0.085185
0 0.592087 0.770370 0.019792 0.081481
0 0.532813 0.650000 0.015625 0.044444
0 0.528125 0.641667 0.018750 0.053704
0 0.548438 0.538889 0.005625 0.059259
0 0.288542 0.877778 0.020833 0.092593
0 0.300000 0.873048 0.020833 0.079630
0 0.354687 0.734259 0.019792 0.061111
0 0.323437 0.634259 0.001458 0.042593
0 0.323958 0.623048 0.014583 0.053704
0 0.334375 0.605741 0.014583 0.061111
0 0.339062 0.594444 0.003542 0.048148
0 0.350042 0.601852 0.016667 0.070370
0 0.368229 0.507407 0.003542 0.051852
0 0.380771 0.501852 0.013542 0.059259
0 0.389062 0.499074 0.001458 0.057407
0 0.269792 0.530481 0.016667 0.044444
0 0.420312 0.481481 0.013542 0.037037
0 0.421354 0.474074 0.013542 0.044444
0 0.365104 0.438889 0.013542 0.029630
0 0.365104 0.429630 0.013542 0.037037
0 0.380208 0.440740 0.012500 0.051852
0 0.400000 0.448148 0.008333 0.029630
0 0.378646 0.396296 0.009375 0.025926
0 0.397396 0.405556 0.009375 0.029630
0 0.448958 0.383333 0.008333 0.033333
0 0.456250 0.374074 0.012500 0.037037
0 0.484375 0.387963 0.010417 0.042593
0 0.524479 0.380556 0.001458 0.042593
0 0.393229 0.303889 0.009375 0.031481
0 0.399479 0.277778 0.009375 0.037037
0 0.868750 0.645370 0.020833 0.068509
0 0.809896 0.515741 0.017708 0.046296
0 0.831771 0.517593 0.015625 0.057407
