0 0.020354 0.725926 0.011458 0.037037
0 0.277083 0.460085 0.006250 0.027778
0 0.302083 0.499074 0.008333 0.035085
0 0.277083 0.758333 0.010417 0.042593
0 0.347907 0.328704 0.004167 0.016667
0 0.300417 0.255556 0.002083 0.011111
0 0.303021 0.254630 0.003125 0.012963
0 0.442088 0.193519 0.003125 0.009259
0 0.484375 0.310185 0.004167 0.012963
0 0.456250 0.325000 0.004167 0.012963
0 0.456771 0.296296 0.003125 0.011111
0 0.568750 0.464805 0.012500 0.033333
0 0.415625 0.434259 0.006250 0.016667
0 0.750042 0.690741 0.008333 0.037037
0 0.929067 0.258333 0.006250 0.016667
