0 0.243750 0.679085 0.006912 0.053595
0 0.093750 0.881046 0.021324 0.057516
0 0.403676 0.926797 0.004706 0.041830
0 0.786397 0.935294 0.008382 0.050980
0 0.797059 0.946405 0.022059 0.054902
0 0.805147 0.916340 0.023529 0.033987
0 0.830047 0.843791 0.030882 0.045752
0 0.850103 0.862092 0.019853 0.043137
0 0.833088 0.880699 0.022059 0.040523
0 0.936397 0.562745 0.008382 0.040523
0 0.984191 0.418954 0.024265 0.037908
0 0.823529 0.404575 0.006176 0.053595
0 0.829779 0.400000 0.008382 0.049673
0 0.920588 0.202604 0.019118 0.047059
0 0.680618 0.228758 0.010294 0.047059
0 0.254779 0.454248 0.009559 0.035294
0 0.253676 0.458170 0.019118 0.058824
0 0.140074 0.403922 0.016912 0.039216
0 0.203676 0.218301 0.016176 0.044444
0 0.302206 0.280392 0.013235 0.040523
0 0.315441 0.278431 0.013235 0.031373
0 0.005515 0.115686 0.013971 0.050980
0 0.636765 0.093464 0.010294 0.037908
0 0.656250 0.008497 0.013971 0.033987
0 0.666544 0.098039 0.009559 0.047059
0 0.755505 0.094118 0.012500 0.044444
0 0.770588 0.070588 0.000294 0.031373
0 0.820220 0.024183 0.011029 0.043137
0 0.792647 0.072549 0.000294 0.045752
0 0.809091 0.175163 0.012500 0.044444
0 0.820588 0.071242 0.014706 0.039216
0 0.812868 0.169935 0.012500 0.028758
