0 0.565074 0.024083 0.008088 0.037908
0 0.568382 0.037908 0.004402 0.036601
0 0.569485 0.040176 0.005147 0.032680
0 0.572426 0.060031 0.005147 0.033987
0 0.390440 0.149020 0.008824 0.039216
0 0.393005 0.158824 0.006618 0.027451
0 0.323529 0.277024 0.013235 0.052288
0 0.305505 0.288235 0.008088 0.027451
0 0.300662 0.283660 0.006618 0.028758
0 0.350838 0.092157 0.008088 0.040523
0 0.364706 0.055556 0.005882 0.035294
0 0.364706 0.064052 0.005882 0.033987
0 0.365440 0.069281 0.004412 0.020915
0 0.022426 0.069280 0.012500 0.041830
