0 0.409375 0.870296 0.039583 0.231481
0 0.560458 0.493519 0.035417 0.161111
0 0.703542 0.403704 0.043750 0.137037
0 0.038542 0.350000 0.025000 0.096296
0 0.087500 0.339805 0.027083 0.109259
0 0.409896 0.442593 0.026042 0.037037
0 0.402500 0.405556 0.027083 0.122222
0 0.380771 0.345370 0.030208 0.120370
0 0.440146 0.337037 0.059375 0.137037
0 0.528025 0.375926 0.035417 0.129630
0 0.573438 0.379630 0.023958 0.033333
0 0.577604 0.344444 0.020875 0.107407
0 0.646354 0.362037 0.026042 0.031481
0 0.678646 0.337037 0.028025 0.111111
0 0.697396 0.302037 0.019792 0.094444
0 0.769270 0.230556 0.021875 0.087037
0 0.776563 0.077778 0.017708 0.074074
0 0.830208 0.031481 0.016667 0.055556
0 0.782803 0.104630 0.017708 0.042593
0 0.322396 0.280481 0.019792 0.100000
0 0.403025 0.175926 0.014583 0.070370
0 0.350521 0.243519 0.023958 0.046296
0 0.350000 0.240740 0.010417 0.051852
0 0.146354 0.275926 0.026042 0.081481
0 0.173958 0.278704 0.025000 0.079630
0 0.044792 0.248148 0.016667 0.066667
0 0.247907 0.274074 0.018750 0.092593
0 0.244270 0.256481 0.017708 0.101852
0 0.227604 0.067593 0.017708 0.064815
0 0.230729 0.050926 0.015625 0.064815
0 0.072917 0.148148 0.012500 0.059259
0 0.304063 0.104630 0.011458 0.046296
0 0.335938 0.099074 0.001458 0.046296
0 0.343750 0.002778 0.010417 0.046296
0 0.357292 0.003704 0.010417 0.051852
0 0.367708 0.095370 0.002500 0.053704
0 0.435937 0.187037 0.009375 0.018519
0 0.423437 0.079630 0.009375 0.044444
0 0.425000 0.174074 0.008333 0.040741
0 0.430208 0.180556 0.008333 0.031481
0 0.509375 0.009259 0.012500 0.048148
0 0.559896 0.094444 0.007292 0.037037
0 0.529067 0.090741 0.008333 0.037037
0 0.500521 0.097222 0.011458 0.024074
0 0.475520 0.117593 0.009375 0.038889
0 0.932292 0.308333 0.029067 0.109259
0 0.972396 0.246296 0.026042 0.080481
0 0.968229 0.097222 0.015625 0.057407
0 0.903646 0.133333 0.017708 0.029630
