0 0.803025 0.848148 0.018750 0.059259
0 0.838020 0.571296 0.017708 0.050000
0 0.258333 0.602778 0.004583 0.046296
0 0.045313 0.646296 0.015625 0.051852
0 0.039583 0.639815 0.010417 0.042593
0 0.059375 0.636111 0.012500 0.042593
0 0.059375 0.512963 0.016667 0.040741
0 0.059896 0.413889 0.017708 0.038889
0 0.249479 0.354630 0.009375 0.035085
0 0.305104 0.296296 0.007292 0.033333
0 0.363020 0.286111 0.009375 0.027778
0 0.084375 0.328704 0.012500 0.038889
0 0.306146 0.185185 0.007292 0.040741
0 0.377604 0.186111 0.007292 0.020370
0 0.259896 0.660185 0.013542 0.035185
0 0.498958 0.488889 0.010417 0.029630
0 0.540104 0.417593 0.011458 0.031481
0 0.600000 0.050926 0.004067 0.020370
0 0.605729 0.048048 0.005208 0.022222
0 0.466046 0.089815 0.005208 0.024074
0 0.507802 0.088889 0.007292 0.022222
0 0.504062 0.080556 0.005208 0.027778
0 0.501458 0.075926 0.006250 0.029630
0 0.048438 0.387963 0.009792 0.042593
0 0.008854 0.435085 0.017708 0.040741
0 0.026042 0.256481 0.010417 0.031481
0 0.021354 0.256481 0.009375 0.035185
0 0.400000 0.110185 0.006250 0.020370
0 0.391146 0.136111 0.007292 0.020370
0 0.333333 0.059259 0.006250 0.022222
0 0.048958 0.156481 0.008333 0.031481
0 0.060417 0.170370 0.010417 0.029630
0 0.362500 0.076852 0.006250 0.027778
0 0.364583 0.075000 0.004067 0.027778
0 0.335407 0.035185 0.004167 0.018519
0 0.015104 0.236111 0.007292 0.024074
0 0.019792 0.229630 0.010417 0.037037
0 0.080250 0.181481 0.008333 0.029630
0 0.580208 0.007593 0.006250 0.020370
