0 0.251823 0.379630 0.005729 0.016667
0 0.395573 0.965278 0.013021 0.047222
0 0.588280 0.950926 0.010937 0.059259
0 0.593229 0.934259 0.000417 0.057407
0 0.604948 0.918519 0.013021 0.031481
0 0.560937 0.940278 0.000417 0.054630
0 0.678385 0.856009 0.010937 0.049074
0 0.621354 0.799074 0.010417 0.031481
0 0.627604 0.831481 0.011458 0.029630
0 0.644010 0.812500 0.011979 0.028704
0 0.575520 0.701389 0.010417 0.041667
0 0.567087 0.711111 0.009375 0.046296
0 0.720094 0.797685 0.007812 0.039815
0 0.673077 0.646759 0.005729 0.043519
0 0.542969 0.593519 0.007812 0.031481
0 0.540885 0.579067 0.008854 0.034259
0 0.426563 0.712500 0.008333 0.023148
0 0.426823 0.711574 0.008854 0.036111
0 0.426823 0.709722 0.010937 0.043519
0 0.402760 0.476852 0.004687 0.027778
0 0.403025 0.376852 0.004167 0.018519
0 0.424740 0.526852 0.006771 0.024074
0 0.500781 0.511111 0.005729 0.022222
0 0.425000 0.404630 0.004167 0.018519
0 0.433854 0.503704 0.005208 0.022222
0 0.420833 0.619907 0.008333 0.030556
0 0.432031 0.622685 0.006771 0.032407
0 0.432292 0.626389 0.005208 0.023148
