0 0.090074 0.656863 0.006912 0.053595
0 0.080618 0.651634 0.016176 0.069281
0 0.202940 0.351634 0.010294 0.044444
0 0.205809 0.352288 0.009559 0.043137
0 0.246324 0.370242 0.011765 0.047059
0 0.237868 0.368627 0.002500 0.044444
0 0.179412 0.313072 0.011765 0.032680
0 0.262868 0.294770 0.006618 0.037908
0 0.538603 0.380392 0.011029 0.036601
0 0.536397 0.328105 0.009559 0.033987
0 0.537132 0.325490 0.009559 0.033987
0 0.877206 0.467974 0.014706 0.039216
0 0.894485 0.433333 0.008088 0.032680
0 0.877206 0.420260 0.016176 0.048366
0 0.782353 0.220261 0.008824 0.024837
0 0.782721 0.211765 0.008088 0.023529
0 0.602941 0.098693 0.005882 0.022222
0 0.398897 0.059477 0.008088 0.033987
0 0.375000 0.075817 0.005882 0.032680
0 0.364338 0.081046 0.008088 0.032680
0 0.368382 0.077124 0.005882 0.032680
0 0.485662 0.013072 0.006618 0.027451
0 0.497059 0.024837 0.004402 0.026144
0 0.513235 0.017647 0.004412 0.014379
0 0.542647 0.066667 0.004412 0.020915
0 0.559559 0.037908 0.004412 0.018301
