0 0.327206 0.811111 0.014706 0.040523
0 0.344018 0.491503 0.005882 0.033987
0 0.347059 0.487582 0.007353 0.030373
0 0.352574 0.486275 0.006608 0.033987
0 0.346690 0.400654 0.005147 0.022222
0 0.636765 0.596732 0.011765 0.030065
0 0.858456 0.598693 0.002500 0.039216
0 0.832353 0.535294 0.008824 0.035294
0 0.621324 0.518301 0.005882 0.030065
0 0.706176 0.430719 0.005882 0.024837
0 0.668382 0.392800 0.005882 0.022222
0 0.652574 0.394770 0.005147 0.023529
0 0.565074 0.367320 0.005047 0.020915
0 0.546691 0.368627 0.003676 0.013072
0 0.680882 0.375063 0.004412 0.023529
0 0.683088 0.375063 0.002941 0.018301
0 0.575735 0.327450 0.002941 0.016993
0 0.625368 0.313725 0.005147 0.015686
0 0.600735 0.302604 0.002941 0.016993
0 0.596690 0.302614 0.003676 0.016993
0 0.569853 0.288235 0.002940 0.014379
0 0.405882 0.305686 0.002941 0.016993
0 0.408456 0.305686 0.003676 0.016993
0 0.404044 0.284304 0.003676 0.014379
0 0.427206 0.307190 0.002941 0.013072
0 0.413603 0.307190 0.003676 0.013072
0 0.419485 0.316993 0.003676 0.011765
0 0.419853 0.318954 0.002941 0.010458
0 0.400294 0.284967 0.002941 0.013072
0 0.550838 0.317647 0.003676 0.018301
0 0.549632 0.317647 0.003676 0.010458
0 0.560397 0.262745 0.003676 0.013072
0 0.525735 0.283660 0.002941 0.010458
0 0.500294 0.241830 0.002941 0.010458
0 0.503235 0.239869 0.002941 0.009150
0 0.438603 0.240523 0.002206 0.000458
0 0.433456 0.249020 0.002206 0.009150
0 0.554402 0.261438 0.002941 0.010458
0 0.555882 0.245098 0.000471 0.009150
0 0.504044 0.239869 0.003676 0.009150
