0 0.368229 0.587500 0.011458 0.049074
0 0.369271 0.581019 0.010417 0.036111
0 0.599740 0.700852 0.025521 0.127778
0 0.582030 0.689352 0.018229 0.106481
0 0.560719 0.681944 0.017188 0.115741
0 0.570302 0.682870 0.013542 0.117593
0 0.553385 0.604167 0.016146 0.041667
0 0.478906 0.547222 0.006771 0.025926
0 0.488542 0.550463 0.006250 0.026852
0 0.495052 0.555093 0.006771 0.026852
0 0.505469 0.562037 0.006771 0.031481
0 0.505990 0.570833 0.008854 0.030556
0 0.514323 0.572222 0.006771 0.029630
0 0.519010 0.583333 0.010937 0.046296
0 0.534115 0.595833 0.011979 0.043519
0 0.678906 0.669907 0.022396 0.084259
