0 0.331985 0.662092 0.019853 0.050980
0 0.497426 0.376471 0.008088 0.028758
0 0.497059 0.377778 0.007353 0.026144
0 0.502574 0.336600 0.005147 0.027451
0 0.507720 0.340523 0.006618 0.030065
0 0.508824 0.305686 0.004412 0.027451
0 0.503603 0.313725 0.005147 0.028758
0 0.576838 0.377024 0.006618 0.032680
0 0.623162 0.694118 0.015441 0.065359
0 0.636397 0.670588 0.001029 0.065359
0 0.645220 0.680392 0.012500 0.058824
0 0.664338 0.560438 0.011029 0.048366
0 0.668005 0.516340 0.006618 0.047059
0 0.693005 0.522222 0.012500 0.043137
0 0.705505 0.503268 0.008088 0.044444
0 0.740809 0.509804 0.001029 0.036601
0 0.527574 0.288235 0.003676 0.014379
0 0.527574 0.288889 0.005147 0.020915
0 0.535294 0.280699 0.005882 0.024837
0 0.530505 0.271895 0.003676 0.018301
0 0.535662 0.250980 0.003676 0.008301
0 0.576838 0.293464 0.003676 0.022222
0 0.580047 0.294118 0.004412 0.026144
0 0.584559 0.298693 0.002940 0.024837
0 0.587500 0.301307 0.004412 0.019608
0 0.576470 0.258824 0.004412 0.018301
0 0.580505 0.258170 0.003676 0.019608
0 0.530882 0.222876 0.004402 0.014379
