0 0.084191 0.345752 0.013971 0.050980
0 0.201029 0.341176 0.014706 0.054902
0 0.259091 0.315033 0.009559 0.044444
0 0.239338 0.304379 0.009559 0.045752
0 0.960662 0.567974 0.009853 0.074510
0 0.930505 0.549020 0.027206 0.070588
0 0.873529 0.400000 0.006176 0.052288
0 0.780505 0.350980 0.013971 0.048366
0 0.056250 0.354902 0.013971 0.050980
0 0.023897 0.607843 0.034559 0.073203
0 0.080515 0.441176 0.018382 0.053595
0 0.223062 0.400654 0.018382 0.053595
0 0.334559 0.285620 0.007353 0.027451
0 0.245588 0.303922 0.008824 0.043037
0 0.244018 0.284314 0.007353 0.032680
0 0.240074 0.269935 0.005047 0.035294
0 0.236397 0.256209 0.009559 0.036600
0 0.229402 0.195425 0.007353 0.022222
0 0.764338 0.336600 0.011029 0.048366
0 0.759091 0.324837 0.011029 0.048366
0 0.776003 0.331373 0.009559 0.037908
0 0.909091 0.332680 0.011029 0.045752
0 0.905047 0.322222 0.007353 0.040523
0 0.788235 0.308954 0.007353 0.036601
0 0.823897 0.349020 0.008088 0.028758
0 0.809559 0.347059 0.008824 0.030065
0 0.334926 0.904575 0.102206 0.190850
0 0.303309 0.727450 0.028676 0.082353
