0 0.880147 0.794118 0.023529 0.050980
0 0.773897 0.539869 0.013971 0.031373
0 0.770588 0.526797 0.016176 0.031373
0 0.501471 0.200000 0.008824 0.023529
0 0.500000 0.194771 0.010294 0.036601
0 0.469018 0.403922 0.013235 0.057516
0 0.463235 0.408301 0.014706 0.057516
0 0.576471 0.619608 0.016176 0.049673
0 0.222794 0.045752 0.007353 0.040830
0 0.227574 0.060031 0.005147 0.023529
0 0.209118 0.053595 0.010294 0.036601
0 0.205441 0.040523 0.008824 0.036601
0 0.200471 0.575817 0.016176 0.064052
0 0.096324 0.228758 0.011765 0.041830
0 0.076838 0.279739 0.009559 0.044444
