0 0.298958 0.864352 0.007708 0.073148
0 0.675260 0.700852 0.013021 0.057407
0 0.873077 0.862037 0.024479 0.087037
0 0.776302 0.890741 0.027604 0.081481
0 0.622135 0.923611 0.016146 0.086111
0 0.619010 0.864352 0.014063 0.058333
0 0.598177 0.819444 0.015104 0.061111
0 0.559375 0.834722 0.015625 0.069444
0 0.533854 0.793981 0.012500 0.049074
0 0.552344 0.759722 0.010937 0.045370
0 0.583073 0.759722 0.000937 0.054630
0 0.600562 0.748148 0.012500 0.057407
0 0.520573 0.687963 0.011979 0.037037
0 0.525260 0.643519 0.006771 0.037037
0 0.515625 0.664352 0.010417 0.037963
0 0.496354 0.688889 0.010417 0.046296
0 0.517708 0.612037 0.009375 0.035185
0 0.501823 0.612500 0.009896 0.032407
0 0.485156 0.603704 0.007812 0.037037
0 0.513281 0.567130 0.006771 0.025000
0 0.463021 0.580093 0.007292 0.028704
0 0.474740 0.548148 0.007812 0.025926
0 0.492448 0.552315 0.006771 0.028704
0 0.487240 0.537500 0.006771 0.026852
0 0.479167 0.516204 0.005208 0.025000
0 0.499740 0.497222 0.003646 0.025926
0 0.465885 0.483796 0.003646 0.023048
0 0.082292 0.561574 0.006250 0.032407
0 0.097135 0.550463 0.006771 0.028704
0 0.161719 0.482870 0.005729 0.017593
0 0.732031 0.693519 0.007812 0.038889
0 0.408073 0.472685 0.004687 0.023048
0 0.402083 0.472685 0.005208 0.020296
0 0.452344 0.469444 0.004687 0.018519
0 0.443490 0.452315 0.004687 0.015741
0 0.200000 0.515741 0.005208 0.024074
0 0.198958 0.507870 0.006250 0.026852
