0 0.555729 0.474074 0.003542 0.070370
0 0.549479 0.545370 0.005625 0.087037
0 0.508333 0.522222 0.002500 0.077778
0 0.492088 0.516667 0.013542 0.066667
0 0.467708 0.489805 0.016667 0.075926
0 0.488542 0.495370 0.004583 0.061111
0 0.492708 0.485085 0.008333 0.029630
0 0.620303 0.195370 0.007292 0.027778
0 0.601979 0.198148 0.007292 0.029630
0 0.604067 0.195370 0.006250 0.035185
0 0.625000 0.063889 0.004167 0.020370
0 0.635407 0.137037 0.004167 0.022222
0 0.601979 0.161111 0.003125 0.025926
0 0.609375 0.062037 0.004167 0.027778
0 0.606770 0.161111 0.005208 0.025926
0 0.605208 0.045370 0.004167 0.024074
