0 0.425260 0.940667 0.010937 0.068519
0 0.606250 0.968056 0.001458 0.063889
0 0.533333 0.980481 0.014583 0.037037
0 0.550302 0.982407 0.014063 0.035185
0 0.409792 0.922685 0.009375 0.062037
0 0.384635 0.980556 0.005104 0.038889
0 0.665004 0.763426 0.009375 0.041667
0 0.673077 0.762037 0.006771 0.037037
0 0.623437 0.630556 0.005208 0.030481
0 0.630510 0.628704 0.006771 0.033333
0 0.643229 0.647222 0.008333 0.037037
0 0.650042 0.636574 0.007292 0.036111
0 0.646354 0.592030 0.006250 0.030556
0 0.655990 0.590204 0.005729 0.030556
0 0.667088 0.594444 0.006250 0.031481
0 0.673438 0.594444 0.006250 0.030481
0 0.600156 0.539815 0.004687 0.027778
0 0.633594 0.424537 0.003646 0.020296
0 0.628906 0.443509 0.004687 0.020370
0 0.606146 0.444444 0.004167 0.024074
0 0.604688 0.402963 0.003125 0.018519
0 0.600520 0.412963 0.003125 0.016667
0 0.584015 0.423148 0.003646 0.016667
0 0.578025 0.427778 0.003125 0.016667
0 0.600000 0.468509 0.003125 0.018519
0 0.559635 0.507593 0.003646 0.024074
0 0.650563 0.556481 0.004167 0.024074
0 0.657803 0.555556 0.005208 0.027778
0 0.660677 0.479067 0.003646 0.025000
0 0.656250 0.478240 0.004167 0.025000
0 0.742969 0.655556 0.008854 0.029630
0 0.765004 0.699074 0.009375 0.033333
0 0.792708 0.750463 0.008333 0.036011
0 0.728906 0.678240 0.008854 0.037963
0 0.706927 0.707407 0.005729 0.038889
0 0.707802 0.706481 0.008333 0.038889
0 0.693229 0.672222 0.008333 0.033333
0 0.684375 0.622222 0.008333 0.033333
0 0.675520 0.624074 0.007292 0.031481
0 0.700677 0.587037 0.005729 0.029630
0 0.693229 0.520833 0.005208 0.026852
0 0.682292 0.532407 0.005208 0.025926
0 0.683594 0.502037 0.004687 0.024074
0 0.701198 0.562037 0.004687 0.024074
0 0.702500 0.743519 0.008333 0.038889
0 0.643750 0.739352 0.005208 0.032407
0 0.633594 0.584722 0.005729 0.023048
0 0.609635 0.585085 0.005729 0.024074
0 0.622035 0.524074 0.004687 0.022222
0 0.638020 0.559259 0.004167 0.018519
0 0.653906 0.702305 0.008854 0.032407
0 0.652865 0.680481 0.006771 0.025926
0 0.582030 0.440741 0.004687 0.014815
0 0.600520 0.438426 0.004167 0.013889
0 0.595052 0.450389 0.004687 0.013889
0 0.589323 0.446759 0.004687 0.003889
0 0.626563 0.568056 0.004067 0.015741
0 0.626042 0.560574 0.004167 0.015741
0 0.626563 0.546759 0.004067 0.015741
0 0.609896 0.482870 0.005208 0.005741
0 0.786709 0.788426 0.007812 0.039815
0 0.778385 0.790204 0.007812 0.039815
0 0.734635 0.980093 0.009896 0.039805
0 0.746094 0.978240 0.009896 0.043519
0 0.754427 0.926389 0.000937 0.063889
0 0.744000 0.918519 0.014063 0.066667
0 0.690667 0.825463 0.008333 0.039815
0 0.729948 0.855093 0.009896 0.050926
0 0.742969 0.706481 0.009896 0.031481
0 0.703281 0.672685 0.006771 0.025000
0 0.690004 0.566204 0.007292 0.028704
0 0.646354 0.438889 0.003025 0.020370
0 0.650260 0.456944 0.002604 0.007593
0 0.645052 0.456009 0.003646 0.021296
0 0.648077 0.456944 0.002604 0.015741
0 0.082031 0.637037 0.007812 0.035185
0 0.069271 0.668981 0.006250 0.032407
0 0.080729 0.685648 0.006250 0.032407
0 0.076042 0.668519 0.006250 0.033333
0 0.004167 0.710648 0.007292 0.030556
0 0.096354 0.708333 0.006250 0.033333
0 0.043750 0.637963 0.006250 0.033333
0 0.050521 0.637963 0.006250 0.033333
0 0.083594 0.590741 0.006771 0.031481
0 0.090885 0.589815 0.006771 0.029630
0 0.098958 0.638889 0.006250 0.031481
0 0.094531 0.639815 0.004687 0.029630
0 0.003385 0.916667 0.020313 0.061111
0 0.082552 0.950463 0.022396 0.065740
0 0.064844 0.944444 0.003021 0.061111
0 0.053646 0.876852 0.007708 0.057407
0 0.081510 0.910185 0.018229 0.064815
0 0.089844 0.901852 0.015104 0.055556
0 0.007188 0.946759 0.020833 0.063889
0 0.092448 0.627315 0.005729 0.028704
0 0.098177 0.625926 0.005729 0.027778
0 0.066927 0.605556 0.006771 0.024074
0 0.078906 0.612037 0.006771 0.022222
0 0.096875 0.575463 0.006250 0.028704
0 0.080469 0.573148 0.006771 0.022222
0 0.092188 0.565278 0.006250 0.019444
0 0.056510 0.645370 0.006771 0.024074
0 0.029948 0.678704 0.008854 0.029630
0 0.012760 0.713889 0.008854 0.029630
0 0.073958 0.744907 0.001458 0.034259
0 0.050260 0.780556 0.000937 0.031481
0 0.060198 0.806481 0.008854 0.038889
0 0.053025 0.806944 0.007292 0.039815
0 0.717969 0.629630 0.007812 0.022222
0 0.665625 0.645370 0.007292 0.025926
0 0.666667 0.648601 0.005208 0.017593
0 0.600677 0.459259 0.003646 0.014815
0 0.604948 0.467030 0.003646 0.023148
0 0.601198 0.451389 0.003646 0.023148
0 0.598958 0.425926 0.003025 0.020370
0 0.590885 0.434722 0.003646 0.007593
0 0.588020 0.433796 0.003125 0.017593
0 0.589583 0.426389 0.003025 0.017593
0 0.592448 0.425000 0.003646 0.002963
0 0.594530 0.421296 0.003646 0.012963
0 0.298698 0.501574 0.004687 0.028704
0 0.307188 0.431481 0.004167 0.018519
0 0.252344 0.406204 0.003646 0.023148
0 0.248698 0.376852 0.002604 0.008519
0 0.240146 0.378704 0.003125 0.018519
0 0.259015 0.357407 0.002604 0.014815
0 0.279427 0.336011 0.002604 0.014815
0 0.297656 0.306667 0.002604 0.014815
0 0.301719 0.307870 0.002604 0.013889
0 0.306927 0.309259 0.002604 0.014815
0 0.308073 0.308796 0.002604 0.003889
0 0.306500 0.295833 0.002604 0.013889
0 0.309015 0.287500 0.002604 0.013889
0 0.354948 0.356009 0.002604 0.013889
0 0.357030 0.345833 0.002604 0.013889
0 0.348077 0.336574 0.002604 0.013889
0 0.329948 0.305093 0.002604 0.003889
0 0.306406 0.301389 0.002604 0.012037
0 0.293750 0.338426 0.003025 0.013889
0 0.290146 0.338426 0.003125 0.013889
0 0.342969 0.353240 0.002604 0.013889
0 0.348077 0.352315 0.002604 0.013889
0 0.402344 0.323601 0.002604 0.013889
0 0.398438 0.308981 0.002083 0.010185
0 0.394000 0.319444 0.002604 0.014815
0 0.594270 0.365278 0.003125 0.017593
0 0.604323 0.350000 0.002604 0.016667
0 0.600520 0.341204 0.002083 0.013889
0 0.597035 0.346759 0.002604 0.017593
0 0.588542 0.348048 0.003125 0.016667
0 0.585056 0.355093 0.002604 0.010185
0 0.605469 0.375463 0.002604 0.005741
0 0.590885 0.343980 0.002604 0.015741
0 0.573077 0.345833 0.002604 0.015741
0 0.578906 0.347685 0.002604 0.005741
0 0.582030 0.346759 0.002604 0.015741
0 0.584635 0.340278 0.002604 0.005741
0 0.587760 0.337500 0.002604 0.005741
0 0.604948 0.346296 0.002604 0.006667
0 0.425780 0.318056 0.002604 0.013889
0 0.584896 0.390204 0.003125 0.017593
0 0.587760 0.390278 0.002604 0.007593
0 0.590365 0.389352 0.002604 0.007593
0 0.609792 0.394444 0.003125 0.016667
0 0.644000 0.532870 0.003646 0.021296
0 0.645573 0.530481 0.003646 0.025926
0 0.620094 0.496296 0.004687 0.014815
0 0.600260 0.366204 0.002604 0.007593
0 0.560056 0.392130 0.002604 0.015741
