0 0.515441 0.068627 0.004412 0.014379
0 0.580505 0.114379 0.003676 0.011765
0 0.583456 0.006993 0.003676 0.013072
0 0.579779 0.005033 0.005147 0.014379
0 0.583824 0.537908 0.004402 0.006536
0 0.579779 0.593464 0.005047 0.010458
0 0.589338 0.905882 0.003676 0.003072
0 0.429779 0.795425 0.006618 0.014379
0 0.405441 0.909804 0.004412 0.010458
0 0.070588 0.304575 0.008824 0.003072
0 0.069018 0.365359 0.008824 0.011765
0 0.209926 0.080046 0.005147 0.015686
0 0.099265 0.023529 0.005882 0.015686
0 0.374265 0.095425 0.004402 0.013072
0 0.428676 0.262745 0.005882 0.003072
0 0.530505 0.337255 0.003676 0.015686
0 0.392279 0.077124 0.003676 0.011765
0 0.345220 0.187582 0.003676 0.011765
0 0.459559 0.558824 0.004402 0.011765
0 0.438235 0.587582 0.005882 0.016993
0 0.444853 0.607647 0.004412 0.022222
0 0.358456 0.797386 0.005047 0.013072
0 0.355882 0.746405 0.005882 0.003072
0 0.365074 0.500654 0.003676 0.007843
0 0.360397 0.498039 0.003676 0.010458
0 0.422794 0.626144 0.004412 0.010458
0 0.348897 0.903072 0.003676 0.009150
0 0.364338 0.894018 0.005147 0.007843
0 0.360662 0.898693 0.003676 0.006536
0 0.370324 0.933987 0.004412 0.009150
0 0.354402 0.946405 0.005882 0.007843
0 0.354044 0.963399 0.005047 0.010458
