0 0.081985 0.598693 0.021324 0.065359
0 0.235662 0.624083 0.018382 0.084967
0 0.806544 0.953595 0.025735 0.092810
0 0.730505 0.761438 0.025735 0.084967
0 0.754779 0.750327 0.022794 0.086275
0 0.722794 0.588889 0.016176 0.066667
0 0.736397 0.587582 0.013971 0.056209
0 0.711765 0.550980 0.016176 0.045752
0 0.721324 0.547059 0.011765 0.050980
0 0.643750 0.434640 0.015441 0.043137
0 0.463603 0.256209 0.002500 0.041830
0 0.465441 0.373856 0.013235 0.047059
0 0.452941 0.340523 0.011765 0.037908
0 0.330882 0.284314 0.008824 0.032680
0 0.337500 0.094771 0.005882 0.019608
0 0.364338 0.129412 0.006618 0.018301
0 0.400368 0.100654 0.005147 0.018301
0 0.424265 0.097386 0.004402 0.022222
0 0.519853 0.156209 0.008824 0.016993
0 0.570588 0.207090 0.010294 0.032680
