0 0.968005 0.905229 0.025735 0.074510
0 0.769853 0.911111 0.013235 0.044444
0 0.468750 0.911765 0.021324 0.048366
0 0.453309 0.760784 0.015441 0.052288
0 0.736765 0.399346 0.005882 0.032680
0 0.774265 0.396078 0.005882 0.033987
0 0.680618 0.394771 0.007353 0.036601
0 0.674265 0.396732 0.005882 0.037908
0 0.667647 0.393464 0.005882 0.036600
0 0.388603 0.554248 0.001029 0.047059
0 0.091176 0.447712 0.008824 0.040523
0 0.202206 0.447059 0.000294 0.039216
0 0.247426 0.306340 0.003676 0.023529
0 0.260294 0.308497 0.005882 0.008301
0 0.594485 0.236600 0.003676 0.023529
0 0.604044 0.230709 0.003676 0.024837
0 0.579779 0.343791 0.006618 0.020915
0 0.537132 0.216340 0.003676 0.011765
0 0.519118 0.188235 0.004412 0.010458
0 0.519853 0.207843 0.002941 0.010458
0 0.430882 0.249673 0.004402 0.023529
0 0.438970 0.230719 0.002941 0.016993
0 0.464338 0.176471 0.003676 0.010458
0 0.345220 0.340523 0.005147 0.022222
0 0.354779 0.309608 0.005147 0.024837
0 0.290176 0.284967 0.005882 0.023529
0 0.294853 0.247059 0.002940 0.020915
0 0.354044 0.200961 0.003676 0.014379
0 0.349265 0.203268 0.004402 0.016993
