0 0.993382 0.508954 0.013235 0.067974
0 0.625000 0.522876 0.007647 0.065359
0 0.640074 0.509050 0.022794 0.071895
0 0.859559 0.415686 0.011765 0.057516
0 0.850735 0.406340 0.016176 0.061438
0 0.833824 0.395425 0.007647 0.061438
0 0.764706 0.352940 0.013235 0.057516
0 0.793750 0.360031 0.011029 0.050980
0 0.798897 0.377778 0.002500 0.054902
0 0.764338 0.012418 0.009559 0.024837
0 0.758824 0.014379 0.011765 0.028758
0 0.680618 0.341830 0.016176 0.053595
0 0.669018 0.332026 0.013235 0.062745
0 0.646324 0.326044 0.005882 0.037908
0 0.032353 0.310458 0.013235 0.056209
0 0.049265 0.004379 0.007353 0.028758
0 0.045220 0.013725 0.008088 0.027451
0 0.032720 0.011765 0.008088 0.023529
0 0.080505 0.039869 0.008088 0.043137
0 0.126838 0.062092 0.012500 0.024837
0 0.123529 0.120915 0.013235 0.024837
0 0.164338 0.132680 0.008088 0.022222
0 0.080515 0.033333 0.009559 0.037908
0 0.167647 0.071242 0.008824 0.035294
0 0.190441 0.067320 0.013235 0.019608
0 0.093750 0.018954 0.008088 0.037908
0 0.200368 0.024083 0.008088 0.040523
0 0.209926 0.024837 0.009559 0.040830
0 0.209485 0.024183 0.008088 0.043137
0 0.232721 0.042484 0.012500 0.019608
0 0.240544 0.104575 0.009559 0.036601
0 0.227574 0.100000 0.012500 0.024837
0 0.220956 0.111111 0.008088 0.026144
0 0.240912 0.092157 0.007353 0.035294
0 0.256985 0.003922 0.006618 0.040523
0 0.372059 0.079739 0.010294 0.048366
0 0.387132 0.098693 0.009559 0.035294
0 0.423529 0.119608 0.013235 0.027451
0 0.383824 0.058170 0.008824 0.036601
0 0.422059 0.073203 0.011765 0.032680
0 0.527940 0.237255 0.014706 0.037908
0 0.590176 0.194771 0.008824 0.047059
0 0.639338 0.203072 0.011029 0.052288
