0 0.011719 0.958333 0.023438 0.083333
0 0.096354 0.648048 0.012500 0.077778
0 0.861979 0.957870 0.034375 0.084259
0 0.758073 0.458796 0.007802 0.036111
0 0.797907 0.477778 0.008333 0.033333
0 0.015104 0.639815 0.018750 0.075926
0 0.018490 0.639815 0.013021 0.074074
0 0.026562 0.629630 0.010417 0.066667
0 0.002344 0.612500 0.019271 0.067593
0 0.057552 0.560185 0.013021 0.055556
0 0.042187 0.560185 0.013542 0.061111
0 0.034896 0.550926 0.014583 0.061111
0 0.040625 0.511574 0.007292 0.043519
0 0.031250 0.513426 0.007292 0.043519
0 0.025521 0.510648 0.007292 0.047222
0 0.182292 0.600000 0.016667 0.053704
0 0.302604 0.608333 0.015625 0.051852
0 0.179427 0.505093 0.010937 0.045370
0 0.158073 0.500926 0.010937 0.037037
0 0.246605 0.444444 0.008854 0.033333
0 0.082292 0.486574 0.010417 0.041667
0 0.828906 0.686111 0.019271 0.061111
0 0.710156 0.615278 0.017188 0.060185
0 0.565004 0.450463 0.007292 0.025000
0 0.634115 0.642593 0.017188 0.048148
0 0.637760 0.605093 0.017188 0.047222
0 0.539323 0.579630 0.010937 0.042593
0 0.545052 0.531481 0.010937 0.042593
0 0.664844 0.675926 0.019271 0.057407
0 0.677083 0.681019 0.018750 0.058333
0 0.554427 0.580019 0.011979 0.058333
0 0.346615 0.443519 0.006771 0.024074
