0 0.858456 0.699346 0.019853 0.075817
0 0.872794 0.622876 0.010294 0.037908
0 0.890809 0.579739 0.016912 0.032680
0 0.877941 0.575163 0.013235 0.031373
0 0.588971 0.528758 0.011765 0.037908
0 0.657353 0.496732 0.008824 0.039216
0 0.675368 0.482353 0.012500 0.044444
0 0.699632 0.598693 0.001029 0.049673
0 0.708824 0.586928 0.004706 0.054902
0 0.756985 0.496732 0.009559 0.040830
0 0.743015 0.522222 0.013971 0.024837
0 0.820220 0.606536 0.018382 0.052288
0 0.870220 0.539216 0.012500 0.045752
0 0.791544 0.567974 0.012500 0.032680
0 0.823897 0.552940 0.011029 0.057516
0 0.836765 0.550980 0.000294 0.053595
0 0.840809 0.579085 0.012500 0.033987
0 0.717279 0.507190 0.011029 0.020915
0 0.720588 0.474500 0.008824 0.026144
0 0.709926 0.472549 0.006608 0.032680
0 0.796690 0.467974 0.009559 0.036601
0 0.805505 0.471895 0.006618 0.026144
0 0.401471 0.615033 0.011765 0.043137
0 0.409191 0.616993 0.009559 0.031373
0 0.336029 0.493464 0.010294 0.032680
0 0.500735 0.370895 0.004412 0.022222
0 0.540074 0.375163 0.005147 0.018301
0 0.544485 0.372549 0.005047 0.023529
0 0.640544 0.450327 0.009559 0.037908
0 0.633456 0.450634 0.008088 0.030065
0 0.658088 0.440176 0.007353 0.032680
0 0.619118 0.416993 0.007353 0.023529
0 0.089706 0.593464 0.006176 0.065359
0 0.086397 0.542484 0.012500 0.054902
0 0.097426 0.546405 0.012500 0.054902
0 0.208824 0.538562 0.007353 0.033987
0 0.201838 0.524183 0.006618 0.031373
0 0.206618 0.517647 0.010294 0.033987
0 0.300000 0.674510 0.019118 0.062745
0 0.535294 0.347059 0.004412 0.016993
0 0.465074 0.334641 0.003676 0.013072
0 0.467647 0.326144 0.004412 0.011765
0 0.300838 0.381046 0.005147 0.019608
