0 0.232803 0.652778 0.007292 0.027778
0 0.394271 0.594444 0.005208 0.011111
0 0.467187 0.587037 0.007292 0.014815
0 0.472917 0.547222 0.004167 0.012963
0 0.484896 0.551852 0.005208 0.011111
0 0.481771 0.493519 0.007292 0.012963
0 0.466146 0.707407 0.007292 0.018519
0 0.370875 0.503704 0.006250 0.018519
0 0.600562 0.825000 0.009375 0.038889
0 0.605104 0.870370 0.009375 0.037037
0 0.582292 0.982407 0.008333 0.035085
0 0.596875 0.984259 0.000417 0.031481
0 0.467708 0.857407 0.006250 0.033333
0 0.492188 0.408333 0.005208 0.009259
