0 0.642708 0.842030 0.008333 0.052778
0 0.662760 0.824537 0.006770 0.049074
0 0.097135 0.968519 0.017188 0.033333
0 0.082031 0.950000 0.016146 0.031481
0 0.094792 0.848601 0.013542 0.047222
0 0.134115 0.849537 0.015104 0.034259
0 0.148698 0.849074 0.010937 0.031481
0 0.157812 0.825463 0.012500 0.025000
0 0.181250 0.772222 0.012500 0.027778
0 0.194271 0.762963 0.012500 0.029630
0 0.160938 0.729630 0.009375 0.046296
0 0.157812 0.721296 0.008333 0.018519
0 0.042708 0.749537 0.008333 0.028704
0 0.204948 0.706481 0.008854 0.025926
0 0.200000 0.700463 0.007292 0.021296
0 0.255208 0.568056 0.008333 0.030556
0 0.239583 0.560111 0.006250 0.037037
0 0.559375 0.670370 0.006250 0.025926
0 0.555208 0.660111 0.006250 0.025926
0 0.554948 0.677315 0.004687 0.010185
0 0.538802 0.680556 0.007802 0.038889
0 0.449219 0.675000 0.006771 0.020370
0 0.527865 0.646296 0.005729 0.037037
0 0.534635 0.646759 0.006770 0.037963
0 0.422917 0.622685 0.007292 0.023148
0 0.438281 0.626389 0.006771 0.023148
0 0.444531 0.606019 0.007812 0.017593
0 0.539583 0.559259 0.007292 0.030481
0 0.527083 0.530093 0.006250 0.030556
0 0.451562 0.529630 0.006250 0.016667
0 0.500781 0.503704 0.005729 0.016667
0 0.509896 0.473611 0.006250 0.017593
0 0.493750 0.466204 0.004167 0.015741
0 0.479948 0.459722 0.004687 0.015741
0 0.437240 0.469444 0.003646 0.016667
0 0.436198 0.405093 0.004687 0.015741
0 0.487760 0.418056 0.003646 0.012037
0 0.466146 0.398148 0.004167 0.012963
0 0.471615 0.394444 0.004687 0.009259
0 0.498958 0.396296 0.004067 0.018519
0 0.489583 0.393981 0.005208 0.013889
0 0.445573 0.373148 0.003646 0.012963
0 0.446615 0.373148 0.004687 0.012963
0 0.450000 0.356481 0.002083 0.011111
0 0.483854 0.373601 0.002083 0.013889
0 0.498437 0.376389 0.004067 0.019444
0 0.484635 0.362963 0.002604 0.004815
0 0.482030 0.320833 0.002604 0.012037
0 0.468490 0.337500 0.002604 0.008333
0 0.473438 0.324074 0.002083 0.007407
0 0.470052 0.327778 0.003646 0.007407
0 0.469270 0.319444 0.003125 0.012963
0 0.473698 0.307870 0.002604 0.008333
0 0.453906 0.314815 0.002604 0.011111
0 0.440625 0.308981 0.003125 0.013889
0 0.444010 0.312963 0.002604 0.007407
0 0.479948 0.307870 0.002604 0.008333
0 0.479687 0.295370 0.002083 0.002963
0 0.480771 0.286574 0.002083 0.012037
0 0.474740 0.268056 0.000563 0.008333
0 0.476042 0.267593 0.002083 0.007407
0 0.449219 0.295833 0.002604 0.006481
0 0.464583 0.286111 0.003125 0.007407
0 0.445573 0.293056 0.002604 0.006481
0 0.442969 0.275926 0.002604 0.007407
0 0.448437 0.281481 0.002083 0.007407
0 0.446615 0.277778 0.001563 0.005556
0 0.465104 0.270833 0.002083 0.004630
0 0.469010 0.264815 0.002604 0.005556
0 0.463021 0.262963 0.002083 0.005556
0 0.455990 0.262037 0.001563 0.005556
