0 0.397396 0.939815 0.032292 0.118519
0 0.099479 0.840667 0.044792 0.138889
0 0.176563 0.773148 0.021875 0.075926
0 0.190104 0.760185 0.026042 0.074074
0 0.233333 0.680556 0.003542 0.070370
0 0.266927 0.686574 0.015104 0.062037
0 0.359896 0.720370 0.019792 0.064815
0 0.300781 0.650000 0.013021 0.037037
0 0.401042 0.720833 0.014583 0.067593
0 0.392188 0.681481 0.014583 0.050000
0 0.389323 0.640741 0.011979 0.037037
0 0.405990 0.659259 0.009896 0.046296
0 0.405729 0.622222 0.009375 0.033333
0 0.407552 0.563889 0.004687 0.022222
0 0.378646 0.596759 0.006250 0.026852
0 0.372656 0.591204 0.007812 0.025000
0 0.394271 0.590278 0.006250 0.026852
