0 0.677206 0.983007 0.010294 0.026144
0 0.687500 0.982353 0.010294 0.030065
0 0.694853 0.976471 0.007353 0.031373
0 0.393015 0.985621 0.012500 0.028758
0 0.628309 0.752288 0.009559 0.043037
0 0.590440 0.631373 0.010294 0.023529
0 0.396324 0.748366 0.008824 0.024837
0 0.416176 0.730065 0.008824 0.024837
0 0.425000 0.707843 0.008824 0.024837
0 0.401471 0.703922 0.008824 0.019608
0 0.384191 0.690850 0.008088 0.027451
0 0.065809 0.667974 0.008088 0.033987
0 0.579779 0.693464 0.006608 0.024837
0 0.437868 0.475817 0.005147 0.013072
0 0.434559 0.450980 0.004412 0.013072
0 0.308456 0.480392 0.006608 0.022222
0 0.438603 0.374510 0.003676 0.009150
0 0.404412 0.391503 0.004412 0.009150
