0 0.038235 0.590096 0.013235 0.056209
0 0.093382 0.546405 0.008824 0.036600
0 0.795588 0.806340 0.013235 0.071895
0 0.800294 0.844444 0.016176 0.073203
0 0.809485 0.826797 0.015441 0.069281
0 0.651838 0.744444 0.021324 0.066667
0 0.225368 0.708954 0.015441 0.060131
0 0.408088 0.737255 0.004706 0.057516
0 0.409559 0.701765 0.008824 0.040523
0 0.520324 0.841176 0.019118 0.071895
0 0.539338 0.839206 0.018382 0.073203
0 0.565074 0.832026 0.006912 0.071895
0 0.603676 0.803725 0.019118 0.069281
0 0.978676 0.983007 0.022059 0.031373
