0 0.090912 0.363399 0.032353 0.101961
0 0.069018 0.340523 0.035294 0.087582
0 0.029044 0.030065 0.030047 0.060131
0 0.890441 0.618301 0.027941 0.091503
0 0.965440 0.426144 0.027941 0.075817
0 0.980985 0.464706 0.016912 0.071895
0 0.924632 0.405033 0.041912 0.084967
0 0.909091 0.373203 0.036029 0.079739
0 0.868005 0.230719 0.028676 0.079739
0 0.889338 0.254902 0.034559 0.086275
0 0.889338 0.220569 0.038971 0.087582
0 0.907353 0.239206 0.030882 0.094118
0 0.909485 0.181046 0.034559 0.095425
0 0.933824 0.202418 0.029412 0.079739
0 0.753309 0.088235 0.009853 0.082353
0 0.776470 0.076471 0.017647 0.064052
0 0.787868 0.084967 0.020324 0.078431
0 0.779779 0.095425 0.005441 0.065359
0 0.762500 0.015033 0.029412 0.081046
0 0.778676 0.978431 0.042647 0.043137
