0 0.554688 0.811111 0.015625 0.051852
0 0.504687 0.778704 0.013542 0.053704
0 0.498437 0.690741 0.011458 0.029630
0 0.500521 0.702778 0.017708 0.035185
0 0.486458 0.616667 0.010417 0.037037
0 0.504167 0.541667 0.008333 0.027778
0 0.489583 0.510185 0.008333 0.027778
0 0.445312 0.536111 0.011458 0.031481
0 0.458854 0.502778 0.009375 0.024074
0 0.451562 0.468519 0.011458 0.029630
0 0.209896 0.462963 0.009375 0.029630
0 0.088021 0.402778 0.007292 0.027778
0 0.206667 0.402778 0.006250 0.027778
0 0.223958 0.401852 0.006250 0.022222
0 0.210417 0.391667 0.008333 0.020370
0 0.461458 0.409259 0.008333 0.018519
0 0.408333 0.390741 0.008333 0.022222
0 0.457813 0.392593 0.005208 0.018519
0 0.456250 0.369444 0.006250 0.024074
0 0.438021 0.362037 0.005208 0.020370
0 0.407292 0.367593 0.006250 0.016667
0 0.404167 0.343519 0.006250 0.016667
0 0.374479 0.339815 0.007292 0.020370
0 0.414062 0.280556 0.005208 0.012963
0 0.366667 0.250852 0.004167 0.014815
0 0.375521 0.251852 0.003125 0.011111
0 0.380208 0.236011 0.002083 0.016667
0 0.381250 0.259259 0.004167 0.011111
0 0.384896 0.250000 0.003125 0.007407
0 0.402083 0.245370 0.002083 0.009259
0 0.495312 0.233333 0.003125 0.014815
0 0.497917 0.250000 0.002083 0.011111
0 0.464583 0.324074 0.004167 0.011111
0 0.667188 0.287963 0.005208 0.016667
0 0.782813 0.312037 0.005208 0.024074
0 0.826042 0.305741 0.004167 0.020370
0 0.836458 0.303704 0.006250 0.022222
