0 0.027941 0.684314 0.030882 0.082353
0 0.247426 0.722876 0.022794 0.094018
0 0.253676 0.701111 0.014706 0.099346
0 0.483088 0.509804 0.004706 0.073203
0 0.976838 0.898693 0.037500 0.082353
0 0.124265 0.371895 0.010294 0.037908
0 0.131250 0.375817 0.009559 0.030065
0 0.350838 0.067320 0.002206 0.009150
0 0.346324 0.064706 0.002940 0.009150
0 0.350103 0.108497 0.005147 0.013072
0 0.007353 0.346405 0.004706 0.052288
0 0.341544 0.130065 0.003676 0.014379
0 0.455505 0.133987 0.005147 0.016993
0 0.472059 0.047712 0.004412 0.015686
0 0.476470 0.145752 0.004412 0.016993
0 0.480505 0.140523 0.003676 0.014379
0 0.484559 0.040523 0.004412 0.014379
0 0.450368 0.135294 0.005147 0.014379
0 0.503676 0.083660 0.007353 0.022222
0 0.569118 0.242484 0.005882 0.016993
0 0.577574 0.244444 0.005147 0.015686
0 0.583088 0.244444 0.005882 0.018301
0 0.575000 0.262745 0.007353 0.020915
0 0.586765 0.263399 0.005882 0.016993
0 0.593015 0.264052 0.005147 0.018301
0 0.589338 0.258824 0.005147 0.018301
0 0.582353 0.258824 0.004412 0.013072
