0 0.433854 0.948148 0.155208 0.103704
0 0.562500 0.875926 0.018750 0.048148
0 0.719271 0.810185 0.017708 0.053704
0 0.808854 0.848148 0.017708 0.059259
0 0.668750 0.647222 0.002500 0.038889
0 0.670302 0.626852 0.011458 0.042593
0 0.740625 0.464805 0.010417 0.040741
0 0.746875 0.445370 0.008333 0.042593
0 0.679688 0.300852 0.009375 0.037037
0 0.070312 0.975926 0.021875 0.048148
0 0.099479 0.633333 0.013542 0.051852
0 0.455729 0.049074 0.005208 0.020370
0 0.484375 0.078704 0.002083 0.009259
0 0.546354 0.009259 0.003125 0.011111
0 0.548438 0.009259 0.005208 0.014815
0 0.528646 0.059259 0.003025 0.011111
