0 0.086397 0.380392 0.024265 0.096732
0 0.060294 0.434641 0.020588 0.095425
0 0.426838 0.422222 0.022794 0.099346
0 0.433088 0.408301 0.022059 0.094118
0 0.548897 0.454902 0.030047 0.107190
0 0.544485 0.436600 0.037500 0.099346
0 0.626003 0.425490 0.033088 0.084967
0 0.742647 0.443037 0.026471 0.091503
0 0.804044 0.443037 0.015441 0.091503
0 0.806912 0.435294 0.019118 0.101961
0 0.647059 0.503922 0.026470 0.090196
0 0.652206 0.486275 0.020588 0.007190
0 0.587032 0.713725 0.019853 0.062745
0 0.609853 0.668627 0.016176 0.040523
0 0.609118 0.654902 0.017647 0.044444
0 0.700294 0.703268 0.017647 0.075817
0 0.006985 0.150327 0.006618 0.028758
0 0.009559 0.190196 0.008824 0.032680
0 0.001471 0.190196 0.008824 0.032680
0 0.022426 0.189542 0.008088 0.033987
0 0.056618 0.154248 0.005882 0.028758
0 0.065809 0.151634 0.008088 0.026144
0 0.220956 0.042484 0.005147 0.023529
0 0.229044 0.040523 0.005147 0.024837
0 0.209853 0.134641 0.005882 0.023529
0 0.091544 0.156209 0.009559 0.027451
0 0.082721 0.152941 0.006618 0.028758
0 0.087132 0.156209 0.006618 0.027451
0 0.205505 0.190196 0.008088 0.027451
0 0.207279 0.220915 0.008088 0.033987
0 0.238970 0.215686 0.007353 0.033987
0 0.250368 0.207090 0.008088 0.032680
0 0.267647 0.088889 0.007353 0.032680
0 0.304044 0.021569 0.005147 0.023529
0 0.298529 0.031373 0.005882 0.024837
0 0.285294 0.043791 0.005882 0.023529
0 0.274632 0.037255 0.005147 0.023529
0 0.259926 0.035294 0.005147 0.027451
0 0.245956 0.044444 0.005147 0.024837
0 0.243382 0.040523 0.004412 0.022222
0 0.256985 0.080392 0.008088 0.026144
0 0.293382 0.073856 0.005882 0.023529
0 0.072059 0.279085 0.007353 0.037908
0 0.056250 0.252288 0.009559 0.028758
0 0.042647 0.266013 0.010294 0.032680
0 0.082353 0.253595 0.008824 0.036600
0 0.052574 0.307090 0.012500 0.052288
0 0.040440 0.305882 0.011765 0.052288
0 0.029402 0.311765 0.013235 0.048366
0 0.081618 0.308497 0.008824 0.036601
0 0.006985 0.283007 0.009559 0.040523
0 0.005147 0.278431 0.010294 0.044444
0 0.027206 0.243791 0.008824 0.030065
0 0.032721 0.245098 0.009559 0.024837
0 0.064706 0.329412 0.010294 0.047059
0 0.072794 0.313725 0.008824 0.039216
0 0.220956 0.278430 0.009559 0.041830
0 0.029779 0.309150 0.008088 0.040523
0 0.036765 0.310458 0.008824 0.040523
0 0.041176 0.300654 0.008824 0.039216
0 0.047426 0.300654 0.009559 0.039216
0 0.039338 0.363399 0.002500 0.054902
0 0.034559 0.362092 0.007353 0.047059
0 0.028676 0.356209 0.007353 0.045752
0 0.098529 0.363399 0.000294 0.052288
0 0.077206 0.370895 0.011765 0.056209
0 0.038235 0.466667 0.027940 0.096732
0 0.001397 0.367974 0.022794 0.092810
0 0.256985 0.200458 0.006618 0.028758
0 0.257720 0.203268 0.005147 0.027451
0 0.284559 0.079739 0.005882 0.027451
0 0.299632 0.064706 0.006618 0.031373
0 0.250471 0.158824 0.005882 0.019608
0 0.264706 0.056863 0.007353 0.020915
0 0.720588 0.230373 0.007353 0.033987
0 0.777574 0.090850 0.005147 0.026144
0 0.786765 0.083007 0.004412 0.028758
0 0.793005 0.184314 0.005147 0.028758
0 0.779402 0.172549 0.005882 0.026144
0 0.744485 0.069935 0.005147 0.028758
0 0.740809 0.072549 0.005147 0.026144
0 0.756985 0.367974 0.009559 0.053595
0 0.748062 0.364706 0.011029 0.052288
0 0.730882 0.345752 0.008824 0.048366
0 0.708382 0.339869 0.008824 0.047059
0 0.737500 0.330373 0.007353 0.040523
0 0.729402 0.336601 0.007353 0.045752
0 0.724265 0.326044 0.005882 0.043137
0 0.723062 0.314379 0.006618 0.037908
0 0.707279 0.309804 0.006618 0.041830
0 0.707353 0.305686 0.007353 0.040523
0 0.702574 0.308497 0.006608 0.039216
0 0.709091 0.290850 0.008088 0.037908
0 0.726003 0.290850 0.008088 0.037908
0 0.755047 0.316340 0.005882 0.039216
0 0.770588 0.360031 0.010294 0.048366
0 0.779779 0.362092 0.008088 0.047059
0 0.790440 0.387582 0.014706 0.066667
0 0.805505 0.384967 0.013971 0.050980
0 0.768382 0.286928 0.008824 0.035294
0 0.777940 0.290850 0.008824 0.043137
0 0.762032 0.316340 0.005147 0.039216
0 0.764338 0.328758 0.008088 0.043037
0 0.772059 0.322876 0.005882 0.044444
0 0.754779 0.298039 0.005047 0.036601
0 0.748062 0.298039 0.006618 0.036601
0 0.804338 0.176471 0.008088 0.026144
0 0.828309 0.089542 0.003676 0.026144
0 0.842279 0.084314 0.006618 0.028758
0 0.850000 0.084967 0.004412 0.024837
0 0.627940 0.357516 0.007353 0.043137
0 0.635294 0.335948 0.000294 0.036601
0 0.647426 0.387582 0.001029 0.048366
0 0.643005 0.359477 0.011029 0.044444
0 0.669853 0.336600 0.008824 0.043137
