0 0.890176 0.608497 0.013235 0.050980
0 0.876003 0.575163 0.011029 0.044444
0 0.654412 0.785621 0.016176 0.060131
0 0.553309 0.320915 0.006618 0.024837
0 0.864706 0.575063 0.011765 0.044444
0 0.207721 0.694771 0.011029 0.040523
0 0.265074 0.534640 0.012500 0.047059
0 0.275735 0.437908 0.000294 0.041830
0 0.206912 0.422222 0.007353 0.031373
0 0.203971 0.419608 0.005882 0.028758
0 0.095588 0.394118 0.007353 0.027451
0 0.408088 0.044444 0.004412 0.019608
0 0.476471 0.118301 0.004412 0.009150
0 0.462132 0.128105 0.005147 0.010458
0 0.472059 0.119608 0.004412 0.009150
0 0.470588 0.138562 0.004412 0.007843
0 0.468382 0.133987 0.004412 0.009150
0 0.523529 0.108497 0.004412 0.010458
0 0.526838 0.111765 0.003676 0.009150
0 0.531618 0.108497 0.004412 0.007843
0 0.268750 0.278430 0.006618 0.028758
0 0.282721 0.286928 0.006618 0.016993
0 0.286397 0.283660 0.005147 0.015686
0 0.286029 0.275817 0.004412 0.010458
0 0.591176 0.233987 0.005882 0.015686
0 0.268750 0.307190 0.006618 0.020915
0 0.273162 0.305882 0.003676 0.020915
