0 0.680985 0.918301 0.019853 0.066667
0 0.603603 0.809150 0.012500 0.047059
0 0.590074 0.722876 0.005441 0.052288
0 0.574632 0.772549 0.018382 0.052288
0 0.080250 0.864706 0.027206 0.053595
0 0.482353 0.607090 0.011765 0.048366
0 0.346690 0.464052 0.011029 0.047059
0 0.369485 0.415686 0.013971 0.031373
0 0.305047 0.464052 0.010294 0.044444
0 0.284926 0.435294 0.008088 0.040830
0 0.282720 0.408497 0.013971 0.048366
0 0.258824 0.409050 0.013235 0.023529
0 0.286397 0.309804 0.008088 0.030373
0 0.295956 0.085621 0.009559 0.022222
0 0.285662 0.003072 0.008088 0.026144
0 0.581985 0.524183 0.012500 0.044444
0 0.488235 0.483007 0.011765 0.040523
0 0.462868 0.464052 0.001029 0.044444
0 0.487868 0.450327 0.001029 0.040523
0 0.478309 0.408301 0.012500 0.041830
0 0.505809 0.442484 0.008088 0.037908
0 0.525000 0.437908 0.000294 0.041830
0 0.533088 0.418301 0.008824 0.036601
0 0.525368 0.420261 0.009559 0.035294
0 0.494485 0.273203 0.001029 0.036601
0 0.548062 0.311111 0.003676 0.018301
0 0.436397 0.226797 0.008088 0.024837
0 0.533088 0.214379 0.011765 0.031373
0 0.540074 0.209804 0.009559 0.030065
0 0.598529 0.266667 0.008824 0.036600
0 0.629044 0.270588 0.001029 0.039216
0 0.627206 0.265359 0.008824 0.036600
0 0.645588 0.269935 0.000294 0.037908
0 0.601838 0.400000 0.009559 0.033987
0 0.626103 0.387582 0.011029 0.030065
0 0.684191 0.362092 0.011029 0.033987
0 0.703235 0.369281 0.010294 0.043137
0 0.724632 0.350327 0.001029 0.044444
0 0.732353 0.338562 0.001765 0.044444
0 0.726003 0.375817 0.011029 0.040523
0 0.737032 0.379085 0.011029 0.047059
0 0.853309 0.258070 0.012500 0.035294
0 0.886765 0.304379 0.014706 0.037908
0 0.822426 0.347712 0.013971 0.041830
0 0.966076 0.287582 0.011765 0.044444
