0 0.020052 0.929167 0.011979 0.056481
0 0.094792 0.775463 0.006250 0.037963
0 0.088021 0.766204 0.010417 0.041667
0 0.202865 0.747222 0.007812 0.024074
0 0.220052 0.739352 0.016146 0.032407
0 0.220312 0.758333 0.009375 0.025926
0 0.239062 0.765741 0.011458 0.029630
0 0.262500 0.852778 0.010417 0.048148
0 0.263020 0.863889 0.008333 0.048148
0 0.272907 0.862963 0.008333 0.051852
0 0.346605 0.806944 0.007812 0.049074
0 0.382292 0.794444 0.008333 0.050852
0 0.569010 0.693056 0.008854 0.032407
0 0.533333 0.694907 0.007292 0.032407
0 0.382292 0.715741 0.012500 0.044444
0 0.554948 0.660648 0.006771 0.032407
0 0.508854 0.563426 0.005208 0.019444
0 0.453906 0.560185 0.006771 0.020370
0 0.548438 0.504815 0.007292 0.031481
0 0.567187 0.549537 0.005208 0.023148
0 0.557552 0.491667 0.005729 0.020370
0 0.471875 0.494444 0.005208 0.012963
0 0.537500 0.462963 0.005208 0.014815
0 0.535937 0.440741 0.003125 0.012963
0 0.501563 0.415278 0.005208 0.012037
0 0.490365 0.417130 0.004687 0.013889
0 0.474219 0.408333 0.005729 0.012963
0 0.477865 0.356481 0.002604 0.011111
0 0.546094 0.418519 0.003646 0.012963
0 0.527083 0.399537 0.004167 0.012037
0 0.520052 0.390741 0.004687 0.009259
0 0.536458 0.387963 0.004067 0.022222
0 0.545833 0.360185 0.003125 0.011111
0 0.552344 0.372685 0.002604 0.008333
0 0.552083 0.368519 0.003125 0.009259
0 0.546875 0.395833 0.004167 0.010185
0 0.622907 0.638426 0.009375 0.039815
