0 0.252083 0.810185 0.013542 0.044444
0 0.318750 0.802778 0.012500 0.031481
0 0.316667 0.816667 0.011458 0.027778
0 0.264844 0.666667 0.011979 0.027778
0 0.286198 0.536574 0.009896 0.026852
0 0.217188 0.517593 0.010417 0.031481
0 0.452083 0.463889 0.008333 0.035185
0 0.470312 0.470833 0.010417 0.028704
0 0.379427 0.421759 0.007812 0.026852
0 0.389844 0.402778 0.008854 0.027778
0 0.372917 0.396296 0.008333 0.022222
0 0.397135 0.380093 0.007812 0.023148
0 0.413542 0.350926 0.008333 0.020370
0 0.390365 0.349074 0.008854 0.025926
0 0.403646 0.336111 0.007292 0.018519
0 0.494531 0.324537 0.005729 0.023148
0 0.459115 0.314815 0.005729 0.018519
0 0.409115 0.294444 0.006771 0.020370
0 0.209531 0.731019 0.013021 0.054630
0 0.200302 0.704630 0.010937 0.053704
0 0.077604 0.711111 0.010417 0.048148
0 0.079167 0.703704 0.012500 0.050000
0 0.053385 0.721759 0.010937 0.050926
0 0.053646 0.698148 0.012500 0.053704
0 0.224209 0.426389 0.008854 0.034259
0 0.270303 0.405093 0.007292 0.034259
0 0.236458 0.428704 0.009375 0.029630
0 0.250260 0.417593 0.006771 0.024074
0 0.265625 0.522685 0.011458 0.032407
0 0.304948 0.481481 0.008854 0.024074
0 0.308073 0.476389 0.007812 0.026852
0 0.257292 0.373601 0.009375 0.030556
0 0.233854 0.387963 0.007292 0.030481
0 0.239062 0.378704 0.007292 0.030481
0 0.377083 0.300463 0.005208 0.025000
0 0.357802 0.344907 0.005208 0.026852
0 0.247656 0.356019 0.008854 0.019444
0 0.230990 0.286111 0.005729 0.012963
0 0.206667 0.291204 0.008333 0.023148
0 0.238280 0.259259 0.005729 0.020370
0 0.728906 0.502778 0.000937 0.037037
0 0.607708 0.325463 0.006250 0.028704
0 0.486458 0.289815 0.004167 0.014815
0 0.486719 0.285185 0.005729 0.016667
0 0.500417 0.277778 0.006250 0.018519
0 0.497396 0.252778 0.005208 0.020370
0 0.480990 0.266667 0.004687 0.016667
0 0.404948 0.256019 0.004687 0.021296
0 0.422656 0.237037 0.004687 0.014815
0 0.436719 0.198148 0.004687 0.012963
0 0.644531 0.396296 0.005729 0.018519
0 0.467087 0.182407 0.003125 0.014815
0 0.472035 0.183333 0.004687 0.014815
0 0.398438 0.078241 0.003125 0.015741
0 0.407552 0.183796 0.003646 0.012037
