0 0.049265 0.862745 0.008824 0.031373
0 0.046324 0.845098 0.007353 0.032680
0 0.079044 0.990096 0.009559 0.019608
0 0.400294 0.369935 0.005882 0.020915
0 0.527940 0.867320 0.010294 0.022222
0 0.545956 0.875063 0.008088 0.022222
0 0.605074 0.858170 0.008088 0.022222
0 0.637500 0.952288 0.000294 0.027451
0 0.806544 0.740523 0.008088 0.035294
0 0.568750 0.095425 0.003676 0.008301
0 0.566544 0.097386 0.003676 0.006993
0 0.641176 0.096732 0.004412 0.010458
0 0.648062 0.276471 0.003676 0.019608
0 0.622426 0.278431 0.003676 0.013072
0 0.680882 0.328005 0.004412 0.023529
0 0.444485 0.079085 0.005047 0.019608
0 0.340544 0.143791 0.003676 0.015686
0 0.344485 0.045752 0.003676 0.016993
