0 0.950471 0.547059 0.023529 0.064052
0 0.935662 0.549020 0.024265 0.060031
0 0.810662 0.479085 0.019853 0.053595
0 0.700735 0.476471 0.020588 0.064052
0 0.254779 0.046405 0.008088 0.032680
0 0.498897 0.769935 0.022794 0.088889
0 0.506985 0.807647 0.024265 0.077124
0 0.511765 0.783660 0.016176 0.050980
0 0.434926 0.933333 0.022794 0.065359
0 0.388971 0.805229 0.023529 0.075817
0 0.093750 0.107190 0.013971 0.039216
0 0.047426 0.279739 0.003971 0.049673
0 0.037032 0.277778 0.019853 0.061438
0 0.049265 0.732026 0.022059 0.073203
0 0.381985 0.624837 0.018382 0.057516
0 0.385662 0.718301 0.021324 0.079739
0 0.352206 0.683660 0.019118 0.062745
