0 0.074209 0.820370 0.014063 0.055556
0 0.230250 0.801852 0.015625 0.059259
0 0.283073 0.837037 0.007188 0.059259
0 0.288280 0.763426 0.010937 0.049074
0 0.312500 0.963889 0.014583 0.053704
0 0.252083 0.983333 0.020833 0.033333
0 0.016406 0.834259 0.015104 0.055556
0 0.002604 0.822685 0.013542 0.052778
0 0.013281 0.806481 0.016146 0.059259
0 0.219271 0.692593 0.010417 0.044444
0 0.088280 0.624537 0.014063 0.041667
0 0.201563 0.601389 0.008333 0.043519
0 0.233073 0.587037 0.009896 0.038889
0 0.210677 0.508333 0.007812 0.040741
0 0.191927 0.507870 0.009896 0.032407
0 0.195312 0.472222 0.010417 0.031481
0 0.057292 0.508796 0.008333 0.032407
0 0.024740 0.413426 0.007812 0.030556
0 0.144010 0.373611 0.006771 0.025000
0 0.155729 0.387963 0.006250 0.020370
0 0.155469 0.383796 0.006771 0.019444
0 0.132552 0.350463 0.005729 0.025000
0 0.141927 0.322685 0.004687 0.017593
0 0.760938 0.567593 0.001458 0.035185
0 0.873437 0.601574 0.010417 0.043519
0 0.669531 0.453704 0.007812 0.024074
0 0.630469 0.433333 0.007812 0.024074
0 0.601042 0.401852 0.006250 0.022222
0 0.087500 0.367593 0.006250 0.025926
0 0.564323 0.387963 0.006771 0.020370
0 0.540927 0.386574 0.006771 0.017593
0 0.527865 0.378241 0.005729 0.023148
0 0.505885 0.318056 0.004687 0.023148
0 0.500677 0.317593 0.003646 0.022222
