0 0.490104 0.201389 0.004167 0.015741
0 0.502344 0.062963 0.003646 0.012963
0 0.500260 0.023611 0.005729 0.015741
0 0.490625 0.045370 0.004167 0.014815
0 0.493229 0.053704 0.003125 0.014815
0 0.494530 0.145370 0.003646 0.012963
0 0.534896 0.004167 0.004167 0.015741
0 0.388542 0.031019 0.004167 0.017593
0 0.394000 0.132407 0.004687 0.016667
0 0.332292 0.337500 0.005208 0.003889
0 0.306146 0.325000 0.004167 0.011111
0 0.474209 0.330093 0.005729 0.013889
0 0.522396 0.286574 0.003125 0.012037
0 0.514062 0.268981 0.004167 0.012037
0 0.064844 0.084722 0.005729 0.007593
0 0.345833 0.098048 0.004167 0.016667
0 0.343750 0.200852 0.004167 0.014815
0 0.347656 0.206480 0.004687 0.011111
0 0.350000 0.200389 0.004167 0.012037
0 0.369010 0.212963 0.004687 0.016667
0 0.409375 0.208981 0.004167 0.015741
0 0.412760 0.237500 0.004687 0.015741
0 0.445052 0.289805 0.004687 0.016667
0 0.556770 0.351852 0.004167 0.012963
0 0.560407 0.350463 0.004167 0.015741
0 0.565004 0.430556 0.004167 0.012963
0 0.300260 0.324074 0.005729 0.004815
0 0.304067 0.323148 0.004167 0.014815
0 0.297656 0.363426 0.006771 0.013889
0 0.304323 0.372222 0.005729 0.014815
0 0.290146 0.392593 0.004167 0.011111
0 0.295302 0.387500 0.005208 0.012037
0 0.299479 0.397222 0.005208 0.004815
0 0.323437 0.414352 0.005208 0.010185
0 0.292708 0.328704 0.005208 0.012963
0 0.294000 0.343981 0.003646 0.013889
0 0.297135 0.344907 0.003646 0.010185
0 0.304067 0.499537 0.005208 0.015741
0 0.370615 0.437963 0.004687 0.012963
0 0.375780 0.452778 0.003646 0.011111
0 0.289583 0.636111 0.004167 0.009259
0 0.295312 0.654630 0.006250 0.009259
0 0.299740 0.656944 0.004687 0.008333
0 0.302344 0.664815 0.005729 0.011111
0 0.304948 0.670833 0.003646 0.000185
0 0.307802 0.675000 0.003125 0.007407
0 0.293490 0.666204 0.004687 0.012037
0 0.298958 0.673148 0.004167 0.007407
0 0.302083 0.680481 0.004167 0.011111
0 0.307030 0.651389 0.004687 0.010185
0 0.369530 0.696759 0.004687 0.012037
0 0.370833 0.867593 0.004067 0.007407
0 0.376042 0.893980 0.008333 0.013889
0 0.522917 0.637500 0.005208 0.010185
0 0.523177 0.643519 0.004687 0.009259
