0 0.069853 0.297386 0.005882 0.024837
0 0.034559 0.332680 0.005882 0.022222
0 0.698897 0.301765 0.005147 0.022222
0 0.636765 0.305229 0.004402 0.019608
0 0.633824 0.290850 0.002940 0.016993
0 0.783088 0.266667 0.004402 0.018301
0 0.660294 0.237255 0.002940 0.011765
0 0.656985 0.235948 0.003676 0.009050
0 0.601765 0.294118 0.002941 0.018301
0 0.578676 0.289542 0.002940 0.019608
0 0.568382 0.297386 0.004402 0.016993
0 0.590809 0.290850 0.003676 0.006993
0 0.592279 0.290850 0.003676 0.006993
0 0.773529 0.260438 0.004412 0.015686
0 0.777940 0.260784 0.004412 0.014379
0 0.903603 0.330719 0.006618 0.026144
0 0.644485 0.235948 0.003676 0.001765
0 0.965440 0.337255 0.005882 0.023529
0 0.923897 0.298693 0.005047 0.016993
0 0.909485 0.297386 0.005147 0.016993
0 0.900294 0.284314 0.004412 0.016993
0 0.900103 0.284314 0.005147 0.016993
0 0.908750 0.264706 0.003676 0.011765
0 0.924632 0.262745 0.003676 0.008301
0 0.965440 0.264052 0.002941 0.013072
0 0.970588 0.263399 0.004402 0.014379
