0 0.291667 0.346759 0.005208 0.015741
0 0.303385 0.333796 0.003646 0.009444
0 0.300520 0.383796 0.004167 0.021296
0 0.302344 0.357870 0.003646 0.009444
0 0.307030 0.357870 0.003646 0.017593
0 0.307802 0.353241 0.002083 0.008333
0 0.294271 0.330556 0.004167 0.011111
0 0.300677 0.333796 0.003646 0.015741
0 0.227865 0.357407 0.003646 0.020370
0 0.250781 0.355556 0.002604 0.014815
0 0.274209 0.394907 0.003646 0.021296
0 0.270313 0.382407 0.004167 0.016667
0 0.247035 0.376852 0.003646 0.020370
0 0.243750 0.376389 0.004067 0.021296
0 0.242708 0.395833 0.004167 0.015741
0 0.255729 0.388889 0.004167 0.018519
0 0.260937 0.393519 0.005208 0.016667
0 0.248438 0.404167 0.004167 0.017593
0 0.254067 0.474074 0.005208 0.027778
0 0.207552 0.470833 0.006770 0.030556
0 0.204067 0.376852 0.005208 0.020370
0 0.095052 0.389815 0.004687 0.020370
0 0.205208 0.386011 0.004167 0.018519
0 0.206250 0.390667 0.003125 0.016667
0 0.220312 0.399074 0.006250 0.014815
0 0.230990 0.416667 0.004687 0.022222
0 0.217708 0.419444 0.005208 0.020370
0 0.071875 0.406481 0.006250 0.022222
0 0.059635 0.426389 0.005729 0.025000
0 0.052344 0.425926 0.005729 0.027778
0 0.053646 0.424074 0.005208 0.025926
0 0.076042 0.474074 0.006250 0.031481
0 0.069271 0.475000 0.007292 0.031481
0 0.002344 0.457870 0.006771 0.026852
0 0.032031 0.537037 0.008854 0.033333
0 0.038021 0.499537 0.006250 0.030556
0 0.047135 0.528704 0.008854 0.033333
0 0.082552 0.548601 0.006771 0.032407
0 0.085056 0.544444 0.010937 0.031481
0 0.072656 0.563426 0.008854 0.037963
0 0.049479 0.573601 0.009375 0.037963
0 0.067448 0.625000 0.023438 0.044444
0 0.080729 0.601852 0.009375 0.038889
0 0.036709 0.629630 0.009896 0.038889
0 0.066146 0.711111 0.014583 0.044444
0 0.011198 0.753704 0.018229 0.046296
0 0.554688 0.394907 0.004167 0.019444
0 0.521875 0.416667 0.006250 0.016667
0 0.517708 0.428704 0.005208 0.020370
0 0.538020 0.428241 0.005208 0.025000
0 0.542188 0.444444 0.005208 0.024074
0 0.550042 0.439352 0.005208 0.025000
0 0.550562 0.424537 0.004167 0.026852
0 0.573958 0.429630 0.006250 0.025926
0 0.577865 0.382870 0.003646 0.020296
0 0.583333 0.389805 0.003125 0.020370
0 0.587240 0.398048 0.003646 0.022222
0 0.577083 0.408333 0.004067 0.024074
0 0.580469 0.399074 0.003646 0.020370
0 0.572656 0.370833 0.002604 0.007593
0 0.570302 0.375463 0.003125 0.021296
0 0.568750 0.386111 0.004167 0.016667
0 0.562240 0.376852 0.003646 0.018519
0 0.560056 0.372685 0.003646 0.021296
0 0.567087 0.488426 0.005208 0.025000
0 0.584635 0.486011 0.005729 0.027778
0 0.587760 0.448048 0.004687 0.025926
0 0.593490 0.449074 0.005729 0.027778
0 0.597035 0.437037 0.004687 0.024074
0 0.602604 0.433333 0.004067 0.024074
0 0.605990 0.433796 0.003646 0.023048
0 0.581510 0.421759 0.004687 0.021296
0 0.588281 0.417130 0.004687 0.021296
0 0.592708 0.415741 0.003125 0.016667
0 0.594000 0.410185 0.003646 0.020370
0 0.640406 0.476389 0.005729 0.026852
0 0.625520 0.499537 0.005208 0.030556
0 0.647917 0.531944 0.008333 0.030556
0 0.597656 0.487963 0.005729 0.025926
0 0.605625 0.476852 0.007292 0.029630
0 0.610938 0.486574 0.006250 0.028704
0 0.628385 0.540741 0.006771 0.031481
0 0.693490 0.505093 0.007812 0.026852
0 0.694792 0.620370 0.006250 0.029630
0 0.687500 0.601574 0.009375 0.043519
0 0.679688 0.603889 0.006250 0.038889
0 0.657552 0.595833 0.010937 0.030556
0 0.695833 0.647685 0.010417 0.039815
0 0.681771 0.666667 0.010417 0.038889
0 0.683333 0.651852 0.009375 0.033333
0 0.664844 0.747685 0.008854 0.049074
0 0.783073 0.560574 0.005729 0.036111
0 0.820302 0.550926 0.010417 0.037037
0 0.853646 0.569907 0.011458 0.026852
0 0.847035 0.718519 0.007812 0.044444
0 0.962240 0.754067 0.017188 0.060185
0 0.985056 0.920370 0.014063 0.068519
