0 0.550000 0.766667 0.010417 0.037037
0 0.404167 0.696759 0.010417 0.034259
0 0.422917 0.693056 0.010417 0.030556
0 0.422656 0.700926 0.011979 0.037037
0 0.520312 0.709259 0.009375 0.029630
0 0.538802 0.712037 0.008854 0.031481
0 0.541146 0.666204 0.008333 0.032407
0 0.520312 0.633796 0.009375 0.023148
0 0.519792 0.637963 0.009375 0.027778
0 0.407292 0.584259 0.007292 0.025926
0 0.478385 0.508333 0.006771 0.020370
0 0.492969 0.464352 0.006771 0.019444
0 0.489583 0.466667 0.005208 0.014815
0 0.504167 0.432870 0.004167 0.012037
0 0.509375 0.434259 0.005208 0.014815
0 0.508854 0.435648 0.005208 0.015741
0 0.515625 0.459259 0.006250 0.014815
0 0.532292 0.407870 0.003025 0.019444
0 0.536098 0.406481 0.003646 0.018519
0 0.530729 0.406944 0.003125 0.019444
0 0.519010 0.397685 0.003646 0.012037
0 0.517188 0.381944 0.004167 0.013889
0 0.521354 0.387037 0.004167 0.016667
0 0.453646 0.356019 0.004167 0.012037
0 0.850000 0.887963 0.003542 0.051852
0 0.840365 0.911111 0.014063 0.037037
0 0.830469 0.923611 0.014063 0.030556
0 0.821615 0.901852 0.011979 0.025926
0 0.804948 0.904167 0.011979 0.025000
0 0.813281 0.918056 0.016146 0.041667
0 0.769270 0.746296 0.014583 0.044444
0 0.775781 0.756944 0.014063 0.037963
0 0.485417 0.334259 0.003125 0.012963
0 0.496094 0.337963 0.002604 0.011111
