0 0.543382 0.485620 0.014706 0.074510
0 0.500103 0.488235 0.011029 0.066667
0 0.514338 0.514379 0.018382 0.056209
0 0.516176 0.730065 0.023529 0.071895
0 0.518750 0.655556 0.016912 0.069281
0 0.514706 0.594118 0.013235 0.069281
0 0.524265 0.962092 0.029412 0.073203
0 0.378676 0.203725 0.008824 0.053595
0 0.397426 0.245098 0.013971 0.043137
0 0.372059 0.228105 0.010294 0.040523
0 0.558088 0.160131 0.008824 0.048366
0 0.575368 0.167974 0.009559 0.040523
0 0.593750 0.170588 0.008088 0.045752
0 0.635662 0.015686 0.011029 0.031373
0 0.905074 0.596078 0.031618 0.083660
0 0.969018 0.721569 0.030882 0.091503
0 0.986765 0.658170 0.022059 0.090196
