0 0.558073 0.369907 0.003646 0.007593
0 0.495833 0.356944 0.005208 0.026852
0 0.500260 0.359259 0.004687 0.022222
0 0.489583 0.340740 0.005208 0.020370
0 0.408750 0.433333 0.005208 0.033333
0 0.540146 0.396296 0.005208 0.027778
0 0.265625 0.420296 0.011458 0.042593
0 0.284635 0.407407 0.006770 0.037037
0 0.300260 0.407407 0.007802 0.040741
0 0.328385 0.457870 0.009896 0.036111
0 0.260937 0.392030 0.006250 0.030556
0 0.280510 0.394444 0.006771 0.025926
0 0.299209 0.393056 0.005729 0.025000
0 0.794270 0.491667 0.012500 0.053704
0 0.896094 0.358333 0.005729 0.008519
0 0.893750 0.374537 0.005208 0.020296
0 0.884375 0.377778 0.005208 0.024074
0 0.877604 0.376389 0.005208 0.020296
0 0.878646 0.394907 0.005208 0.025000
0 0.883854 0.397685 0.005208 0.023048
0 0.877604 0.444444 0.009375 0.037037
0 0.865625 0.466667 0.007292 0.038889
0 0.858333 0.482407 0.008333 0.042593
0 0.894271 0.508796 0.015625 0.028704
0 0.895312 0.500926 0.014583 0.033333
0 0.893750 0.565740 0.017708 0.053704
0 0.879687 0.628240 0.017708 0.071296
0 0.862240 0.626389 0.006146 0.071296
0 0.844270 0.573611 0.013542 0.065741
0 0.869531 0.589352 0.015104 0.052778
0 0.676823 0.723148 0.015104 0.077778
0 0.102865 0.609722 0.017188 0.071296
0 0.045302 0.586111 0.016667 0.061111
0 0.199740 0.569444 0.016146 0.053704
0 0.258073 0.552778 0.016146 0.048148
0 0.290625 0.533333 0.017708 0.051852
0 0.591927 0.357870 0.004687 0.021296
0 0.599479 0.356481 0.006250 0.016667
0 0.770052 0.461111 0.008854 0.037037
0 0.783333 0.461574 0.008333 0.032407
0 0.787760 0.449074 0.009896 0.031481
0 0.786979 0.422222 0.009375 0.029630
0 0.818490 0.383333 0.007812 0.016667
