0 0.500417 0.399537 0.005208 0.019444
0 0.495833 0.399074 0.004067 0.018519
0 0.774209 0.774074 0.015104 0.075926
0 0.720354 0.641667 0.009375 0.055556
0 0.690406 0.553241 0.013021 0.045370
0 0.570052 0.420370 0.005729 0.016667
0 0.575260 0.422222 0.004687 0.012963
0 0.573438 0.430556 0.004167 0.016667
0 0.562500 0.412963 0.005208 0.018519
0 0.576042 0.403240 0.005208 0.019444
0 0.360198 0.378704 0.003646 0.016667
0 0.365885 0.385648 0.003646 0.007593
0 0.365004 0.379167 0.004167 0.015741
0 0.379067 0.391204 0.006250 0.015741
0 0.396354 0.454630 0.005208 0.018519
0 0.413021 0.453241 0.005208 0.019444
0 0.438021 0.412963 0.004167 0.014815
0 0.434635 0.418981 0.004687 0.017593
0 0.444271 0.429167 0.004167 0.017593
0 0.435937 0.431944 0.005208 0.017593
0 0.426042 0.436574 0.005208 0.019444
0 0.430729 0.436574 0.005208 0.017593
0 0.428646 0.429167 0.004167 0.015741
0 0.369270 0.436574 0.004167 0.021296
0 0.359896 0.435085 0.005208 0.025926
0 0.363802 0.434259 0.003646 0.025926
0 0.339323 0.438889 0.006770 0.027778
0 0.300677 0.470370 0.007812 0.031481
0 0.326562 0.461574 0.005208 0.025000
0 0.334635 0.529630 0.007802 0.040741
0 0.351302 0.542130 0.006771 0.030556
0 0.223077 0.524074 0.008854 0.042593
0 0.230771 0.523611 0.007292 0.043519
0 0.237240 0.525926 0.008854 0.035085
0 0.251042 0.510185 0.008333 0.031481
0 0.049209 0.580093 0.014063 0.052778
0 0.071094 0.553704 0.013021 0.025926
0 0.086979 0.547685 0.014583 0.028704
0 0.102604 0.544444 0.010417 0.029630
0 0.104167 0.744444 0.015625 0.066667
0 0.007552 0.836111 0.014063 0.083333
0 0.219271 0.740278 0.013542 0.062037
0 0.627604 0.493980 0.005208 0.032407
0 0.624209 0.494907 0.005729 0.032407
0 0.584635 0.531944 0.007812 0.030556
0 0.605208 0.412963 0.005208 0.014815
0 0.595052 0.404167 0.005729 0.013889
0 0.547396 0.387500 0.003025 0.017593
0 0.541927 0.375926 0.002604 0.007407
0 0.544271 0.379167 0.003125 0.010185
0 0.226302 0.448601 0.006771 0.030556
0 0.209896 0.459722 0.007292 0.036011
0 0.292448 0.400648 0.004687 0.021296
0 0.288020 0.412037 0.004167 0.027778
0 0.282292 0.404815 0.003125 0.022222
0 0.287240 0.400463 0.004687 0.023048
0 0.284015 0.401852 0.003646 0.022222
0 0.459115 0.387963 0.003646 0.011111
0 0.465885 0.382407 0.003646 0.011111
