0 0.798529 0.656863 0.014706 0.037908
0 0.779044 0.630373 0.012500 0.036601
0 0.786029 0.628758 0.008824 0.039206
0 0.793382 0.622222 0.001765 0.039216
0 0.796690 0.617647 0.008088 0.037908
0 0.824265 0.630065 0.008824 0.044444
0 0.807353 0.605033 0.010294 0.037908
0 0.786397 0.601765 0.006618 0.033987
0 0.781618 0.604575 0.005882 0.016993
0 0.764706 0.626797 0.008824 0.037908
0 0.760294 0.623529 0.005882 0.028758
0 0.770956 0.609804 0.001029 0.037908
0 0.747426 0.609608 0.009559 0.039216
0 0.752574 0.596078 0.009559 0.039206
0 0.759091 0.597386 0.006618 0.026144
0 0.740544 0.594118 0.009559 0.035294
0 0.725735 0.577024 0.008824 0.040523
0 0.704706 0.562745 0.011765 0.043137
0 0.753676 0.568627 0.008824 0.030373
0 0.725735 0.532026 0.007353 0.030373
0 0.720324 0.525490 0.008824 0.033987
0 0.702868 0.519608 0.009559 0.032680
0 0.706250 0.507647 0.011029 0.036601
0 0.699265 0.527450 0.005882 0.022222
0 0.694485 0.522876 0.008088 0.033987
0 0.690176 0.501307 0.007353 0.024837
0 0.685294 0.494018 0.008824 0.033987
0 0.507647 0.688235 0.010294 0.030065
0 0.523897 0.685620 0.012500 0.040523
0 0.344018 0.629412 0.010294 0.043137
0 0.429779 0.535948 0.008088 0.040830
0 0.573062 0.549673 0.009559 0.040523
0 0.553309 0.530065 0.009559 0.022222
0 0.554044 0.523529 0.009559 0.027451
0 0.429044 0.447059 0.008088 0.020915
0 0.340176 0.462745 0.007353 0.031373
0 0.305505 0.515686 0.008088 0.037908
0 0.420588 0.349020 0.005882 0.020915
0 0.379044 0.222222 0.005047 0.020915
0 0.420324 0.169281 0.004412 0.016993
0 0.373062 0.159477 0.005147 0.015686
0 0.407721 0.134641 0.005147 0.010458
