0 0.130208 0.885185 0.086458 0.190741
0 0.625781 0.935648 0.073438 0.128704
0 0.927865 0.909444 0.071354 0.161111
0 0.439062 0.529167 0.004167 0.025000
0 0.420833 0.543981 0.008333 0.023148
0 0.654427 0.790741 0.032813 0.157407
0 0.640365 0.675000 0.020303 0.112963
0 0.622035 0.667593 0.021354 0.114815
0 0.606927 0.665741 0.015104 0.098148
0 0.596094 0.681481 0.022396 0.092593
0 0.569792 0.624074 0.017708 0.053704
0 0.574479 0.598148 0.017708 0.044444
0 0.539062 0.567130 0.014583 0.030556
0 0.505104 0.532407 0.005208 0.025926
0 0.520573 0.537500 0.007812 0.023148
0 0.528125 0.553704 0.006250 0.025926
0 0.545052 0.558796 0.009896 0.036111
0 0.539323 0.546759 0.005729 0.023148
0 0.534635 0.547685 0.006770 0.030556
0 0.546094 0.549537 0.005729 0.025000
