0 0.244018 0.216993 0.016176 0.049673
0 0.240440 0.143791 0.008824 0.041830
0 0.081618 0.096078 0.008824 0.045752
0 0.082353 0.101307 0.008824 0.035294
0 0.020221 0.429412 0.019853 0.048366
0 0.043005 0.419608 0.022794 0.052288
0 0.012132 0.407843 0.015441 0.065359
0 0.096324 0.471895 0.016176 0.062745
0 0.006250 0.664706 0.027206 0.071895
0 0.053676 0.774500 0.026471 0.077124
0 0.072426 0.764706 0.028676 0.075807
0 0.003676 0.801961 0.025000 0.074510
0 0.096690 0.838562 0.019853 0.056209
0 0.080147 0.783660 0.032353 0.066667
0 0.079412 0.766013 0.019118 0.052288
0 0.400103 0.492157 0.019853 0.066667
0 0.375000 0.401111 0.017647 0.061438
0 0.460294 0.447702 0.019118 0.058824
0 0.522426 0.338562 0.005441 0.057516
0 0.503676 0.304379 0.014706 0.050980
0 0.497794 0.262745 0.008824 0.060031
0 0.508382 0.203922 0.008824 0.052288
0 0.520324 0.198693 0.007353 0.052288
0 0.462032 0.132026 0.009559 0.049673
0 0.453676 0.036601 0.007353 0.048366
0 0.340176 0.132026 0.010294 0.047059
0 0.340809 0.027451 0.006618 0.050980
0 0.568005 0.062745 0.008088 0.033987
0 0.575735 0.050327 0.008824 0.040523
0 0.708824 0.013725 0.008824 0.033987
0 0.708456 0.003268 0.009559 0.039216
0 0.746324 0.090503 0.008824 0.039216
0 0.742647 0.087582 0.007353 0.036600
0 0.743750 0.095425 0.003676 0.030373
0 0.709118 0.313725 0.017647 0.047059
0 0.863235 0.322876 0.014706 0.031373
0 0.889338 0.332680 0.009853 0.053595
0 0.894018 0.327451 0.016176 0.053595
0 0.983824 0.292800 0.016176 0.060131
0 0.599632 0.347702 0.012500 0.052288
0 0.804402 0.898693 0.035294 0.064052
