0 0.129044 0.713725 0.009559 0.041830
0 0.339338 0.668627 0.011029 0.040523
0 0.739706 0.733987 0.013235 0.043137
0 0.555882 0.531373 0.008824 0.032680
0 0.623062 0.742484 0.015441 0.062745
0 0.640176 0.752288 0.011765 0.035294
0 0.777206 0.930373 0.013235 0.064052
0 0.786765 0.790503 0.008824 0.056209
0 0.595588 0.534640 0.008824 0.044444
0 0.579779 0.525490 0.009559 0.039206
0 0.560029 0.467320 0.007353 0.040523
0 0.530985 0.675817 0.011029 0.049673
0 0.286765 0.558070 0.008824 0.044444
0 0.269853 0.552288 0.003235 0.043137
0 0.098897 0.452941 0.008088 0.024837
0 0.668005 0.196078 0.005147 0.020915
0 0.673897 0.098039 0.006618 0.019608
0 0.767647 0.375063 0.005882 0.036601
0 0.507721 0.176471 0.005147 0.018301
0 0.203971 0.417647 0.010294 0.045752
0 0.656608 0.525490 0.010294 0.052288
0 0.323897 0.294018 0.005147 0.028758
0 0.320956 0.294770 0.006618 0.035294
0 0.224632 0.079085 0.008088 0.023529
0 0.306176 0.286928 0.005882 0.027451
0 0.301397 0.284967 0.005147 0.031373
0 0.063235 0.220915 0.005882 0.026144
0 0.433824 0.182353 0.005882 0.016993
0 0.565441 0.448366 0.010294 0.036601
0 0.665809 0.033333 0.005147 0.018301
0 0.659091 0.133333 0.003676 0.020915
0 0.674265 0.040523 0.004412 0.016993
0 0.652940 0.136601 0.005882 0.030065
