0 0.362032 0.179085 0.006618 0.013072
0 0.420588 0.181046 0.005882 0.009150
0 0.503971 0.269935 0.005882 0.011765
0 0.506544 0.288889 0.005147 0.010458
0 0.521691 0.250327 0.005147 0.014379
0 0.509559 0.449673 0.005882 0.010458
0 0.406912 0.304575 0.004412 0.013072
0 0.448897 0.544444 0.006618 0.011765
0 0.403235 0.711111 0.005882 0.007843
0 0.390074 0.843037 0.003676 0.015686
0 0.382720 0.845098 0.005147 0.009150
0 0.518382 0.628758 0.004412 0.010458
0 0.540441 0.900654 0.005882 0.010458
0 0.898062 0.668627 0.008088 0.006536
0 0.760765 0.991503 0.008824 0.009150
0 0.600471 0.981046 0.007353 0.011765
0 0.606985 0.975807 0.005147 0.011765
0 0.605505 0.879739 0.003676 0.010458
