0 0.469270 0.688889 0.011458 0.062963
0 0.539062 0.640667 0.013542 0.061111
0 0.532292 0.545370 0.002500 0.042593
0 0.624479 0.470296 0.011458 0.046296
0 0.766667 0.545370 0.000417 0.050000
0 0.798438 0.552778 0.003542 0.035185
0 0.825000 0.570370 0.002500 0.048148
0 0.853025 0.578704 0.010417 0.053704
0 0.666046 0.798148 0.017708 0.070370
0 0.627604 0.763889 0.001458 0.053704
0 0.627604 0.807407 0.001458 0.051852
0 0.630208 0.826852 0.008333 0.035085
0 0.608333 0.806667 0.008333 0.033333
0 0.570302 0.858333 0.011458 0.053704
0 0.571354 0.753704 0.011458 0.037037
0 0.564063 0.757407 0.009375 0.022222
0 0.535937 0.859259 0.007708 0.062963
0 0.547907 0.842593 0.012500 0.051852
0 0.539062 0.823048 0.009375 0.038889
0 0.904062 0.745370 0.013542 0.064815
0 0.897396 0.745370 0.001458 0.061111
0 0.932802 0.675000 0.021875 0.064815
0 0.963542 0.629630 0.002500 0.055556
0 0.947907 0.616667 0.016667 0.059259
0 0.708333 0.530556 0.000417 0.038889
0 0.709271 0.379630 0.009375 0.040741
0 0.839062 0.380556 0.001458 0.038889
0 0.883333 0.407593 0.008333 0.046296
0 0.871875 0.410185 0.014583 0.042593
0 0.950521 0.432407 0.011458 0.031481
0 0.983333 0.445370 0.010417 0.035185
0 0.968750 0.428704 0.012500 0.031481
0 0.966667 0.405556 0.000417 0.040741
0 0.956250 0.396296 0.002500 0.044444
0 0.642088 0.362963 0.013542 0.033333
0 0.286979 0.500185 0.009375 0.042593
0 0.282803 0.506481 0.009375 0.035185
0 0.355729 0.392593 0.001458 0.040741
0 0.305104 0.398148 0.009375 0.037037
0 0.307708 0.387037 0.010417 0.033333
0 0.522917 0.426852 0.012500 0.027778
0 0.492088 0.384259 0.007292 0.035185
0 0.486458 0.381481 0.008333 0.033333
0 0.698958 0.411111 0.010417 0.029630
0 0.205104 0.439815 0.013542 0.038889
0 0.202083 0.437963 0.008333 0.035185
0 0.050000 0.450926 0.014583 0.035185
0 0.081771 0.547222 0.011458 0.031481
0 0.123437 0.532407 0.013542 0.031481
0 0.134375 0.525000 0.014583 0.027778
