0 0.540441 0.483007 0.016176 0.050980
0 0.842647 0.422222 0.001765 0.041830
0 0.857353 0.438562 0.006176 0.056209
0 0.923897 0.087582 0.009559 0.033987
0 0.890074 0.005229 0.005147 0.035294
0 0.847794 0.083007 0.005882 0.030065
0 0.708015 0.071895 0.003676 0.026144
0 0.724632 0.069280 0.005147 0.020915
0 0.405882 0.037255 0.004402 0.030065
0 0.400294 0.034641 0.004412 0.027451
0 0.408824 0.088235 0.007353 0.027451
0 0.412868 0.090850 0.006618 0.022222
0 0.016912 0.083660 0.008824 0.033987
0 0.062500 0.040830 0.008824 0.028758
0 0.148162 0.281046 0.012500 0.033987
0 0.053676 0.052288 0.005882 0.033987
0 0.012868 0.021569 0.008088 0.027451
0 0.235294 0.042484 0.005882 0.030065
0 0.275000 0.076470 0.007353 0.030065
0 0.270588 0.073856 0.007353 0.030065
0 0.270956 0.003072 0.005147 0.026144
0 0.267279 0.043791 0.006618 0.022222
0 0.270221 0.045752 0.005147 0.026144
0 0.287032 0.021569 0.005147 0.027451
0 0.302940 0.021569 0.004412 0.027451
0 0.293005 0.022222 0.005147 0.026144
