0 0.806608 0.465359 0.014706 0.049673
0 0.204706 0.347059 0.010294 0.040523
0 0.338235 0.074510 0.007353 0.030065
0 0.092647 0.408497 0.010294 0.040523
0 0.282720 0.815686 0.016912 0.070588
0 0.558456 0.487582 0.001029 0.044444
0 0.233824 0.298039 0.005882 0.023529
0 0.360397 0.201307 0.008088 0.018301
0 0.076470 0.300654 0.008824 0.033987
0 0.520324 0.145098 0.002941 0.018301
0 0.529044 0.043791 0.005147 0.026144
0 0.201397 0.130719 0.006618 0.023529
0 0.420956 0.050634 0.003676 0.014379
0 0.408382 0.043137 0.002941 0.013072
