0 0.307647 0.661438 0.005882 0.013072
0 0.334091 0.565359 0.008088 0.011765
0 0.386765 0.808301 0.008824 0.020915
0 0.266544 0.436600 0.006618 0.018301
0 0.060294 0.403922 0.007353 0.007843
0 0.037868 0.406993 0.008088 0.007843
0 0.036029 0.400458 0.008824 0.007843
0 0.038603 0.400654 0.009559 0.009050
0 0.040809 0.390503 0.009559 0.009150
0 0.048897 0.395425 0.008088 0.009050
0 0.432353 0.821569 0.008824 0.014379
0 0.556985 0.627451 0.006618 0.015686
0 0.326470 0.190850 0.004412 0.015686
0 0.388235 0.063399 0.005882 0.006993
0 0.382353 0.060784 0.004402 0.014379
0 0.608824 0.006340 0.005882 0.030065
0 0.615074 0.032026 0.005147 0.019608
