0 0.364338 0.208301 0.008088 0.031373
0 0.474632 0.066667 0.003676 0.024837
0 0.470324 0.162745 0.005882 0.027451
0 0.443750 0.062092 0.006618 0.026144
0 0.502132 0.147059 0.005147 0.016993
0 0.460397 0.116993 0.005147 0.019608
0 0.456985 0.015686 0.003676 0.016993
0 0.452206 0.015686 0.004412 0.019608
0 0.465809 0.096732 0.003676 0.008301
0 0.460662 0.000000 0.003676 0.016993
0 0.582720 0.247059 0.008088 0.033987
0 0.409559 0.354248 0.000294 0.041830
0 0.602206 0.228005 0.007353 0.032680
0 0.639706 0.342484 0.007353 0.044444
0 0.494018 0.076471 0.002941 0.011765
0 0.578309 0.705686 0.015441 0.087582
0 0.320691 0.866667 0.030147 0.099346
0 0.098062 0.560784 0.024265 0.073203
0 0.025368 0.847059 0.016912 0.065359
0 0.006250 0.827451 0.027206 0.086275
0 0.090176 0.856863 0.020588 0.105882
0 0.020324 0.846405 0.027941 0.098039
