0 0.405147 0.523529 0.008824 0.030065
0 0.061765 0.722222 0.013235 0.035294
0 0.501397 0.586928 0.011029 0.036601
0 0.548162 0.892157 0.012500 0.043137
0 0.576103 0.948366 0.013971 0.043137
0 0.900368 0.896732 0.008088 0.020915
0 0.929412 0.905882 0.011765 0.028758
0 0.917279 0.935294 0.016912 0.037908
0 0.937132 0.935294 0.013971 0.045752
0 0.642279 0.515686 0.008088 0.027451
0 0.650735 0.513072 0.005882 0.035294
0 0.680515 0.407843 0.008088 0.023529
0 0.682721 0.339869 0.009559 0.015686
0 0.554779 0.089542 0.003676 0.009608
0 0.553309 0.075063 0.003676 0.022222
0 0.425735 0.038562 0.004402 0.019608
0 0.430882 0.039206 0.002941 0.023529
0 0.435294 0.038562 0.002940 0.022222
0 0.005441 0.052288 0.002941 0.015686
0 0.009118 0.054902 0.004412 0.018301
0 0.022794 0.055556 0.004402 0.019608
0 0.029779 0.056209 0.005047 0.018301
0 0.037500 0.049020 0.005882 0.009608
0 0.025000 0.039206 0.007353 0.020915
0 0.835662 0.238562 0.009559 0.022222
0 0.843005 0.239869 0.006618 0.022222
0 0.836765 0.250327 0.004402 0.019608
0 0.840440 0.252288 0.004412 0.020915
0 0.859926 0.233987 0.003676 0.008301
0 0.868382 0.234640 0.007353 0.024837
0 0.877574 0.230373 0.006618 0.020915
0 0.880882 0.237255 0.005882 0.024837
0 0.930882 0.230709 0.008824 0.030065
0 0.936029 0.226797 0.008824 0.030065
0 0.935662 0.203725 0.005147 0.030065
0 0.946690 0.162092 0.006618 0.023529
