0 0.468750 0.905556 0.012500 0.055556
0 0.568229 0.830556 0.013542 0.046296
0 0.563021 0.729630 0.013542 0.037037
0 0.562500 0.716667 0.010417 0.033333
0 0.526042 0.635185 0.008333 0.033333
0 0.544271 0.593519 0.007292 0.027778
0 0.532292 0.501852 0.006250 0.022222
0 0.525521 0.486111 0.005208 0.020370
0 0.531771 0.450926 0.005208 0.016667
0 0.523958 0.437037 0.004167 0.014815
0 0.508854 0.434259 0.003125 0.012963
0 0.508854 0.429630 0.005208 0.014815
0 0.487500 0.442593 0.004167 0.014815
0 0.468229 0.458333 0.005208 0.016667
0 0.498958 0.393519 0.004167 0.012963
0 0.511979 0.413889 0.003125 0.012963
0 0.545302 0.635185 0.007292 0.040741
