0 0.066544 0.072549 0.011029 0.033987
0 0.013603 0.789542 0.019853 0.070588
0 0.041544 0.868627 0.013971 0.050980
0 0.051471 0.856863 0.008824 0.056209
0 0.277574 0.905229 0.018382 0.069281
0 0.862868 0.823529 0.013971 0.065359
0 0.677941 0.669281 0.008824 0.060131
0 0.539706 0.097386 0.007353 0.037908
0 0.733088 0.389542 0.008824 0.039216
0 0.900000 0.729402 0.017647 0.060131
0 0.882353 0.643037 0.013235 0.065359
0 0.980618 0.763399 0.017647 0.067974
0 0.972794 0.650634 0.016176 0.058824
0 0.956608 0.616993 0.011765 0.067974
0 0.763603 0.549020 0.002500 0.049673
0 0.768005 0.566667 0.008088 0.045752
0 0.720588 0.266003 0.005882 0.050980
0 0.694018 0.244444 0.004412 0.036601
0 0.690809 0.420905 0.009559 0.049673
0 0.708088 0.385620 0.008824 0.044444
0 0.806985 0.394770 0.011029 0.054902
0 0.908015 0.665359 0.013971 0.062745
0 0.945956 0.680046 0.011029 0.070588
0 0.982720 0.572549 0.015441 0.054902
0 0.936765 0.543037 0.013235 0.061438
0 0.846690 0.761438 0.018382 0.095425
0 0.825368 0.768627 0.005441 0.067974
0 0.342279 0.026144 0.005147 0.028758
0 0.303235 0.073203 0.005882 0.026144
