0 0.428385 0.360574 0.005729 0.026852
0 0.348438 0.302315 0.006250 0.019444
0 0.966406 0.502963 0.010937 0.038889
0 0.923438 0.437500 0.008333 0.032407
0 0.836458 0.387500 0.009375 0.032407
0 0.744530 0.344444 0.006771 0.029630
0 0.795833 0.284722 0.006250 0.032407
0 0.675260 0.043056 0.004687 0.021296
0 0.680208 0.042130 0.003125 0.017593
0 0.682803 0.139352 0.004167 0.019444
0 0.725260 0.053704 0.006771 0.022222
0 0.707708 0.182407 0.006250 0.024074
0 0.703542 0.185648 0.004167 0.013889
0 0.608490 0.095370 0.004687 0.020370
0 0.576562 0.006204 0.003125 0.015741
0 0.582802 0.022222 0.003125 0.016667
0 0.086719 0.135185 0.004687 0.020370
0 0.091667 0.132407 0.005208 0.020370
0 0.005208 0.259259 0.005208 0.024074
0 0.372396 0.078240 0.004167 0.019444
