0 0.447907 0.759259 0.006250 0.035185
0 0.302760 0.675463 0.005729 0.025000
0 0.308854 0.660574 0.006250 0.028704
0 0.302240 0.656481 0.003646 0.027778
0 0.305625 0.649537 0.005208 0.026852
0 0.324479 0.639805 0.005208 0.027778
0 0.272035 0.768519 0.005729 0.035185
0 0.277865 0.742593 0.004687 0.035085
0 0.280208 0.745833 0.005208 0.026852
0 0.545573 0.582407 0.003646 0.008519
0 0.550000 0.583796 0.004067 0.019444
0 0.556770 0.597222 0.003125 0.016667
0 0.559015 0.599537 0.003646 0.019444
0 0.567087 0.618981 0.005208 0.025000
0 0.579427 0.626389 0.005729 0.025000
0 0.595052 0.660648 0.006771 0.025000
0 0.460056 0.764352 0.004687 0.036111
0 0.462760 0.760085 0.005729 0.035185
0 0.460677 0.755556 0.005729 0.037037
0 0.656500 0.778704 0.006771 0.038889
0 0.646875 0.764352 0.006250 0.036011
0 0.644270 0.764815 0.006250 0.025926
