0 0.480882 0.626144 0.007353 0.018301
0 0.459191 0.571895 0.006618 0.011765
0 0.498162 0.581699 0.008088 0.015686
0 0.496324 0.532680 0.007353 0.014379
0 0.514338 0.535948 0.006618 0.010458
0 0.519118 0.528758 0.005882 0.014379
0 0.522794 0.537255 0.005882 0.013072
0 0.534191 0.548366 0.006618 0.011765
0 0.530515 0.521569 0.006618 0.015686
0 0.559926 0.515033 0.005147 0.013072
0 0.530515 0.494771 0.005147 0.014379
0 0.609853 0.599346 0.005882 0.019608
0 0.707720 0.562745 0.008088 0.019608
0 0.623062 0.550327 0.005147 0.020915
0 0.192279 0.920915 0.015441 0.035294
0 0.227940 0.882353 0.010294 0.036601
0 0.388971 0.521569 0.004412 0.018301
0 0.428676 0.480699 0.005882 0.019608
