0 0.665809 0.769280 0.015441 0.061438
0 0.586765 0.350634 0.008824 0.036601
0 0.570588 0.290503 0.007353 0.026144
0 0.492647 0.280046 0.005882 0.023529
0 0.568750 0.204379 0.006618 0.026144
0 0.574265 0.001961 0.002941 0.020915
0 0.580047 0.103922 0.002941 0.019608
0 0.563235 0.098693 0.002940 0.014379
0 0.490074 0.096732 0.003676 0.000458
0 0.563603 0.080392 0.003676 0.006993
0 0.578309 0.005229 0.003676 0.016993
0 0.584559 0.094770 0.002941 0.016993
0 0.576003 0.073203 0.003676 0.020915
0 0.573062 0.064052 0.003676 0.018301
0 0.562500 0.009608 0.002941 0.015686
