0 0.983456 0.604379 0.016912 0.078431
0 0.972426 0.677778 0.005441 0.069281
0 0.990440 0.662745 0.014706 0.075817
0 0.870588 0.625490 0.006176 0.074510
0 0.856985 0.626044 0.016912 0.075817
0 0.848529 0.756863 0.023529 0.086275
0 0.720324 0.721569 0.023529 0.081046
0 0.296690 0.814379 0.024265 0.107190
0 0.396690 0.264706 0.008088 0.037908
0 0.407279 0.147712 0.003676 0.023529
0 0.420956 0.143791 0.003676 0.013072
0 0.422059 0.165359 0.004412 0.019608
0 0.415809 0.205229 0.005147 0.023529
0 0.405515 0.229412 0.006618 0.027451
0 0.427206 0.275163 0.010294 0.030065
0 0.413603 0.295425 0.008088 0.026144
0 0.413603 0.292810 0.008088 0.026144
0 0.345588 0.834641 0.022059 0.074510
0 0.347426 0.825490 0.025735 0.079739
0 0.200662 0.971895 0.015441 0.053595
0 0.379044 0.024183 0.005147 0.018301
