0 0.841912 0.196732 0.017647 0.048366
0 0.535294 0.047712 0.011765 0.043137
0 0.529779 0.035294 0.008088 0.044444
0 0.535294 0.026044 0.007353 0.041830
0 0.544853 0.034640 0.008824 0.048366
0 0.557353 0.056863 0.001765 0.048366
0 0.574265 0.056863 0.008824 0.037908
0 0.580250 0.049673 0.008088 0.041830
0 0.585662 0.062092 0.001029 0.050980
0 0.578309 0.069280 0.006618 0.036601
0 0.597426 0.067320 0.008088 0.048366
0 0.600294 0.060131 0.011765 0.047059
0 0.609926 0.079085 0.001029 0.040523
0 0.609091 0.095425 0.008088 0.018301
0 0.607279 0.088235 0.009559 0.053595
0 0.645220 0.047059 0.009559 0.052288
0 0.666076 0.053595 0.011765 0.047059
0 0.652940 0.043791 0.011765 0.045752
0 0.680882 0.052288 0.000294 0.049673
0 0.507720 0.058824 0.012500 0.049673
0 0.507647 0.105882 0.008824 0.044444
0 0.525368 0.004575 0.011029 0.052288
0 0.559091 0.148366 0.012500 0.058824
0 0.505047 0.139869 0.008824 0.033987
0 0.497426 0.033987 0.012500 0.053595
0 0.459559 0.048366 0.013235 0.036601
0 0.386765 0.131373 0.013235 0.056209
0 0.400000 0.267974 0.006176 0.065359
0 0.403603 0.277778 0.015441 0.045752
0 0.425735 0.343790 0.011765 0.065359
0 0.399632 0.514379 0.016912 0.050980
0 0.412132 0.514379 0.021324 0.053595
0 0.642647 0.284314 0.019118 0.050980
0 0.209118 0.816993 0.016176 0.078431
0 0.236397 0.808301 0.024265 0.073203
0 0.238235 0.782353 0.025000 0.074500
0 0.209118 0.752941 0.025000 0.081046
0 0.266076 0.767320 0.022059 0.081046
0 0.259091 0.704575 0.022794 0.062745
0 0.171324 0.144444 0.016176 0.032680
0 0.174632 0.134641 0.016912 0.031373
0 0.216544 0.107843 0.015441 0.035294
0 0.219853 0.091503 0.013235 0.036601
