0 0.050735 0.684967 0.025000 0.083660
0 0.065074 0.655556 0.021324 0.043137
0 0.045956 0.659477 0.021324 0.043137
0 0.040809 0.662092 0.021324 0.043137
0 0.543005 0.510458 0.016912 0.071895
0 0.637868 0.698693 0.006912 0.079739
0 0.660397 0.703922 0.019853 0.082353
0 0.905441 0.822876 0.023529 0.079739
0 0.658456 0.853595 0.020324 0.094118
0 0.669485 0.847702 0.021324 0.092810
0 0.646690 0.652288 0.013971 0.041830
0 0.533824 0.641830 0.019118 0.060131
0 0.740544 0.476471 0.013971 0.064052
0 0.725000 0.432680 0.011765 0.028758
0 0.933824 0.452288 0.006176 0.057516
0 0.962868 0.427450 0.018382 0.057516
0 0.065440 0.469281 0.020588 0.067974
0 0.057720 0.464052 0.015441 0.060131
0 0.454779 0.430065 0.009559 0.039216
0 0.453676 0.419608 0.016176 0.047059
0 0.413603 0.354902 0.012500 0.045752
0 0.433088 0.321569 0.011765 0.039216
0 0.425000 0.285621 0.011765 0.032680
0 0.213603 0.363399 0.012500 0.031373
0 0.072794 0.309608 0.014706 0.045752
0 0.096691 0.320261 0.015441 0.047059
0 0.081618 0.295425 0.016176 0.028758
0 0.055515 0.298039 0.013971 0.028758
0 0.554412 0.247059 0.011765 0.028758
0 0.577206 0.250980 0.013235 0.026144
0 0.591912 0.244444 0.013235 0.026144
0 0.582353 0.239869 0.010294 0.024837
0 0.526103 0.236601 0.011029 0.026144
0 0.023162 0.265359 0.009559 0.033987
0 0.033456 0.258170 0.015441 0.050980
0 0.087868 0.260438 0.013971 0.047059
0 0.070588 0.265359 0.014706 0.031373
0 0.071691 0.258824 0.016912 0.028758
0 0.074632 0.254902 0.012500 0.026144
0 0.024632 0.084314 0.008088 0.032680
0 0.042647 0.132026 0.008824 0.033987
0 0.278676 0.160131 0.011765 0.032680
0 0.300000 0.143137 0.007353 0.024837
0 0.265074 0.106536 0.008088 0.032680
0 0.347426 0.083007 0.006618 0.019608
0 0.425735 0.086275 0.008824 0.030373
0 0.408015 0.087582 0.008088 0.031373
0 0.408015 0.055556 0.005147 0.030065
0 0.393005 0.025490 0.006618 0.022222
0 0.400471 0.020915 0.004412 0.023529
0 0.301765 0.013072 0.005882 0.026144
0 0.300471 0.014379 0.005882 0.026144
