0 0.109375 0.023148 0.020833 0.046296
0 0.077604 0.038889 0.023958 0.055556
0 0.070354 0.152778 0.015625 0.031481
0 0.078646 0.051852 0.026042 0.062963
0 0.076042 0.320296 0.027083 0.057407
0 0.094270 0.300926 0.034375 0.075926
0 0.005729 0.419444 0.036458 0.061111
0 0.009896 0.387963 0.034375 0.068519
0 0.297907 0.535185 0.027083 0.070370
0 0.730771 0.553704 0.019792 0.062963
0 0.380729 0.442593 0.007708 0.059259
0 0.394270 0.440741 0.019792 0.066667
0 0.775000 0.026852 0.008750 0.053704
0 0.970833 0.023048 0.022917 0.046296
0 0.985938 0.025000 0.020875 0.050000
0 0.826562 0.081481 0.015625 0.044444
