0 0.265365 0.754167 0.006771 0.019444
0 0.282813 0.742593 0.008333 0.020370
0 0.102865 0.768519 0.007812 0.029630
0 0.093750 0.767130 0.008333 0.023148
0 0.026302 0.762500 0.009896 0.037963
0 0.034375 0.762963 0.007292 0.037037
0 0.053646 0.759259 0.008333 0.033333
0 0.050260 0.750463 0.007812 0.032407
0 0.055729 0.738426 0.007292 0.030556
0 0.066146 0.736574 0.007292 0.032407
0 0.056771 0.721759 0.007292 0.025000
0 0.239844 0.726852 0.007812 0.020370
0 0.260979 0.691204 0.009375 0.021296
0 0.209375 0.705093 0.006250 0.034259
0 0.202865 0.704630 0.006770 0.033333
0 0.154948 0.989815 0.013021 0.020370
0 0.727083 0.935648 0.009375 0.043509
0 0.650302 0.814352 0.007812 0.032407
0 0.604688 0.730944 0.008333 0.032407
0 0.587760 0.787500 0.007802 0.032407
0 0.535937 0.874074 0.008333 0.044444
0 0.526563 0.897685 0.008333 0.043509
0 0.658073 0.776852 0.007802 0.035185
0 0.650780 0.773148 0.007812 0.035185
0 0.640365 0.773601 0.006771 0.039815
0 0.684896 0.789352 0.006250 0.034259
0 0.678646 0.790278 0.006250 0.034259
0 0.684015 0.965741 0.008854 0.048148
0 0.702865 0.969907 0.007802 0.045370
0 0.696354 0.973601 0.007292 0.045370
0 0.607292 0.977778 0.008333 0.044444
0 0.604688 0.933333 0.008333 0.044444
0 0.575260 0.894907 0.008854 0.040667
0 0.603802 0.932407 0.008854 0.035185
0 0.596605 0.975463 0.010937 0.041667
0 0.590885 0.675463 0.008854 0.028704
0 0.639583 0.650389 0.006250 0.028704
0 0.620354 0.600463 0.006250 0.025000
0 0.586458 0.538889 0.004067 0.024074
0 0.580510 0.538889 0.004687 0.024074
0 0.569270 0.475000 0.004167 0.020370
0 0.624740 0.920296 0.006771 0.040741
0 0.609271 0.920370 0.006250 0.038889
0 0.654167 0.955093 0.010417 0.036111
0 0.640885 0.866667 0.007812 0.027778
0 0.629948 0.861111 0.007812 0.027778
0 0.624479 0.740741 0.008333 0.020370
0 0.621354 0.706019 0.006250 0.019444
0 0.618229 0.663426 0.006250 0.019444
0 0.617969 0.645833 0.005729 0.017593
0 0.611198 0.599537 0.005729 0.017593
0 0.607031 0.549074 0.005729 0.012963
0 0.267088 0.549537 0.005208 0.023148
0 0.603646 0.595370 0.004167 0.011111
0 0.542188 0.718519 0.007292 0.014815
0 0.554427 0.726389 0.004687 0.028704
0 0.690625 0.727305 0.005208 0.028704
0 0.663280 0.684259 0.004687 0.022222
0 0.668229 0.689805 0.004167 0.020370
0 0.655208 0.674074 0.005208 0.025926
0 0.672396 0.638889 0.005208 0.024074
0 0.636709 0.563426 0.004687 0.019444
0 0.640885 0.562037 0.004687 0.008519
0 0.644270 0.560648 0.005208 0.023148
0 0.603125 0.591204 0.004167 0.013889
0 0.685937 0.706944 0.005208 0.028704
0 0.690625 0.703704 0.006250 0.029630
0 0.669530 0.668056 0.004687 0.026852
0 0.684896 0.674537 0.006250 0.028704
0 0.740927 0.856481 0.007812 0.037037
0 0.794531 0.957870 0.013021 0.030556
0 0.280469 0.529630 0.005729 0.008519
0 0.280729 0.544907 0.005208 0.023048
0 0.286458 0.527305 0.007292 0.023148
0 0.289844 0.502778 0.004687 0.024074
0 0.322656 0.500389 0.005729 0.023148
0 0.344000 0.500463 0.005729 0.023148
0 0.369270 0.498148 0.006250 0.022222
0 0.389844 0.500852 0.004687 0.020370
0 0.384375 0.496296 0.003025 0.020370
0 0.424479 0.500389 0.006250 0.021296
0 0.423958 0.494907 0.006250 0.020296
0 0.440667 0.500000 0.006250 0.022222
0 0.546875 0.502963 0.006250 0.022222
0 0.478385 0.506480 0.004687 0.020370
0 0.492708 0.502778 0.005208 0.022222
0 0.455208 0.509259 0.004067 0.020370
0 0.457030 0.498611 0.004687 0.019444
0 0.460979 0.505556 0.004167 0.018519
0 0.464583 0.500389 0.004167 0.015741
0 0.500520 0.509259 0.005208 0.014815
0 0.504687 0.500648 0.004167 0.013889
0 0.508333 0.504067 0.004167 0.013889
0 0.502240 0.502315 0.003646 0.013889
0 0.308490 0.584722 0.005729 0.013889
0 0.337500 0.549074 0.004067 0.018519
0 0.357812 0.544444 0.004167 0.014815
0 0.399219 0.473148 0.004687 0.007407
0 0.397135 0.452315 0.003646 0.008333
0 0.406510 0.459259 0.003646 0.009259
0 0.402760 0.462500 0.003646 0.019444
0 0.355469 0.470296 0.003646 0.016667
0 0.352344 0.470833 0.003646 0.007593
0 0.340004 0.462037 0.003125 0.012963
0 0.336979 0.460574 0.003125 0.013889
0 0.336458 0.479630 0.004067 0.014815
0 0.339583 0.480556 0.004067 0.014815
0 0.404427 0.432407 0.004687 0.008519
