0 0.843005 0.546405 0.016912 0.070588
0 0.865809 0.533987 0.006912 0.064052
0 0.660294 0.092810 0.007353 0.035294
0 0.553676 0.281046 0.013235 0.044444
0 0.529044 0.137255 0.009559 0.026144
0 0.548062 0.093464 0.008088 0.032680
0 0.469118 0.077778 0.005882 0.022222
0 0.546324 0.060131 0.004412 0.020915
0 0.532721 0.037908 0.005147 0.018301
0 0.519118 0.050327 0.002941 0.016993
0 0.515074 0.051634 0.006618 0.016993
0 0.564338 0.093464 0.003676 0.009608
0 0.564338 0.089542 0.003676 0.022222
0 0.648062 0.132680 0.005147 0.024837
0 0.658456 0.042484 0.005147 0.023529
0 0.659091 0.153595 0.003676 0.019608
0 0.650471 0.147059 0.004412 0.022222
0 0.743005 0.243137 0.011029 0.044444
0 0.646690 0.044444 0.003676 0.018301
0 0.645588 0.042484 0.004402 0.022222
0 0.085662 0.408497 0.016912 0.056209
0 0.297426 0.203922 0.008088 0.033987
