0 0.869018 0.425490 0.011765 0.045752
0 0.854779 0.424083 0.011029 0.048366
0 0.693382 0.493464 0.013235 0.045752
0 0.682721 0.492157 0.009559 0.030065
0 0.683824 0.509050 0.011765 0.048366
0 0.636029 0.452940 0.010294 0.050980
0 0.637132 0.445098 0.008088 0.014379
0 0.638971 0.419608 0.013235 0.026144
0 0.623062 0.445752 0.012500 0.052288
0 0.600103 0.369281 0.009559 0.037908
0 0.450368 0.447712 0.009559 0.030065
0 0.430250 0.410458 0.009559 0.041830
0 0.459926 0.296732 0.009559 0.026144
0 0.362868 0.076471 0.006618 0.028758
0 0.320956 0.086928 0.005047 0.019608
0 0.333824 0.023529 0.025000 0.019608
0 0.050735 0.065359 0.004412 0.015686
0 0.045956 0.064706 0.003676 0.014379
0 0.372059 0.825490 0.020588 0.058824
0 0.342279 0.612418 0.016912 0.045752
0 0.324265 0.452941 0.011765 0.032680
0 0.337132 0.400000 0.011029 0.031373
0 0.340809 0.295425 0.009559 0.039206
0 0.119118 0.307190 0.007353 0.015686
0 0.118382 0.307843 0.008824 0.022222
0 0.056618 0.201961 0.007353 0.030065
0 0.204779 0.128105 0.005147 0.013072
0 0.094485 0.124183 0.006618 0.020915
0 0.087500 0.123529 0.004412 0.024837
0 0.276103 0.092157 0.005147 0.011765
0 0.236397 0.039869 0.003676 0.009150
0 0.272426 0.056863 0.003676 0.004379
0 0.272794 0.050634 0.004412 0.016993
0 0.267647 0.019608 0.002941 0.005229
0 0.263603 0.005033 0.002206 0.009150
0 0.259926 0.009050 0.002206 0.010458
