0 0.517708 0.221759 0.002083 0.004630
0 0.544530 0.200000 0.001563 0.007407
0 0.542088 0.200000 0.002083 0.007407
0 0.535156 0.223148 0.002604 0.005556
0 0.535677 0.227778 0.001563 0.005556
0 0.502240 0.237500 0.001563 0.008333
0 0.505365 0.239815 0.001563 0.007407
0 0.520312 0.241204 0.002083 0.004630
0 0.525000 0.242130 0.002083 0.006481
0 0.537760 0.250926 0.002604 0.005556
0 0.527083 0.252778 0.002083 0.007407
0 0.528906 0.259722 0.002604 0.000185
0 0.509271 0.253704 0.002083 0.009259
0 0.505365 0.245833 0.001563 0.008333
0 0.511198 0.243981 0.001563 0.004630
0 0.511198 0.256019 0.002604 0.006481
0 0.504948 0.263889 0.002604 0.005556
0 0.511719 0.262500 0.002604 0.004630
0 0.519010 0.269444 0.002604 0.009259
0 0.523698 0.272222 0.002604 0.005556
0 0.534635 0.280093 0.000563 0.012037
0 0.521875 0.284259 0.002083 0.005556
0 0.504948 0.279067 0.002604 0.010185
0 0.500563 0.277315 0.003125 0.012037
0 0.494531 0.282870 0.002604 0.006481
0 0.495833 0.295370 0.003125 0.007407
0 0.524479 0.294907 0.003125 0.006481
0 0.522396 0.300000 0.002083 0.005556
0 0.520573 0.307870 0.002604 0.000185
0 0.516406 0.298611 0.002604 0.006481
0 0.503646 0.298148 0.003125 0.011111
0 0.521875 0.321759 0.003125 0.008333
0 0.519531 0.334722 0.003646 0.008333
0 0.499219 0.331944 0.002604 0.008333
0 0.493229 0.334722 0.003125 0.010185
0 0.491927 0.346759 0.002604 0.008333
0 0.484015 0.348148 0.003646 0.016667
0 0.520052 0.349074 0.002604 0.009259
0 0.522396 0.358796 0.003125 0.013889
0 0.486979 0.354630 0.004167 0.007407
0 0.500417 0.407407 0.005208 0.018519
0 0.470875 0.385648 0.002083 0.015741
0 0.512240 0.431944 0.003646 0.010185
0 0.511198 0.453704 0.003646 0.012963
0 0.481250 0.446296 0.005208 0.012963
0 0.476302 0.462500 0.003646 0.012037
0 0.487760 0.504167 0.004687 0.013889
0 0.459015 0.448148 0.003646 0.014815
0 0.455729 0.450389 0.005208 0.015741
0 0.448698 0.453704 0.005729 0.020370
0 0.460458 0.470370 0.004167 0.024074
0 0.453906 0.469907 0.005729 0.020296
0 0.448958 0.470759 0.006250 0.023148
0 0.443229 0.501852 0.006250 0.022222
0 0.452865 0.550926 0.006771 0.020370
0 0.432802 0.559722 0.005208 0.025000
0 0.425521 0.616204 0.008333 0.019444
0 0.492969 0.637037 0.006771 0.022222
0 0.504062 0.829167 0.008333 0.045370
0 0.498077 0.668981 0.005729 0.034259
0 0.478125 0.658796 0.007292 0.021296
0 0.474479 0.718056 0.009375 0.025000
0 0.473958 0.715278 0.009375 0.030556
0 0.476562 0.817593 0.009375 0.027778
0 0.454687 0.759722 0.007292 0.028704
0 0.457292 0.802778 0.007292 0.018519
0 0.459375 0.793519 0.009375 0.024074
0 0.404948 0.756944 0.007812 0.023148
0 0.581510 0.920370 0.011979 0.031481
0 0.459115 0.857870 0.007812 0.026852
0 0.462240 0.853241 0.006771 0.015741
0 0.391146 0.812963 0.009375 0.024074
0 0.380469 0.881019 0.005729 0.015741
0 0.381250 0.876389 0.009375 0.032407
0 0.382292 0.870370 0.009375 0.027778
0 0.027865 0.993056 0.009896 0.013889
0 0.072907 0.969444 0.015625 0.033333
0 0.080990 0.948048 0.014063 0.025926
0 0.105990 0.929167 0.009896 0.026852
0 0.013281 0.930093 0.005729 0.017593
0 0.128646 0.906019 0.010417 0.034259
0 0.147135 0.904167 0.011979 0.026852
0 0.113802 0.900926 0.010937 0.035185
0 0.097917 0.901852 0.014583 0.031481
0 0.056771 0.812037 0.006250 0.025926
0 0.144010 0.806481 0.010937 0.031481
0 0.267969 0.880481 0.004687 0.025926
0 0.258333 0.899074 0.008333 0.020370
0 0.247035 0.525000 0.005729 0.027778
0 0.255469 0.548048 0.005729 0.027778
0 0.308333 0.442593 0.005208 0.012963
0 0.341667 0.460648 0.004167 0.012037
0 0.344271 0.454630 0.004167 0.007407
0 0.342448 0.451389 0.003646 0.012037
0 0.338021 0.452778 0.004167 0.012963
0 0.337760 0.447685 0.004687 0.012037
0 0.342708 0.439815 0.003125 0.016667
0 0.350000 0.434259 0.004167 0.012963
0 0.357552 0.432407 0.004687 0.012963
0 0.360458 0.435185 0.003125 0.012963
0 0.364844 0.422222 0.005729 0.012963
0 0.370833 0.421759 0.005208 0.012037
0 0.368490 0.404167 0.003646 0.012037
0 0.375000 0.412037 0.003125 0.009259
0 0.375260 0.395833 0.004687 0.010185
0 0.357292 0.405556 0.003025 0.020370
