0 0.028309 0.080046 0.012500 0.041830
0 0.036765 0.077024 0.013235 0.049673
0 0.066176 0.062092 0.016176 0.040523
0 0.008088 0.486275 0.006176 0.067974
0 0.034926 0.027451 0.009559 0.033987
0 0.050368 0.031373 0.011029 0.039216
0 0.226838 0.018301 0.008088 0.028758
0 0.241912 0.013072 0.007353 0.023529
0 0.031985 0.140523 0.013971 0.053595
0 0.073529 0.171242 0.014706 0.049673
0 0.061765 0.165359 0.010294 0.048366
0 0.056250 0.174510 0.008088 0.037908
0 0.054044 0.168627 0.008088 0.033987
0 0.087868 0.233987 0.011029 0.047059
0 0.097794 0.228758 0.013235 0.057516
0 0.262032 0.212418 0.015441 0.056209
0 0.258824 0.230065 0.007353 0.040830
0 0.237032 0.295425 0.012500 0.052288
0 0.244485 0.301111 0.013971 0.052288
0 0.252940 0.286928 0.011765 0.056209
0 0.264338 0.303725 0.012500 0.060131
0 0.259926 0.267974 0.001029 0.060131
0 0.270956 0.265359 0.001029 0.049673
0 0.273062 0.297386 0.012500 0.058824
0 0.280047 0.292157 0.010294 0.056209
0 0.280505 0.273856 0.008088 0.048366
0 0.334559 0.092810 0.008824 0.050980
0 0.336029 0.254248 0.007353 0.040523
0 0.346690 0.277124 0.015441 0.060131
0 0.348897 0.255556 0.009559 0.045752
0 0.344853 0.237255 0.003235 0.050980
0 0.349265 0.200654 0.008824 0.045752
0 0.353309 0.084967 0.008088 0.043137
0 0.357720 0.215033 0.009559 0.050980
0 0.360029 0.189542 0.008824 0.041830
0 0.364338 0.208497 0.006608 0.043137
0 0.365809 0.095425 0.006618 0.037908
0 0.370588 0.089542 0.008824 0.049673
0 0.401029 0.188889 0.011765 0.053595
0 0.243750 0.392157 0.015441 0.039216
0 0.309118 0.424183 0.019118 0.074510
0 0.332720 0.422222 0.015441 0.057516
0 0.290074 0.524183 0.018382 0.049673
0 0.305882 0.507190 0.010294 0.028758
0 0.316544 0.511111 0.019853 0.044444
0 0.320956 0.526044 0.012500 0.037908
0 0.390912 0.648366 0.020588 0.081046
0 0.404044 0.628758 0.005441 0.075817
0 0.409559 0.667974 0.007647 0.073203
0 0.411029 0.641830 0.008824 0.031373
0 0.440912 0.252288 0.010294 0.054902
0 0.452574 0.240176 0.011029 0.058824
0 0.449265 0.286928 0.000294 0.061438
0 0.427206 0.292057 0.011765 0.053595
0 0.430882 0.287582 0.010294 0.031373
0 0.357720 0.408497 0.013971 0.066667
0 0.370691 0.403922 0.015441 0.062745
0 0.440176 0.527451 0.014706 0.079739
0 0.444485 0.400458 0.015441 0.049673
0 0.433088 0.420569 0.010294 0.058824
0 0.437032 0.438562 0.012500 0.058824
0 0.453676 0.438562 0.003235 0.053595
0 0.466902 0.497386 0.011765 0.056209
0 0.486765 0.566667 0.003235 0.061438
0 0.484559 0.507647 0.014706 0.070588
0 0.405882 0.837255 0.027941 0.090196
0 0.529779 0.500654 0.008382 0.073203
0 0.569018 0.323529 0.011765 0.061438
0 0.580047 0.325490 0.013235 0.060131
0 0.579779 0.363399 0.002500 0.057516
0 0.570324 0.375163 0.008824 0.052288
0 0.593005 0.407843 0.016912 0.062745
0 0.609091 0.492810 0.011029 0.041830
0 0.645220 0.476471 0.013971 0.064052
0 0.646324 0.490503 0.013235 0.067974
0 0.640176 0.369281 0.013235 0.048366
0 0.650103 0.363399 0.015441 0.065359
0 0.643005 0.411765 0.013971 0.067974
0 0.676838 0.360031 0.012500 0.061438
0 0.664338 0.408497 0.002500 0.066667
0 0.669485 0.400307 0.009559 0.039216
0 0.678676 0.398693 0.004706 0.062745
0 0.687032 0.508497 0.016912 0.086275
0 0.722426 0.333333 0.006912 0.062745
0 0.704706 0.468627 0.016176 0.071895
0 0.725368 0.457506 0.011029 0.031373
0 0.727574 0.473856 0.006912 0.069281
0 0.733824 0.460784 0.020588 0.069280
0 0.748062 0.432026 0.016912 0.037908
0 0.754402 0.458170 0.017647 0.077124
0 0.770588 0.445752 0.007647 0.070588
0 0.775735 0.424837 0.008824 0.033987
0 0.793750 0.456209 0.008382 0.047059
0 0.801397 0.458170 0.022794 0.066667
0 0.822059 0.463399 0.022059 0.064052
0 0.802868 0.505882 0.018382 0.067974
0 0.830985 0.496732 0.015441 0.036601
0 0.860294 0.500961 0.020588 0.073203
0 0.699265 0.804575 0.023529 0.084967
0 0.706544 0.781046 0.021324 0.087582
0 0.951103 0.615686 0.027206 0.067974
