0 0.663603 0.635948 0.015441 0.043137
0 0.942647 0.640523 0.006176 0.052288
0 0.840176 0.625490 0.016176 0.064052
0 0.850103 0.637255 0.009559 0.040523
0 0.836029 0.546405 0.004706 0.060131
0 0.869485 0.612418 0.015441 0.035294
0 0.888235 0.604575 0.016176 0.037908
0 0.894485 0.549020 0.021324 0.044444
0 0.900735 0.580392 0.017647 0.039216
0 0.890544 0.581046 0.009559 0.030065
0 0.780985 0.405229 0.009559 0.047059
0 0.808824 0.462745 0.013235 0.026144
0 0.834926 0.447059 0.012500 0.044444
0 0.797794 0.340523 0.008824 0.040523
0 0.929779 0.047712 0.011029 0.031373
0 0.784926 0.067974 0.005147 0.024837
0 0.780250 0.165359 0.005147 0.032680
0 0.672059 0.309608 0.010294 0.045752
0 0.706544 0.281046 0.011029 0.044444
0 0.736397 0.296078 0.009559 0.045752
0 0.768005 0.277124 0.011029 0.047059
0 0.785662 0.339869 0.011029 0.023529
0 0.773062 0.322222 0.008088 0.035294
0 0.705515 0.222222 0.008088 0.026144
0 0.701838 0.211111 0.009559 0.030065
0 0.732720 0.212418 0.008088 0.037908
0 0.665440 0.024183 0.005882 0.027451
0 0.670324 0.037255 0.004412 0.024837
0 0.675368 0.040523 0.005047 0.028758
0 0.652940 0.106536 0.005882 0.030065
0 0.638970 0.104575 0.005882 0.028758
0 0.647059 0.007843 0.004412 0.027451
0 0.647059 0.001961 0.005882 0.031373
0 0.034559 0.270588 0.011765 0.049673
0 0.202206 0.389542 0.001765 0.052288
0 0.300735 0.037908 0.007353 0.043137
0 0.062868 0.037255 0.006618 0.032680
0 0.351471 0.030065 0.005882 0.018301
0 0.001471 0.114379 0.010294 0.032680
0 0.019485 0.088889 0.008088 0.033987
0 0.033824 0.087582 0.008824 0.036601
0 0.144853 0.041176 0.005882 0.014379
0 0.151838 0.042484 0.008088 0.014379
