0 0.254044 0.920569 0.019853 0.078431
0 0.487032 0.410458 0.008088 0.044444
0 0.430505 0.318954 0.008088 0.041830
0 0.432353 0.304379 0.005882 0.032680
0 0.440176 0.249673 0.005882 0.031373
0 0.449632 0.200458 0.006618 0.028758
0 0.463235 0.203725 0.005882 0.027451
0 0.521691 0.148366 0.005147 0.019608
0 0.529044 0.061438 0.005147 0.024837
0 0.530985 0.164052 0.003676 0.016993
0 0.522059 0.062092 0.004412 0.020915
0 0.541176 0.204575 0.005882 0.022222
0 0.526838 0.246405 0.006618 0.022222
0 0.508456 0.244444 0.006618 0.018301
0 0.619853 0.692810 0.013235 0.047059
0 0.621691 0.707190 0.013971 0.041830
0 0.535294 0.371242 0.008824 0.033987
0 0.543750 0.250980 0.006608 0.033987
0 0.554044 0.255556 0.006608 0.027451
0 0.559559 0.259477 0.004402 0.024837
0 0.563235 0.265359 0.005882 0.026044
0 0.560662 0.250980 0.005047 0.023529
0 0.509559 0.013725 0.004412 0.015686
0 0.503235 0.111111 0.004412 0.018301
0 0.527206 0.024183 0.002941 0.020915
0 0.529044 0.025490 0.003676 0.020915
0 0.530985 0.129412 0.005147 0.020915
0 0.464706 0.006536 0.004412 0.019608
