0 0.309559 0.406536 0.008824 0.030373
0 0.676838 0.798693 0.011029 0.041830
0 0.708824 0.822876 0.008824 0.032680
0 0.698529 0.980392 0.011765 0.039216
0 0.468382 0.960438 0.011765 0.045752
0 0.477940 0.977124 0.011765 0.040523
0 0.398162 0.894118 0.011029 0.041830
0 0.425735 0.632680 0.008824 0.033987
0 0.430147 0.637255 0.007353 0.027451
0 0.322794 0.647712 0.008824 0.027451
0 0.324632 0.525490 0.008088 0.030373
0 0.090176 0.826144 0.014706 0.036601
0 0.089338 0.816993 0.009559 0.036601
0 0.098897 0.813725 0.013971 0.037908
0 0.099632 0.803268 0.011029 0.043137
0 0.225368 0.833333 0.011029 0.035294
0 0.046691 0.210458 0.005147 0.018301
0 0.203676 0.246405 0.005882 0.024837
