0 0.549479 0.393509 0.003125 0.012963
0 0.552604 0.426852 0.003025 0.012963
0 0.556250 0.540740 0.004167 0.018519
0 0.577604 0.833333 0.007292 0.033333
0 0.595303 0.837037 0.009375 0.033333
0 0.588020 0.841667 0.007292 0.024074
0 0.582802 0.850000 0.007292 0.025926
0 0.472396 0.749074 0.007292 0.024074
0 0.480208 0.772222 0.006250 0.029630
0 0.339062 0.704630 0.005208 0.027778
0 0.292187 0.980556 0.007292 0.031481
0 0.228646 0.974074 0.009375 0.025926
0 0.288542 0.648048 0.006250 0.025926
0 0.300520 0.712963 0.007292 0.025926
0 0.422907 0.615741 0.004167 0.016667
0 0.425000 0.605741 0.004167 0.020370
0 0.486979 0.516667 0.005208 0.014815
0 0.491146 0.590741 0.003125 0.018519
0 0.547396 0.449074 0.003025 0.012963
0 0.550520 0.449074 0.003125 0.012963
0 0.554688 0.460111 0.003125 0.014815
0 0.556770 0.462963 0.003125 0.014815
