0 0.626042 0.644444 0.008333 0.025926
0 0.513021 0.300000 0.003125 0.018519
0 0.517708 0.300000 0.004167 0.014815
0 0.399479 0.477778 0.007292 0.025926
0 0.047917 0.383333 0.004167 0.018519
0 0.009271 0.323148 0.005208 0.020370
0 0.202604 0.260111 0.003125 0.014815
0 0.544792 0.267593 0.004167 0.016667
0 0.526042 0.224074 0.002083 0.004815
0 0.545312 0.231481 0.003125 0.014815
0 0.568229 0.224074 0.003025 0.011111
0 0.654687 0.239805 0.003125 0.012963
0 0.986979 0.239805 0.003125 0.012963
0 0.995302 0.240741 0.003125 0.014815
0 0.947396 0.240740 0.003125 0.014815
0 0.948437 0.240667 0.003125 0.012963
