0 0.222059 0.578430 0.013235 0.053595
0 0.054044 0.569935 0.012500 0.054902
0 0.014706 0.478431 0.011765 0.039216
0 0.008456 0.960031 0.015441 0.071895
0 0.385294 0.246405 0.002940 0.019608
0 0.567647 0.057516 0.002941 0.014379
0 0.585662 0.088889 0.015441 0.024837
0 0.587868 0.201111 0.003676 0.016993
0 0.594853 0.230719 0.002941 0.014379
0 0.638235 0.307647 0.004412 0.026144
0 0.613971 0.304575 0.005882 0.020915
0 0.760294 0.447059 0.005882 0.036600
0 0.768015 0.444444 0.008088 0.039216
0 0.620956 0.526044 0.008088 0.045752
0 0.608015 0.518301 0.008088 0.043137
0 0.425735 0.320261 0.005882 0.020915
0 0.434926 0.306536 0.008088 0.027450
0 0.501765 0.206536 0.002941 0.018301
0 0.547794 0.249673 0.004412 0.015686
0 0.539706 0.201307 0.002941 0.010458
0 0.536029 0.192157 0.002941 0.010458
0 0.483824 0.163399 0.002941 0.007843
0 0.497426 0.152288 0.003676 0.009150
0 0.744485 0.400654 0.006608 0.035294
0 0.537868 0.151634 0.002206 0.007843
