0 0.396324 0.973203 0.003235 0.053595
0 0.795220 0.615033 0.008088 0.027451
0 0.786765 0.608954 0.011765 0.040523
0 0.644485 0.354902 0.008088 0.035294
0 0.630882 0.337908 0.007353 0.032680
0 0.636029 0.386928 0.007353 0.036600
0 0.063971 0.635948 0.013235 0.066667
0 0.028309 0.613072 0.012500 0.057516
0 0.004412 0.624837 0.011765 0.060131
0 0.010662 0.616993 0.013971 0.052288
0 0.098529 0.768627 0.020588 0.054902
0 0.071324 0.792810 0.025000 0.071895
0 0.062868 0.754902 0.021324 0.053595
0 0.489706 0.077778 0.004412 0.018301
0 0.505882 0.200458 0.004412 0.023529
0 0.505882 0.324183 0.005882 0.026144
0 0.507353 0.055556 0.004412 0.018301
0 0.501397 0.156209 0.003676 0.016993
0 0.579044 0.049673 0.003676 0.016993
0 0.582353 0.050327 0.002941 0.015686
0 0.573529 0.131373 0.002941 0.009150
0 0.586397 0.175817 0.003676 0.014379
