0 0.053309 0.809804 0.003971 0.053595
0 0.086397 0.549020 0.006618 0.028758
0 0.370220 0.519608 0.005147 0.024837
0 0.390809 0.496732 0.008088 0.026044
0 0.333088 0.603268 0.005882 0.035294
0 0.338970 0.606536 0.007353 0.033987
0 0.350368 0.607090 0.009559 0.032680
0 0.342279 0.588889 0.009559 0.037908
0 0.619118 0.791503 0.011765 0.040523
0 0.783088 0.600654 0.007353 0.027450
0 0.769853 0.598693 0.007353 0.030373
0 0.647059 0.609804 0.008824 0.030065
0 0.438971 0.598039 0.010294 0.024837
0 0.438603 0.524183 0.006618 0.023529
0 0.558456 0.547059 0.006618 0.019608
0 0.606912 0.509150 0.007353 0.024837
