0 0.627865 0.684259 0.023438 0.075926
0 0.034115 0.774074 0.032813 0.183333
0 0.094270 0.748611 0.040625 0.160185
0 0.038542 0.820833 0.048958 0.208333
0 0.036098 0.788889 0.033854 0.185185
0 0.288802 0.588889 0.017188 0.055556
0 0.323437 0.584259 0.009375 0.042593
0 0.327604 0.581019 0.007292 0.039815
0 0.334635 0.575463 0.018229 0.043519
0 0.354427 0.596296 0.011979 0.070370
0 0.370833 0.598611 0.013542 0.049074
0 0.409375 0.597685 0.016667 0.050926
0 0.414323 0.582407 0.010937 0.040741
0 0.534115 0.618056 0.014063 0.063889
0 0.657552 0.587037 0.016146 0.044444
0 0.595052 0.610648 0.017188 0.056481
0 0.586719 0.573148 0.011979 0.031481
0 0.569531 0.578704 0.014063 0.042593
0 0.550260 0.570370 0.011979 0.035185
0 0.527344 0.563889 0.013021 0.040741
0 0.515625 0.575000 0.013542 0.038889
0 0.482552 0.598611 0.014063 0.065741
0 0.485677 0.567130 0.015104 0.037963
0 0.498177 0.562500 0.011979 0.039815
0 0.500781 0.542593 0.007812 0.024074
0 0.489063 0.520370 0.006250 0.016667
0 0.481771 0.521759 0.007292 0.017593
0 0.474219 0.521296 0.005729 0.018519
0 0.420052 0.511574 0.006771 0.019444
0 0.412240 0.537963 0.006771 0.025926
0 0.406250 0.544444 0.008333 0.020370
0 0.385417 0.545370 0.008333 0.031481
