0 0.493229 0.260648 0.002083 0.008333
0 0.498698 0.291667 0.002604 0.009259
0 0.493750 0.298148 0.002083 0.007407
0 0.501198 0.340278 0.003646 0.015741
0 0.485056 0.384259 0.004687 0.018519
0 0.438802 0.430019 0.004687 0.015741
0 0.525000 0.404167 0.004167 0.013889
0 0.556510 0.480556 0.005729 0.014815
0 0.553646 0.483333 0.004167 0.012963
0 0.525781 0.443981 0.004687 0.013889
0 0.522656 0.456019 0.003646 0.010185
0 0.521615 0.452778 0.004687 0.014815
0 0.514062 0.456481 0.004167 0.014815
0 0.505990 0.440741 0.005729 0.014815
0 0.498958 0.444444 0.005208 0.016667
0 0.464844 0.434722 0.004687 0.012037
0 0.462240 0.456009 0.004687 0.023148
0 0.455208 0.450852 0.005208 0.024074
0 0.445573 0.449537 0.004687 0.015741
0 0.439323 0.468056 0.004687 0.025000
0 0.433594 0.487963 0.006770 0.025926
0 0.443490 0.498611 0.004687 0.013889
0 0.489323 0.491667 0.002604 0.012963
0 0.486979 0.490741 0.005208 0.016667
0 0.484115 0.489815 0.005729 0.016667
0 0.545052 0.548611 0.006771 0.032407
0 0.568490 0.592030 0.007812 0.032407
0 0.545312 0.600463 0.007292 0.023148
0 0.446615 0.553241 0.004687 0.019444
0 0.439844 0.575926 0.005729 0.030481
0 0.465625 0.569444 0.005208 0.018519
0 0.475521 0.604630 0.006250 0.022222
0 0.464323 0.605093 0.007812 0.023148
0 0.551562 0.778241 0.008333 0.034259
0 0.578906 0.813889 0.010937 0.025926
0 0.579688 0.807407 0.005208 0.012963
0 0.426042 0.750463 0.008333 0.032407
0 0.423437 0.768981 0.005208 0.015741
0 0.471615 0.959259 0.015104 0.031481
0 0.975781 0.986574 0.013021 0.026852
0 0.959896 0.975000 0.001458 0.046296
0 0.938280 0.981944 0.008854 0.030556
0 0.882552 0.909259 0.007802 0.035185
0 0.895052 0.867130 0.011979 0.032407
0 0.875000 0.868519 0.011458 0.033333
0 0.851562 0.820370 0.013542 0.038889
0 0.844271 0.799074 0.010417 0.025926
0 0.826302 0.735648 0.009896 0.047222
0 0.860407 0.742593 0.010417 0.040741
0 0.882292 0.744444 0.006250 0.030481
0 0.881250 0.729630 0.006250 0.024074
0 0.757552 0.660185 0.003646 0.016667
0 0.754948 0.670833 0.007802 0.039815
0 0.735417 0.678704 0.011458 0.022222
0 0.811198 0.609259 0.007812 0.024074
0 0.790406 0.528241 0.005729 0.030556
0 0.772656 0.536574 0.006770 0.030556
0 0.767708 0.538889 0.004067 0.022222
0 0.705729 0.526852 0.008333 0.024074
0 0.688280 0.520833 0.005729 0.030556
0 0.734375 0.505093 0.006250 0.025000
0 0.702865 0.460648 0.005729 0.013889
0 0.737760 0.469444 0.006771 0.016667
0 0.732292 0.478240 0.003125 0.019444
0 0.729948 0.476852 0.003646 0.020370
0 0.755990 0.475463 0.004687 0.023148
0 0.772917 0.468056 0.005208 0.017593
0 0.716667 0.463889 0.005208 0.014815
0 0.789583 0.473048 0.004167 0.020370
0 0.804427 0.437037 0.003646 0.022222
0 0.777083 0.401389 0.003125 0.012037
0 0.770615 0.405093 0.004687 0.025000
0 0.753646 0.383796 0.004067 0.015741
0 0.763280 0.347222 0.003646 0.014815
0 0.765625 0.350389 0.002083 0.010185
0 0.770312 0.344907 0.003125 0.013889
0 0.793750 0.389352 0.003025 0.010185
0 0.800000 0.386011 0.003125 0.020370
0 0.809635 0.378240 0.004687 0.017593
0 0.802344 0.370759 0.004687 0.017593
