0 0.972794 0.032680 0.014706 0.054902
0 0.880047 0.052288 0.011765 0.039216
0 0.874265 0.039869 0.003235 0.053595
0 0.867647 0.089542 0.008824 0.058824
0 0.930147 0.061438 0.011765 0.044444
0 0.933824 0.062092 0.011765 0.050980
0 0.830505 0.116993 0.016912 0.056209
0 0.792647 0.037255 0.000294 0.058824
0 0.683456 0.020569 0.008088 0.043137
0 0.672794 0.035948 0.014706 0.060131
0 0.667279 0.044444 0.015441 0.061438
0 0.503676 0.080392 0.003235 0.064052
0 0.626838 0.200000 0.003971 0.067974
0 0.610294 0.189542 0.017647 0.060131
0 0.492279 0.258170 0.011029 0.058824
0 0.408456 0.358070 0.012500 0.073203
0 0.297794 0.355556 0.019118 0.065359
0 0.337868 0.072549 0.015441 0.030065
0 0.205441 0.131373 0.014706 0.066667
0 0.203235 0.116993 0.010294 0.069281
