0 0.553906 0.800463 0.027604 0.082407
0 0.666667 0.896759 0.025000 0.000926
0 0.602500 0.760648 0.017708 0.076852
0 0.662760 0.796296 0.024479 0.083333
0 0.653646 0.737963 0.008750 0.055556
0 0.656250 0.695833 0.004583 0.045370
0 0.563802 0.680944 0.014063 0.041667
0 0.359896 0.767030 0.018750 0.084259
0 0.307708 0.751852 0.015625 0.096296
0 0.285407 0.750463 0.019792 0.097222
0 0.459375 0.652778 0.004583 0.050000
0 0.436979 0.643509 0.011458 0.042593
0 0.466406 0.636574 0.009896 0.043509
0 0.435937 0.632407 0.004583 0.033333
0 0.587760 0.640204 0.011979 0.045370
0 0.630510 0.646296 0.014063 0.035185
0 0.637240 0.637500 0.000937 0.036111
0 0.602344 0.625000 0.007802 0.033333
0 0.529067 0.596296 0.007292 0.037037
0 0.769530 0.850000 0.032813 0.127778
0 0.728025 0.739815 0.018750 0.090741
