0 0.288603 0.968627 0.008088 0.030373
0 0.298062 0.953595 0.006618 0.032680
0 0.296691 0.950980 0.005147 0.016993
0 0.492647 0.974500 0.007353 0.037908
0 0.401029 0.774510 0.005882 0.024837
0 0.501029 0.803922 0.005882 0.023529
0 0.506912 0.809150 0.005882 0.023529
0 0.508382 0.800000 0.005882 0.023529
0 0.368750 0.784304 0.006618 0.028758
0 0.405074 0.744444 0.006618 0.027451
0 0.542647 0.648366 0.004402 0.018301
0 0.558824 0.667974 0.005882 0.020905
0 0.567279 0.656863 0.005047 0.019608
0 0.550000 0.649673 0.005882 0.020905
0 0.588970 0.611111 0.004412 0.016993
0 0.452940 0.596732 0.004412 0.016993
0 0.454779 0.572549 0.003676 0.005686
0 0.533088 0.567320 0.004402 0.015686
0 0.580250 0.566013 0.003676 0.015686
0 0.584091 0.564706 0.003676 0.015686
0 0.455882 0.505033 0.002941 0.013072
