0 0.985000 0.947043 0.027143 0.061905
0 0.944643 0.925704 0.033571 0.066667
0 0.726786 0.575704 0.013571 0.048571
0 0.967857 0.502380 0.021429 0.035238
0 0.646786 0.505238 0.002143 0.035238
0 0.652500 0.530905 0.009286 0.031429
0 0.625000 0.493333 0.008570 0.032381
0 0.602500 0.506190 0.013571 0.035238
0 0.602857 0.497619 0.010000 0.029524
0 0.572043 0.447143 0.011429 0.029524
0 0.540357 0.433333 0.009286 0.030476
0 0.552500 0.435704 0.007857 0.027619
0 0.555000 0.409048 0.008571 0.020952
0 0.507500 0.403333 0.009286 0.025704
0 0.503214 0.400952 0.007857 0.026667
0 0.485704 0.386667 0.005714 0.022857
0 0.479286 0.370429 0.005714 0.020952
0 0.453570 0.377143 0.005714 0.024762
0 0.463929 0.358570 0.005000 0.021905
0 0.467500 0.353800 0.005000 0.023810
0 0.455000 0.353333 0.007043 0.020952
0 0.449643 0.352380 0.005000 0.024762
0 0.456786 0.345704 0.005000 0.020952
0 0.452500 0.339524 0.006429 0.008095
0 0.443929 0.334286 0.006429 0.020952
0 0.438929 0.329524 0.005000 0.022857
0 0.440000 0.343800 0.007143 0.022857
0 0.433204 0.330000 0.005000 0.023810
0 0.429286 0.326090 0.005714 0.020000
0 0.422857 0.326090 0.005714 0.023810
0 0.404286 0.309524 0.005714 0.017143
0 0.400704 0.303810 0.005714 0.019048
0 0.404643 0.299048 0.006429 0.020952
0 0.375000 0.308095 0.007043 0.021905
0 0.370786 0.297143 0.006429 0.020952
0 0.568204 0.283810 0.006429 0.019048
0 0.575357 0.287043 0.003571 0.016190
0 0.580704 0.287143 0.004286 0.016190
0 0.205000 0.170000 0.004286 0.008571
0 0.388929 0.288095 0.007857 0.008095
0 0.551429 0.204286 0.004286 0.008571
0 0.709286 0.268095 0.004286 0.004286
0 0.678570 0.303333 0.005714 0.020000
0 0.683204 0.306190 0.006429 0.016190
0 0.653570 0.293810 0.007143 0.018095
0 0.705000 0.300000 0.005714 0.020000
0 0.704643 0.305704 0.006429 0.015238
0 0.700429 0.303810 0.004286 0.013333
0 0.740071 0.323333 0.007857 0.020000
0 0.744286 0.322380 0.007143 0.020000
0 0.780786 0.327143 0.006429 0.018095
0 0.786786 0.327609 0.006429 0.017143
0 0.792043 0.328095 0.005714 0.018095
0 0.786070 0.325238 0.005000 0.020000
0 0.855000 0.352380 0.007143 0.020952
0 0.858570 0.353333 0.007143 0.019048
0 0.940704 0.370000 0.011429 0.025714
