0 0.899250 0.723000 0.006500 0.020667
0 0.932750 0.734000 0.003500 0.006000
0 0.932750 0.702333 0.003500 0.004000
0 0.925250 0.700333 0.003500 0.004000
0 0.928000 0.699000 0.003000 0.006667
0 0.930000 0.694333 0.005000 0.008000
0 0.537000 0.675667 0.003000 0.000000
0 0.521750 0.741667 0.006500 0.012667
0 0.507500 0.765000 0.004000 0.026000
0 0.474500 0.686000 0.005000 0.006000
0 0.439500 0.637333 0.003000 0.003333
0 0.431250 0.664000 0.003500 0.008000
0 0.443250 0.663667 0.003500 0.007333
0 0.602250 0.814667 0.008500 0.032000
0 0.488750 0.739000 0.004500 0.023333
0 0.483500 0.734000 0.005000 0.007333
0 0.440500 0.752000 0.009000 0.025333
0 0.407000 0.776333 0.007000 0.024667
0 0.409000 0.753333 0.004000 0.024000
0 0.403500 0.753333 0.005000 0.025333
0 0.385250 0.744333 0.003500 0.020667
0 0.279250 0.602333 0.003500 0.010000
0 0.253750 0.629667 0.002500 0.001333
0 0.250500 0.628333 0.003000 0.011333
0 0.210000 0.623333 0.004000 0.012000
0 0.224000 0.705667 0.005000 0.018000
0 0.039250 0.667000 0.004500 0.014000
0 0.200750 0.702333 0.006500 0.019333
0 0.206000 0.706333 0.005000 0.019333
0 0.209000 0.706000 0.004000 0.017333
0 0.203000 0.713667 0.004000 0.019333
0 0.364500 0.589667 0.002000 0.000000
0 0.353000 0.588667 0.002000 0.008000
0 0.360000 0.602667 0.002000 0.009333
0 0.359750 0.603000 0.002500 0.007333
0 0.308750 0.598667 0.002500 0.008000
0 0.307500 0.598667 0.002000 0.008000
