0 0.009643 0.223810 0.022143 0.043810
0 0.022857 0.185238 0.012857 0.039048
0 0.027143 0.176667 0.014286 0.035238
0 0.378929 0.200952 0.013571 0.037143
0 0.385000 0.385704 0.015714 0.043810
0 0.070357 0.494286 0.020714 0.036190
0 0.349286 0.447609 0.015714 0.036190
0 0.386786 0.432380 0.023571 0.043810
0 0.403204 0.383810 0.016429 0.041905
0 0.578570 0.658095 0.020000 0.040000
0 0.520429 0.328095 0.020000 0.048571
0 0.760357 0.500429 0.013571 0.046667
0 0.868204 0.578095 0.016429 0.051429
0 0.872043 0.676190 0.027143 0.051429
0 0.902043 0.756190 0.022857 0.062857
0 0.943929 0.770000 0.030704 0.052381
0 0.963570 0.751905 0.022857 0.042857
0 0.978929 0.730952 0.020704 0.039048
0 0.990357 0.705714 0.013571 0.037143
0 0.985704 0.817619 0.027143 0.056190
