0 0.684500 0.978333 0.046000 0.043333
0 0.720250 0.911333 0.019500 0.036000
0 0.821750 0.841000 0.024500 0.039333
0 0.796250 0.829000 0.035500 0.064667
0 0.875500 0.804000 0.042000 0.049333
0 0.746500 0.758333 0.042000 0.054000
0 0.780500 0.645667 0.022000 0.035333
0 0.800750 0.633000 0.030500 0.068667
0 0.656000 0.674333 0.008000 0.036667
0 0.635250 0.668333 0.030500 0.059333
0 0.662250 0.637333 0.024500 0.062667
0 0.588000 0.242333 0.002000 0.047333
0 0.572250 0.248667 0.012500 0.044000
0 0.569000 0.296667 0.015000 0.048000
0 0.550250 0.300667 0.015500 0.052000
0 0.542500 0.300667 0.016000 0.054667
0 0.568250 0.365333 0.008500 0.052000
0 0.594000 0.380000 0.004000 0.056000
0 0.480250 0.903667 0.024500 0.067333
0 0.522500 0.659667 0.007000 0.063333
0 0.476750 0.721000 0.025500 0.056667
0 0.535000 0.474333 0.008000 0.058000
0 0.532250 0.440000 0.008500 0.049333
0 0.506000 0.428000 0.013000 0.056000
0 0.468500 0.404667 0.015000 0.052000
0 0.497000 0.406667 0.016000 0.052000
0 0.508500 0.376333 0.003000 0.050000
0 0.570250 0.069000 0.009500 0.032667
0 0.527500 0.065667 0.008000 0.034000
0 0.497500 0.095667 0.000000 0.034000
0 0.496750 0.068000 0.006500 0.032000
0 0.409250 0.094333 0.005500 0.027333
0 0.446000 0.072000 0.013000 0.041333
0 0.430000 0.064667 0.010000 0.038667
0 0.437250 0.058000 0.012500 0.044000
0 0.309500 0.060333 0.008000 0.031333
0 0.308750 0.066333 0.001500 0.032667
0 0.363250 0.072333 0.007500 0.020667
0 0.369500 0.064333 0.008000 0.026000
0 0.337250 0.075333 0.009500 0.032000
0 0.334750 0.008667 0.011500 0.033333
0 0.309750 0.088000 0.012500 0.033333
0 0.302250 0.101667 0.012500 0.031333
0 0.240000 0.146333 0.013000 0.024667
0 0.081250 0.219000 0.010500 0.038000
0 0.064500 0.223667 0.014000 0.047333
0 0.050500 0.217333 0.020000 0.045333
0 0.016250 0.261000 0.019500 0.048667
0 0.073750 0.256667 0.020500 0.046667
0 0.058750 0.270333 0.026500 0.046667
0 0.062250 0.260333 0.017500 0.026000
0 0.015250 0.358333 0.030500 0.038000
0 0.762250 0.899000 0.033500 0.056667
0 0.058500 0.888667 0.064000 0.041333
0 0.077250 0.875667 0.042500 0.060667
0 0.220500 0.787000 0.046000 0.051333
0 0.084000 0.780667 0.050000 0.053333
0 0.249250 0.704333 0.032500 0.058000
0 0.325250 0.700333 0.030500 0.064667
0 0.306750 0.663333 0.026500 0.065333
0 0.230500 0.636000 0.032000 0.057333
0 0.331500 0.505667 0.021000 0.052667
0 0.309000 0.510000 0.031000 0.057333
0 0.280500 0.499333 0.027000 0.061333
0 0.244000 0.504667 0.026000 0.060000
0 0.048000 0.471000 0.024000 0.058000
0 0.068500 0.437667 0.026000 0.044667
0 0.143250 0.461667 0.021500 0.032667
0 0.022500 0.755000 0.045000 0.052667
0 0.058000 0.725000 0.047000 0.058000
0 0.089500 0.703333 0.047000 0.056000
0 0.046500 0.664000 0.050000 0.060333
