0 0.741750 0.983667 0.030500 0.032667
0 0.700000 0.976333 0.040000 0.047333
0 0.668250 0.895333 0.035500 0.050667
0 0.696250 0.852333 0.042500 0.050000
0 0.614250 0.718000 0.018500 0.037333
0 0.604500 0.653000 0.026000 0.044667
0 0.586250 0.650333 0.020500 0.056000
0 0.698750 0.625667 0.035500 0.059333
0 0.873750 0.592333 0.035500 0.050333
0 0.803000 0.507000 0.041000 0.064667
0 0.830500 0.448333 0.030000 0.055333
0 0.842750 0.470667 0.028500 0.036667
0 0.860500 0.469667 0.038000 0.059333
0 0.863000 0.492333 0.040000 0.064667
0 0.898750 0.478000 0.048500 0.064000
0 0.946000 0.495667 0.025000 0.032667
0 0.953750 0.506333 0.047500 0.056667
0 0.984500 0.527667 0.030000 0.047333
0 0.767000 0.299333 0.026000 0.056000
0 0.525000 0.365667 0.024000 0.062000
0 0.490500 0.373667 0.018000 0.054000
0 0.458750 0.368000 0.009500 0.053333
0 0.453500 0.343667 0.005000 0.043333
0 0.376500 0.305333 0.025000 0.057333
0 0.671250 0.295000 0.023500 0.054000
0 0.718750 0.294333 0.026500 0.043333
0 0.952500 0.204333 0.026000 0.047333
0 0.909500 0.225667 0.025000 0.047333
0 0.920250 0.203000 0.037500 0.050000
0 0.894500 0.090000 0.025000 0.054667
0 0.814000 0.194333 0.027000 0.055333
0 0.759250 0.208000 0.023500 0.062667
0 0.786250 0.082667 0.024500 0.054667
0 0.767750 0.061667 0.023500 0.062000
0 0.730000 0.124667 0.020000 0.054667
0 0.706250 0.000667 0.018500 0.049333
0 0.697000 0.022000 0.006000 0.044000
0 0.678750 0.263000 0.006500 0.050000
0 0.668250 0.240667 0.008500 0.062667
0 0.649250 0.183667 0.025500 0.052667
0 0.625500 0.020000 0.012000 0.042000
0 0.592250 0.023000 0.005500 0.046000
0 0.602250 0.115000 0.013500 0.046000
0 0.595000 0.054667 0.007000 0.053333
0 0.568000 0.003333 0.019000 0.057333
0 0.553250 0.035333 0.008500 0.053333
0 0.606250 0.220667 0.006500 0.060000
0 0.513750 0.245667 0.020500 0.058000
0 0.519000 0.160333 0.016000 0.038000
0 0.503000 0.007667 0.015000 0.043333
0 0.497500 0.095333 0.004000 0.045333
0 0.550250 0.043667 0.012500 0.058000
0 0.537750 0.033667 0.002500 0.054000
0 0.529250 0.027000 0.006500 0.028667
0 0.526250 0.047667 0.001500 0.038000
0 0.508250 0.042667 0.010500 0.042667
0 0.508250 0.027667 0.009500 0.032667
0 0.504500 0.036000 0.006000 0.014667
0 0.500750 0.009333 0.012500 0.038667
0 0.293750 0.024667 0.006500 0.045333
0 0.298500 0.006000 0.017000 0.032000
0 0.283000 0.023667 0.009000 0.047333
0 0.273250 0.020667 0.018500 0.043333
0 0.325500 0.224667 0.020000 0.030667
0 0.285250 0.259000 0.028500 0.052667
0 0.244500 0.384000 0.029000 0.052000
0 0.236250 0.357667 0.020500 0.038000
0 0.218000 0.366000 0.018000 0.038667
0 0.233500 0.203667 0.014000 0.027333
0 0.003250 0.244333 0.026500 0.039333
0 0.067750 0.254333 0.032500 0.051333
0 0.059250 0.335000 0.038500 0.051333
0 0.056750 0.363000 0.039500 0.055333
0 0.052500 0.382333 0.035000 0.050000
0 0.009500 0.406333 0.032000 0.040667
0 0.043000 0.360333 0.038000 0.050333
0 0.506250 0.573000 0.003500 0.054000
0 0.192000 0.286000 0.026000 0.056000
0 0.070250 0.365000 0.025500 0.014000
