0 0.646429 0.615714 0.007143 0.018095
0 0.549643 0.384762 0.006429 0.013333
0 0.528929 0.268571 0.003571 0.009524
0 0.587500 0.322857 0.003570 0.013333
0 0.538204 0.205238 0.003571 0.010476
0 0.554286 0.198571 0.004286 0.010476
0 0.581071 0.280476 0.002143 0.012381
0 0.670000 0.058570 0.002857 0.006667
0 0.573571 0.463810 0.007143 0.013333
0 0.381071 0.306190 0.005000 0.012381
0 0.365714 0.347143 0.004286 0.010476
0 0.462857 0.264762 0.004286 0.001429
0 0.467500 0.261905 0.006429 0.009524
0 0.266786 0.428095 0.007857 0.006190
0 0.377043 0.400476 0.005714 0.016190
0 0.303571 0.344762 0.004286 0.011429
0 0.309286 0.275238 0.005714 0.013333
0 0.326429 0.278095 0.004286 0.005238
0 0.329643 0.275704 0.006429 0.014286
0 0.243204 0.347619 0.007857 0.015238
0 0.244286 0.330429 0.005714 0.015238
0 0.324286 0.373333 0.004286 0.005238
0 0.226786 0.420429 0.009286 0.020000
0 0.092143 0.464286 0.005714 0.012381
0 0.026786 0.464286 0.002143 0.016190
