0 0.485714 0.915238 0.020000 0.038095
0 0.419286 0.455238 0.004286 0.013333
0 0.422857 0.450000 0.002857 0.008571
0 0.468214 0.382381 0.003571 0.010476
0 0.460000 0.371905 0.004286 0.012381
0 0.436786 0.409524 0.005000 0.020000
0 0.398204 0.414762 0.003571 0.016190
0 0.400000 0.421429 0.004286 0.020000
0 0.404286 0.409048 0.004286 0.016190
0 0.402857 0.289524 0.004286 0.009524
0 0.490714 0.243810 0.001429 0.003810
0 0.751071 0.462381 0.005000 0.012381
0 0.689286 0.387619 0.007143 0.020952
0 0.688204 0.297619 0.005000 0.012381
