0 0.744286 0.850905 0.005714 0.023810
0 0.747857 0.852380 0.005714 0.022857
0 0.758929 0.830905 0.006429 0.027619
0 0.808571 0.774762 0.007143 0.018095
0 0.744643 0.624286 0.003570 0.008571
0 0.729286 0.640429 0.002857 0.010476
0 0.730786 0.640952 0.003571 0.011429
0 0.590357 0.656090 0.003571 0.011429
0 0.603929 0.659048 0.003570 0.013333
0 0.597857 0.607043 0.002857 0.008571
0 0.609643 0.604286 0.003570 0.008571
0 0.394643 0.733800 0.006429 0.018095
0 0.356429 0.720429 0.005714 0.016190
0 0.092857 0.867609 0.010000 0.022857
