0 0.486786 0.740117 0.010714 0.027919
0 0.420000 0.453680 0.000000 0.034264
0 0.446786 0.450508 0.007857 0.035533
0 0.457043 0.261421 0.008571 0.038071
0 0.423204 0.186548 0.007857 0.027919
0 0.425000 0.083022 0.007143 0.024112
0 0.446786 0.090002 0.006429 0.027919
0 0.459286 0.089467 0.005704 0.026650
0 0.432857 0.060548 0.008571 0.026650
0 0.507857 0.050127 0.005714 0.024112
0 0.533929 0.052030 0.006429 0.022843
0 0.539286 0.043782 0.005704 0.026650
0 0.547043 0.048223 0.008571 0.025381
0 0.500429 0.010787 0.007143 0.019036
0 0.524286 0.303452 0.008571 0.022843
0 0.650071 0.560279 0.010714 0.019036
0 0.654643 0.570430 0.007857 0.016497
0 0.628204 0.239213 0.007857 0.034264
0 0.645357 0.240117 0.015000 0.030457
0 0.635704 0.288706 0.007143 0.021574
0 0.632143 0.308376 0.022857 0.020305
0 0.653204 0.288071 0.007857 0.030457
0 0.560429 0.340102 0.004286 0.015228
0 0.565704 0.344543 0.004286 0.034264
0 0.547857 0.404340 0.008571 0.031726
0 0.556429 0.397208 0.007043 0.022843
0 0.563570 0.410533 0.005714 0.019036
0 0.569286 0.496093 0.007143 0.030457
0 0.580786 0.517766 0.009286 0.038071
0 0.568929 0.503959 0.005000 0.012690
0 0.573570 0.523477 0.005714 0.019036
0 0.580704 0.489213 0.008571 0.024112
0 0.575357 0.487300 0.006429 0.022843
0 0.555704 0.253807 0.005714 0.012690
0 0.560357 0.242386 0.007857 0.032995
0 0.559286 0.202563 0.007143 0.031726
0 0.549643 0.230330 0.006429 0.029088
0 0.553929 0.096701 0.006429 0.015228
0 0.473571 0.202411 0.007143 0.021574
0 0.470357 0.199239 0.007857 0.017766
