0 0.352043 0.635238 0.010000 0.030476
0 0.356429 0.700905 0.010000 0.028571
0 0.404643 0.822380 0.009286 0.031429
0 0.389643 0.833800 0.010714 0.031429
0 0.376429 0.830000 0.000000 0.023810
0 0.370704 0.857619 0.011429 0.027619
0 0.397857 0.924762 0.008570 0.022857
0 0.383570 0.927143 0.011429 0.031429
0 0.376070 0.935238 0.013571 0.032381
0 0.352500 0.959048 0.005000 0.034286
0 0.340357 0.977609 0.013571 0.033333
0 0.334643 0.946090 0.013571 0.029524
0 0.308571 0.981905 0.014286 0.026667
0 0.296786 0.949048 0.002143 0.029524
0 0.300704 0.935238 0.017143 0.028571
0 0.320704 0.887143 0.011429 0.021905
0 0.327500 0.879524 0.009286 0.020000
0 0.345000 0.860429 0.010000 0.029524
0 0.358570 0.828095 0.010000 0.031429
0 0.366786 0.822380 0.012143 0.031429
0 0.254643 0.940429 0.010714 0.018095
0 0.262043 0.924762 0.014286 0.028571
0 0.200704 0.976667 0.015714 0.031429
0 0.960357 0.780905 0.017857 0.024762
0 0.880357 0.534286 0.009286 0.020952
0 0.824286 0.463333 0.001429 0.020000
0 0.790071 0.430000 0.007857 0.021905
0 0.670786 0.349048 0.005000 0.016190
0 0.698929 0.374286 0.006429 0.007143
0 0.692500 0.373333 0.006429 0.009048
0 0.647043 0.311429 0.005714 0.015238
0 0.640000 0.301429 0.004286 0.013333
0 0.635000 0.307043 0.005714 0.016190
0 0.638570 0.294286 0.005714 0.015238
0 0.646429 0.304762 0.004286 0.005238
0 0.680704 0.239524 0.004286 0.014286
0 0.675357 0.252380 0.003571 0.013333
0 0.672043 0.252381 0.004286 0.015238
0 0.676070 0.238095 0.005000 0.015238
0 0.670786 0.237143 0.005000 0.015238
0 0.676786 0.209524 0.005000 0.001429
0 0.687043 0.207143 0.004286 0.012381
0 0.683929 0.204286 0.005000 0.004286
0 0.783929 0.053810 0.003571 0.010476
0 0.780704 0.153333 0.004286 0.011429
0 0.774286 0.053810 0.004286 0.010476
0 0.894286 0.224762 0.007043 0.015238
0 0.907043 0.250000 0.005714 0.014286
0 0.946429 0.201905 0.005714 0.014286
0 0.934643 0.220905 0.006429 0.013333
0 0.930357 0.220429 0.006429 0.014286
0 0.909643 0.076190 0.005000 0.011429
0 0.904643 0.074762 0.006429 0.012381
0 0.925357 0.070952 0.006429 0.012381
0 0.901429 0.148571 0.005714 0.013333
0 0.980786 0.127143 0.006429 0.010476
