0 0.357043 0.874286 0.037143 0.060952
0 0.680429 0.400476 0.014286 0.044762
0 0.526070 0.419048 0.013571 0.038095
0 0.520786 0.334762 0.016429 0.033333
0 0.494643 0.300905 0.013571 0.032381
0 0.696070 0.023333 0.010714 0.027619
0 0.489286 0.300000 0.008571 0.040952
0 0.016071 0.320952 0.016429 0.032381
0 0.243570 0.300476 0.022857 0.042857
0 0.450000 0.575704 0.012857 0.058095
0 0.548929 0.379048 0.013571 0.038095
0 0.418214 0.344762 0.023571 0.032381
0 0.581429 0.253810 0.012857 0.033333
0 0.450357 0.310952 0.016429 0.040952
0 0.495000 0.067143 0.011429 0.029524
0 0.499643 0.054286 0.009286 0.032381
0 0.497500 0.094286 0.000714 0.034286
0 0.529643 0.010000 0.012143 0.031429
0 0.537857 0.089524 0.000000 0.024762
0 0.554643 0.076667 0.009286 0.025714
0 0.720714 0.096667 0.011429 0.020000
