0 0.455714 0.578095 0.007143 0.017143
0 0.536786 0.471905 0.006429 0.016190
0 0.483571 0.346190 0.004286 0.010476
0 0.466786 0.383333 0.005000 0.010476
0 0.933214 0.870952 0.010714 0.018095
0 0.322500 0.790476 0.000714 0.019048
0 0.700000 0.301905 0.004286 0.014286
0 0.680704 0.269524 0.004286 0.009524
0 0.652043 0.257619 0.004286 0.012381
0 0.659643 0.247609 0.003571 0.011429
0 0.676070 0.245714 0.005000 0.011429
0 0.670357 0.243800 0.005000 0.013333
0 0.640357 0.239524 0.003570 0.008571
0 0.659286 0.242857 0.002857 0.001429
0 0.659286 0.324286 0.005704 0.018095
0 0.686429 0.337143 0.004286 0.009524
0 0.772857 0.459524 0.005714 0.012381
