0 0.680605 0.785305 0.030758 0.095420
0 0.622308 0.686069 0.022890 0.072519
0 0.679542 0.880725 0.031474 0.095420
0 0.694206 0.706126 0.025036 0.081107
0 0.645923 0.483302 0.001445 0.046756
0 0.639027 0.541031 0.013591 0.053435
0 0.600931 0.532443 0.007868 0.038168
0 0.604077 0.547700 0.010730 0.026718
0 0.602661 0.510973 0.015021 0.048664
0 0.506094 0.497615 0.015021 0.046756
0 0.500705 0.473282 0.014306 0.036260
0 0.521102 0.477099 0.013591 0.038168
0 0.618741 0.525286 0.010014 0.020038
0 0.626252 0.523378 0.012160 0.023855
0 0.548999 0.470897 0.000730 0.029580
0 0.662732 0.473282 0.000730 0.032443
0 0.600043 0.494752 0.012876 0.044847
0 0.585479 0.492366 0.002160 0.040076
0 0.490059 0.382634 0.007868 0.020992
0 0.482017 0.384542 0.008584 0.015267
0 0.572604 0.398378 0.007868 0.025763
0 0.636266 0.623092 0.019313 0.047710
