0 0.076429 0.083810 0.014286 0.024762
0 0.070704 0.188095 0.007143 0.014286
0 0.063929 0.081429 0.012143 0.023810
0 0.298214 0.188571 0.007857 0.019048
0 0.350357 0.176667 0.005000 0.012381
0 0.348214 0.177619 0.009286 0.021905
0 0.390429 0.121905 0.010000 0.024762
0 0.405704 0.126667 0.008571 0.024762
0 0.560357 0.020952 0.006429 0.024762
0 0.555000 0.487609 0.012857 0.020952
0 0.603214 0.460000 0.010714 0.015238
0 0.737857 0.396090 0.011429 0.028571
0 0.819286 0.876190 0.015714 0.022857
0 0.928214 0.514286 0.007857 0.019048
