0 0.357500 0.985704 0.012143 0.022857
0 0.380786 0.982857 0.009286 0.024762
0 0.424643 0.956667 0.009286 0.025704
0 0.008570 0.332857 0.017143 0.012381
0 0.000000 0.290476 0.020000 0.017143
0 0.060000 0.350952 0.004286 0.014286
0 0.006786 0.315714 0.019286 0.014286
0 0.800000 0.500429 0.012857 0.014286
0 0.834286 0.530476 0.001429 0.011429
0 0.836070 0.552381 0.015000 0.007619
0 0.825704 0.543333 0.010000 0.008571
0 0.478204 0.950476 0.013571 0.013333
0 0.473929 0.920429 0.010714 0.020000
0 0.486429 0.898095 0.008570 0.020952
0 0.466786 0.840476 0.002143 0.018095
0 0.447043 0.838095 0.010000 0.017143
0 0.462500 0.890905 0.013571 0.023810
0 0.424286 0.903333 0.007043 0.023810
0 0.474643 0.896667 0.007857 0.025704
