0 0.098929 0.920000 0.019286 0.043810
0 0.207857 0.916667 0.017143 0.042857
0 0.062500 0.900952 0.025000 0.026667
0 0.065000 0.890952 0.030000 0.023800
0 0.001071 0.843810 0.017857 0.026667
0 0.095704 0.791429 0.028571 0.043810
0 0.087857 0.760905 0.024286 0.034286
0 0.455704 0.620000 0.010000 0.022857
0 0.640071 0.627619 0.012143 0.032381
0 0.236429 0.480476 0.012857 0.016190
0 0.238214 0.478571 0.012143 0.016190
0 0.239643 0.475238 0.013571 0.019048
0 0.259643 0.437043 0.010714 0.030476
0 0.283570 0.381905 0.010000 0.026667
0 0.270786 0.378095 0.007857 0.022857
0 0.258204 0.368095 0.009286 0.018095
0 0.340071 0.346667 0.009286 0.022857
0 0.330786 0.340476 0.007857 0.025714
0 0.330000 0.335238 0.008570 0.022857
0 0.359643 0.360476 0.007857 0.023800
0 0.365704 0.361429 0.007143 0.025714
0 0.370000 0.362857 0.007043 0.024762
0 0.389286 0.394286 0.008570 0.026667
0 0.395704 0.399524 0.007143 0.029524
0 0.400786 0.408571 0.009286 0.028571
0 0.357500 0.333800 0.007857 0.020000
0 0.364643 0.335704 0.009286 0.021905
0 0.458570 0.293810 0.005714 0.021905
0 0.463204 0.293333 0.006429 0.020952
0 0.502043 0.236190 0.004286 0.017143
0 0.505000 0.235704 0.005714 0.018095
0 0.508204 0.237143 0.005000 0.019048
0 0.525000 0.237043 0.005714 0.019048
0 0.530357 0.236090 0.005000 0.019048
0 0.534286 0.242380 0.005714 0.020000
0 0.542043 0.243333 0.005714 0.020000
0 0.526070 0.227619 0.003571 0.017143
0 0.529643 0.228095 0.005000 0.020000
0 0.563570 0.214286 0.005714 0.017143
0 0.568570 0.214286 0.005714 0.019048
0 0.564643 0.203333 0.005000 0.004286
0 0.569643 0.203800 0.005000 0.017143
0 0.586786 0.074762 0.005000 0.016190
0 0.592043 0.173810 0.004286 0.014286
0 0.595000 0.073810 0.004286 0.014286
0 0.604643 0.075714 0.003571 0.016190
0 0.608571 0.153333 0.004286 0.013333
0 0.623929 0.055238 0.003571 0.011429
0 0.626429 0.054286 0.004286 0.011429
0 0.586786 0.038095 0.003571 0.013333
0 0.740429 0.060000 0.004286 0.009524
0 0.789643 0.038095 0.005000 0.013333
0 0.795704 0.140952 0.005714 0.013333
0 0.836786 0.044286 0.005000 0.012381
0 0.840704 0.147143 0.004286 0.014286
0 0.823929 0.090952 0.005000 0.008570
0 0.850357 0.078095 0.005000 0.001429
0 0.868570 0.083333 0.004286 0.010476
0 0.870704 0.081905 0.004286 0.009524
0 0.876786 0.090905 0.003571 0.010476
0 0.878929 0.080476 0.005000 0.000476
0 0.894643 0.075238 0.003570 0.007619
0 0.882500 0.004286 0.007857 0.012381
0 0.885000 0.014286 0.002857 0.009524
0 0.887857 0.014762 0.004286 0.010476
0 0.890357 0.014762 0.003571 0.012381
