0 0.029643 0.900380 0.015000 0.031726
0 0.041786 0.765863 0.016429 0.036802
0 0.309286 0.967005 0.000000 0.032995
0 0.380071 0.884518 0.007857 0.032995
0 0.454286 0.748730 0.007143 0.032995
0 0.508571 0.704315 0.010000 0.030457
0 0.587043 0.625000 0.005714 0.029188
0 0.593204 0.595178 0.009286 0.030457
0 0.542043 0.881345 0.007143 0.024112
0 0.722857 0.948604 0.018571 0.016497
0 0.772500 0.079569 0.006429 0.021574
0 0.780704 0.178934 0.005714 0.020305
0 0.609286 0.290609 0.004286 0.022843
0 0.625357 0.288706 0.005000 0.024012
0 0.650357 0.293782 0.007857 0.024012
0 0.690429 0.244289 0.005714 0.024112
0 0.800704 0.156726 0.005714 0.019036
0 0.472857 0.472080 0.005714 0.035533
0 0.470704 0.460660 0.007143 0.027919
0 0.400429 0.491117 0.005714 0.022843
0 0.007500 0.609924 0.013571 0.034264
0 0.004643 0.619924 0.012143 0.031726
0 0.025714 0.592640 0.007143 0.022843
0 0.035000 0.588832 0.005714 0.017766
0 0.038214 0.586929 0.006429 0.026650
0 0.033571 0.559645 0.005714 0.022843
0 0.041786 0.507614 0.006429 0.020305
0 0.023214 0.514594 0.006429 0.021574
0 0.027857 0.511421 0.007143 0.022843
0 0.303214 0.163071 0.003571 0.021574
0 0.027043 0.111041 0.005714 0.016497
0 0.034286 0.030076 0.005714 0.016497
0 0.037857 0.023731 0.004286 0.013959
0 0.043929 0.030711 0.003571 0.017766
0 0.001786 0.253173 0.005000 0.021574
0 0.014286 0.242386 0.007143 0.017766
0 0.224286 0.200508 0.004286 0.015228
