0 0.155000 0.839524 0.024286 0.027619
0 0.246429 0.009048 0.007143 0.008571
0 0.602043 0.416667 0.015714 0.042857
0 0.526070 0.480000 0.016429 0.043810
0 0.542857 0.486667 0.001429 0.049524
0 0.007500 0.010000 0.009286 0.020000
0 0.280357 0.076090 0.009286 0.028571
0 0.420357 0.033333 0.009286 0.028571
0 0.436786 0.051429 0.007857 0.030476
0 0.447500 0.037143 0.010714 0.026667
0 0.400429 0.132857 0.007143 0.029524
0 0.389286 0.000476 0.008571 0.027619
0 0.396070 0.074286 0.007857 0.028571
0 0.390704 0.087143 0.005714 0.025714
0 0.367043 0.029524 0.005714 0.022857
0 0.380786 0.040952 0.005000 0.020952
0 0.468929 0.325238 0.000714 0.031429
0 0.525000 0.240429 0.008571 0.031429
0 0.496429 0.202857 0.004286 0.026667
0 0.540786 0.333810 0.010714 0.033333
0 0.500071 0.279048 0.013571 0.043810
0 0.505714 0.180952 0.012857 0.034286
0 0.492043 0.169048 0.008571 0.029524
0 0.493929 0.040476 0.007857 0.021905
0 0.551071 0.296190 0.013571 0.024762
0 0.803204 0.285238 0.012143 0.023810
0 0.752043 0.158571 0.008571 0.029524
0 0.943204 0.248095 0.013571 0.029524
