0 0.720000 0.040000 0.008570 0.022857
0 0.464643 0.085714 0.007857 0.034286
0 0.462857 0.070476 0.010000 0.026667
0 0.453570 0.162857 0.010000 0.028571
0 0.470786 0.163810 0.012143 0.034286
0 0.500357 0.062857 0.009286 0.036190
0 0.533214 0.121905 0.010714 0.026667
0 0.538214 0.120952 0.007857 0.028571
0 0.514643 0.040476 0.006429 0.016190
0 0.687500 0.260000 0.005000 0.040000
0 0.676070 0.261429 0.010714 0.037143
0 0.493204 0.030000 0.005000 0.021905
0 0.503929 0.037143 0.007857 0.022857
0 0.585000 0.027619 0.005714 0.020952
