0 0.099426 0.328850 0.002004 0.034323
0 0.136221 0.361781 0.014614 0.027829
0 0.140397 0.401206 0.013570 0.028757
0 0.198330 0.450371 0.011482 0.032468
0 0.223904 0.482839 0.013570 0.030612
0 0.238779 0.500928 0.013048 0.033395
0 0.258612 0.517625 0.014092 0.037106
0 0.279228 0.539889 0.015658 0.031540
0 0.303236 0.522727 0.003570 0.052876
0 0.399269 0.583488 0.014614 0.046382
0 0.342119 0.565399 0.014092 0.038033
0 0.533142 0.678108 0.018267 0.038961
0 0.607777 0.683200 0.016180 0.060297
0 0.824013 0.719852 0.027140 0.063080
0 0.859080 0.738868 0.015658 0.076994
0 0.973643 0.774019 0.021399 0.058442
