0 0.008090 0.793035 0.013048 0.035250
0 0.003914 0.803340 0.007829 0.024119
0 0.078549 0.592764 0.008873 0.029685
0 0.090030 0.585343 0.009916 0.029685
0 0.057150 0.471707 0.010960 0.021336
0 0.039044 0.317718 0.007307 0.019481
0 0.009134 0.172078 0.003653 0.006494
0 0.205898 0.445733 0.007829 0.025046
0 0.079802 0.508813 0.010960 0.030612
0 0.170929 0.531076 0.009916 0.023191
0 0.097808 0.543135 0.011482 0.030612
0 0.366388 0.683673 0.011482 0.020408
0 0.372651 0.673469 0.011482 0.022263
0 0.816284 0.727273 0.006263 0.016698
0 0.818633 0.728200 0.010960 0.022263
0 0.823330 0.735158 0.010960 0.019481
0 0.820459 0.718460 0.006263 0.023191
0 0.815501 0.709647 0.009916 0.027829
0 0.988508 0.667904 0.012526 0.035250
0 0.980994 0.663265 0.012004 0.035250
0 0.828800 0.312152 0.006263 0.015770
0 0.786534 0.299629 0.004075 0.014842
0 0.784708 0.296846 0.004697 0.007421
0 0.776879 0.294527 0.004697 0.005770
0 0.770399 0.295918 0.004175 0.014842
0 0.770399 0.293135 0.003132 0.014842
0 0.775052 0.290744 0.003132 0.013915
0 0.601430 0.345547 0.006785 0.015770
0 0.581159 0.431818 0.007829 0.021336
0 0.445459 0.356679 0.005741 0.019481
0 0.418841 0.336271 0.004697 0.012059
0 0.374739 0.334879 0.004175 0.009276
0 0.252349 0.489332 0.007829 0.025046
0 0.272443 0.474026 0.009395 0.018553
0 0.272443 0.463358 0.008351 0.019481
0 0.287578 0.465213 0.007307 0.025046
0 0.209290 0.492115 0.008351 0.017625
0 0.274008 0.269017 0.005219 0.012987
0 0.139092 0.170223 0.003653 0.010204
0 0.057933 0.108071 0.003132 0.006494
0 0.053497 0.087662 0.002610 0.006494
