0 0.638929 0.025380 0.007857 0.035533
0 0.644286 0.348350 0.007043 0.036802
0 0.687500 0.406090 0.007857 0.030457
0 0.698570 0.395939 0.010000 0.038071
0 0.820071 0.251904 0.012143 0.029188
0 0.535000 0.088098 0.010000 0.034264
0 0.507143 0.099619 0.010000 0.026650
0 0.508570 0.048223 0.010000 0.035533
0 0.508571 0.045051 0.007143 0.029188
0 0.530704 0.047589 0.005714 0.031726
0 0.537500 0.047589 0.007857 0.030726
0 0.707500 0.514594 0.020714 0.021574
0 0.507143 0.954949 0.012857 0.036802
0 0.538204 0.932107 0.009286 0.029188
0 0.537857 0.880701 0.010000 0.043147
0 0.497500 0.937083 0.016429 0.021574
0 0.457857 0.603426 0.000000 0.034264
0 0.463570 0.527284 0.011429 0.036802
0 0.566429 0.378807 0.005704 0.029188
0 0.545704 0.392132 0.008571 0.035533
0 0.503204 0.365482 0.005000 0.025381
0 0.475357 0.372462 0.000714 0.034264
0 0.726429 0.463832 0.002857 0.026650
0 0.860704 0.241751 0.018571 0.041878
0 0.530357 0.030457 0.007857 0.030457
