0 0.736429 0.540905 0.024286 0.051429
0 0.774286 0.496090 0.018571 0.047619
0 0.790071 0.506667 0.017857 0.047619
0 0.808570 0.517619 0.022857 0.046667
0 0.850071 0.572857 0.025000 0.054286
0 0.898204 0.595238 0.019286 0.055238
0 0.890000 0.078571 0.014286 0.035238
0 0.605000 0.141429 0.011429 0.033333
0 0.075000 0.068571 0.011429 0.020952
0 0.042143 0.151905 0.011429 0.035238
0 0.083929 0.023810 0.009286 0.022857
0 0.044286 0.145238 0.010000 0.025714
0 0.047143 0.116667 0.012857 0.025714
0 0.020714 0.114286 0.012857 0.024762
0 0.050714 0.115238 0.005714 0.020952
0 0.055357 0.115238 0.007857 0.026667
0 0.027500 0.116667 0.009286 0.021905
0 0.030000 0.116667 0.007143 0.023810
0 0.033929 0.115238 0.009286 0.024762
0 0.005714 0.118095 0.010000 0.019048
0 0.000714 0.121429 0.008571 0.020000
0 0.090357 0.021905 0.009286 0.028571
0 0.079643 0.020476 0.009286 0.021905
0 0.095000 0.112381 0.007143 0.024762
0 0.200000 0.009524 0.012857 0.028571
0 0.205000 0.114286 0.007143 0.024762
0 0.220357 0.012857 0.009286 0.029524
0 0.240786 0.114286 0.009286 0.030476
0 0.258204 0.109048 0.007857 0.023810
0 0.265357 0.007143 0.009286 0.025714
0 0.287043 0.112381 0.011429 0.019048
0 0.290071 0.102381 0.007857 0.021905
0 0.377500 0.004762 0.009286 0.020952
0 0.323929 0.007619 0.012143 0.034286
0 0.395357 0.061905 0.012143 0.038095
0 0.268570 0.178571 0.014286 0.029524
0 0.016786 0.281905 0.023571 0.036190
0 0.837500 0.225714 0.009286 0.036190
0 0.141786 0.555238 0.017857 0.040000
0 0.153929 0.557619 0.020714 0.042857
0 0.200000 0.531905 0.014286 0.048571
0 0.215357 0.485714 0.017857 0.040000
0 0.980071 0.443810 0.017857 0.040000
0 0.994643 0.436190 0.010714 0.040000
0 0.956786 0.019524 0.009286 0.033333
0 0.848929 0.051429 0.010714 0.032381
0 0.849286 0.030476 0.010000 0.032381
0 0.857857 0.041905 0.011429 0.032381
0 0.774643 0.129524 0.007857 0.020952
0 0.824643 0.037143 0.006429 0.030476
0 0.807500 0.152857 0.016429 0.031429
0 0.806071 0.131905 0.010714 0.021905
0 0.803214 0.134286 0.007857 0.024762
0 0.834286 0.130000 0.007143 0.021905
0 0.955357 0.563333 0.025000 0.052381
0 0.312857 0.696667 0.035714 0.061905
0 0.447500 0.156190 0.007857 0.022857
0 0.602500 0.040476 0.009286 0.033333
0 0.540429 0.157619 0.012857 0.035238
