0 0.508750 0.608333 0.004500 0.001333
0 0.445250 0.497667 0.003500 0.002667
0 0.720250 0.450333 0.003500 0.012000
0 0.689250 0.099000 0.003500 0.007333
0 0.653500 0.032000 0.003000 0.006667
0 0.665750 0.040000 0.002500 0.006667
0 0.852500 0.369000 0.004000 0.000000
0 0.859750 0.356333 0.003500 0.000000
0 0.850000 0.346667 0.004000 0.009333
0 0.826750 0.384000 0.005500 0.004667
0 0.832000 0.324667 0.004000 0.000667
0 0.809500 0.309000 0.005000 0.010000
0 0.825750 0.290667 0.005500 0.010000
0 0.807250 0.296000 0.003500 0.008000
0 0.795250 0.264333 0.003500 0.008667
0 0.796250 0.247333 0.003500 0.009333
0 0.805750 0.255333 0.004500 0.009333
0 0.807000 0.263333 0.006000 0.000667
0 0.805750 0.283000 0.003500 0.008667
0 0.800000 0.274333 0.004000 0.008667
0 0.820000 0.270667 0.004000 0.009333
0 0.805250 0.259000 0.004500 0.010000
0 0.809500 0.226000 0.004000 0.008000
0 0.800750 0.213667 0.004500 0.006000
0 0.808000 0.238333 0.005000 0.010000
0 0.794000 0.298000 0.004000 0.000667
0 0.746250 0.085667 0.003500 0.010000
