0 0.252500 0.018571 0.013571 0.039048
0 0.322500 0.060000 0.005000 0.022857
0 0.329286 0.090476 0.007143 0.019048
0 0.269286 0.200476 0.008571 0.022857
0 0.276786 0.365714 0.007857 0.013333
0 0.266429 0.423333 0.010000 0.020000
0 0.360704 0.433333 0.008571 0.028571
0 0.433570 0.617619 0.011429 0.018095
0 0.434643 0.635704 0.007857 0.016190
0 0.448929 0.603810 0.010714 0.016190
0 0.497043 0.634286 0.010000 0.030476
0 0.433929 0.675704 0.012143 0.025714
0 0.550704 0.504286 0.014286 0.033333
0 0.501429 0.565714 0.008571 0.026667
0 0.596786 0.480000 0.007857 0.032380
0 0.606429 0.480476 0.008571 0.027619
0 0.585704 0.503333 0.008571 0.025714
0 0.396070 0.366190 0.012143 0.027619
0 0.390786 0.426190 0.010714 0.025714
0 0.458570 0.417619 0.008571 0.029524
0 0.386429 0.409524 0.000000 0.022857
0 0.398929 0.034762 0.005000 0.014286
0 0.467857 0.082857 0.004286 0.007143
0 0.484286 0.030952 0.000000 0.029524
0 0.390429 0.016667 0.005714 0.016190
0 0.576070 0.010476 0.010714 0.020952
0 0.593929 0.091429 0.005000 0.011429
0 0.660357 0.066667 0.003570 0.015238
0 0.896071 0.111905 0.007857 0.010476
0 0.921786 0.110000 0.007857 0.016190
0 0.363570 0.342381 0.011429 0.027619
