0 0.708507 0.049165 0.003653 0.012987
0 0.711639 0.037570 0.003653 0.010204
0 0.711117 0.028293 0.003653 0.008349
0 0.674582 0.083952 0.004697 0.015770
0 0.667797 0.083952 0.004697 0.012059
0 0.674582 0.190167 0.004697 0.016698
0 0.714509 0.230983 0.005219 0.016698
0 0.709290 0.255566 0.007307 0.015770
0 0.697025 0.341373 0.005741 0.022263
0 0.714248 0.363173 0.006785 0.019481
0 0.702505 0.392393 0.007307 0.020408
0 0.702766 0.399351 0.005741 0.013915
0 0.701200 0.582560 0.007829 0.022263
0 0.584551 0.599722 0.009395 0.017625
0 0.589248 0.596011 0.008351 0.019481
0 0.612213 0.657236 0.010438 0.034323
0 0.626827 0.664193 0.011482 0.029685
0 0.709290 0.702690 0.008351 0.026902
0 0.750566 0.740724 0.009395 0.039889
0 0.720816 0.908627 0.013570 0.036178
