0 0.475750 0.885333 0.007500 0.022667
0 0.484750 0.873667 0.009500 0.040667
0 0.100000 0.612667 0.003000 0.009333
0 0.096000 0.643000 0.006000 0.005333
0 0.001500 0.644667 0.006000 0.016000
0 0.052250 0.657667 0.004500 0.006667
0 0.056750 0.660333 0.004500 0.016000
0 0.026000 0.668333 0.009000 0.008000
0 0.024250 0.663333 0.005500 0.007333
0 0.363750 0.625000 0.004500 0.010000
0 0.370250 0.637333 0.004500 0.014667
0 0.374250 0.623333 0.003500 0.002000
0 0.400250 0.611000 0.003500 0.011333
0 0.303750 0.595000 0.002500 0.010000
0 0.459000 0.622333 0.003000 0.000000
0 0.466250 0.632667 0.003500 0.003333
0 0.472000 0.632000 0.002000 0.000667
0 0.326500 0.604000 0.003000 0.005333
0 0.323250 0.583333 0.002500 0.000667
0 0.427500 0.598667 0.003000 0.009333
0 0.302250 0.589000 0.002500 0.008667
