0 0.865357 0.390000 0.005000 0.008571
0 0.595357 0.772381 0.007857 0.017143
0 0.582143 0.733333 0.007143 0.011429
0 0.437143 0.898571 0.011429 0.020000
0 0.427500 0.933333 0.006429 0.026667
0 0.332500 0.536090 0.005000 0.019048
0 0.378204 0.577143 0.005000 0.019048
0 0.393929 0.538095 0.005000 0.007143
0 0.392043 0.522381 0.005714 0.012381
0 0.408571 0.537143 0.004286 0.015238
0 0.449643 0.534762 0.005000 0.006190
0 0.423929 0.524286 0.006429 0.006190
0 0.406786 0.520476 0.005000 0.018095
0 0.360000 0.503333 0.005714 0.015238
0 0.357857 0.506090 0.005714 0.014286
0 0.402143 0.529048 0.004286 0.018095
0 0.513214 0.470000 0.003571 0.010476
