0 0.526500 0.563333 0.012000 0.025333
0 0.733000 0.432667 0.009000 0.020000
0 0.778000 0.471333 0.010000 0.022667
0 0.783500 0.479000 0.011000 0.024667
0 0.794500 0.478667 0.009000 0.022667
0 0.791250 0.472667 0.009500 0.020000
0 0.982500 0.558333 0.008000 0.039333
0 0.987000 0.474667 0.003000 0.036000
0 0.956000 0.456000 0.002000 0.029333
0 0.985250 0.660667 0.008500 0.045333
0 0.993500 0.679667 0.002000 0.040667
0 0.995250 0.475333 0.008500 0.033333
0 0.979500 0.439000 0.001000 0.028667
0 0.993750 0.400667 0.001500 0.025333
0 0.995250 0.422667 0.008500 0.021333
0 0.939750 0.367333 0.011500 0.020000
0 0.950500 0.363000 0.001000 0.027333
0 0.945500 0.357333 0.008000 0.020333
0 0.950750 0.352667 0.008500 0.024000
0 0.928000 0.352667 0.009000 0.024000
0 0.934250 0.340333 0.006500 0.018667
0 0.933000 0.346333 0.006000 0.008000
0 0.935500 0.352333 0.006000 0.005333
0 0.901250 0.365667 0.006500 0.018000
0 0.864500 0.346667 0.008000 0.020000
0 0.845250 0.340000 0.007500 0.020333
0 0.763250 0.330667 0.005500 0.022667
0 0.733750 0.325333 0.006500 0.020000
0 0.520000 0.375667 0.009000 0.022000
0 0.500750 0.378000 0.007500 0.017333
0 0.506750 0.379667 0.004500 0.008000
0 0.486250 0.420667 0.008500 0.022667
0 0.456500 0.353000 0.007000 0.020667
0 0.465750 0.344000 0.006500 0.020333
0 0.443250 0.344000 0.006500 0.020000
0 0.406500 0.333333 0.006000 0.020000
0 0.335500 0.318000 0.009000 0.014667
0 0.437750 0.245000 0.004500 0.005333
0 0.560500 0.281000 0.005000 0.018000
0 0.568000 0.279667 0.005000 0.008000
0 0.670750 0.356667 0.004500 0.018667
0 0.655000 0.326667 0.005000 0.020333
0 0.652750 0.322333 0.004500 0.022000
0 0.660250 0.309667 0.006500 0.019333
0 0.672250 0.322667 0.005500 0.008667
0 0.700000 0.307000 0.006000 0.022000
0 0.722750 0.305333 0.004500 0.020000
0 0.706250 0.290000 0.003500 0.018667
0 0.685000 0.300000 0.007000 0.004667
0 0.679250 0.302667 0.004500 0.007333
0 0.693750 0.299667 0.003500 0.006667
0 0.724250 0.267333 0.004500 0.006000
0 0.728000 0.258667 0.004000 0.004667
0 0.732500 0.257667 0.004000 0.004000
0 0.740000 0.252333 0.004000 0.002667
0 0.754000 0.240000 0.005000 0.004667
0 0.762750 0.240333 0.004500 0.014667
0 0.750250 0.257333 0.004500 0.014667
0 0.747750 0.259333 0.003500 0.006000
0 0.752500 0.263000 0.003000 0.004000
0 0.706500 0.252667 0.003000 0.014667
0 0.704000 0.252000 0.004000 0.014667
0 0.703250 0.247667 0.003500 0.015333
0 0.726500 0.252333 0.004000 0.004000
0 0.709000 0.295000 0.007000 0.009333
0 0.736750 0.262000 0.002500 0.009333
0 0.732750 0.264000 0.004500 0.004667
0 0.729250 0.270667 0.003500 0.016667
0 0.725750 0.272000 0.004500 0.007333
0 0.744000 0.259667 0.004000 0.006667
0 0.745250 0.246000 0.005500 0.008667
0 0.756750 0.242667 0.003500 0.003333
0 0.750000 0.247000 0.004000 0.014000
0 0.722000 0.258667 0.004000 0.006000
0 0.749250 0.265000 0.004500 0.004000
0 0.925750 0.331000 0.006500 0.011333
0 0.920000 0.317000 0.007000 0.020667
0 0.922500 0.295000 0.010000 0.011333
0 0.931250 0.295667 0.006500 0.011333
0 0.902250 0.300000 0.005500 0.017333
0 0.920250 0.271000 0.005500 0.010000
0 0.902500 0.270667 0.005000 0.014667
0 0.899500 0.265000 0.006000 0.005333
0 0.834000 0.252333 0.005000 0.005333
0 0.724500 0.090667 0.004000 0.012000
