0 0.607500 0.666878 0.009286 0.044416
0 0.625000 0.645305 0.007043 0.041878
0 0.635000 0.635052 0.008571 0.044416
0 0.707143 0.619289 0.015714 0.030457
0 0.490357 0.290878 0.013571 0.025381
0 0.460429 0.276650 0.004286 0.022843
0 0.470429 0.257614 0.008571 0.030457
0 0.598204 0.323604 0.006429 0.030457
0 0.589643 0.292503 0.005000 0.031726
0 0.630429 0.319162 0.005714 0.029188
0 0.626786 0.304721 0.006429 0.032995
0 0.668929 0.360406 0.009286 0.025380
0 0.601786 0.295051 0.007857 0.031726
0 0.565000 0.928934 0.002857 0.035533
0 0.567043 0.981599 0.011429 0.034264
0 0.406429 0.855964 0.007043 0.024112
0 0.400429 0.869289 0.010000 0.027919
0 0.642500 0.285533 0.006429 0.030457
0 0.675357 0.305355 0.007857 0.029188
0 0.663929 0.327401 0.007857 0.032995
0 0.698570 0.350888 0.007143 0.034264
0 0.801786 0.456853 0.013571 0.030457
0 0.803929 0.450777 0.010714 0.030457
0 0.728570 0.336294 0.008571 0.027919
0 0.667043 0.295685 0.007143 0.027919
0 0.662043 0.294416 0.007143 0.027919
0 0.654286 0.284898 0.007043 0.026650
0 0.649286 0.279088 0.007143 0.030457
0 0.739286 0.334390 0.010000 0.031726
0 0.720071 0.332487 0.007857 0.032995
0 0.550429 0.235406 0.005714 0.029188
0 0.566786 0.230964 0.005000 0.022843
0 0.557857 0.230330 0.005704 0.021574
0 0.490429 0.197970 0.008571 0.022843
0 0.576429 0.242386 0.007043 0.025381
0 0.605000 0.267032 0.008571 0.021574
0 0.602500 0.267766 0.005000 0.017766
0 0.592857 0.256980 0.005704 0.024112
0 0.586070 0.251904 0.006429 0.029188
0 0.584286 0.246093 0.005714 0.020305
0 0.646429 0.265228 0.007043 0.027919
0 0.655000 0.267032 0.005714 0.024112
0 0.663204 0.286168 0.007857 0.026650
0 0.680429 0.298858 0.005714 0.021574
0 0.684286 0.302817 0.005714 0.034264
0 0.690704 0.320431 0.005714 0.029188
0 0.722043 0.317893 0.008571 0.024112
0 0.705000 0.318528 0.008571 0.038071
0 0.680071 0.286168 0.007857 0.026650
0 0.675357 0.290609 0.006429 0.020305
0 0.667500 0.272208 0.006429 0.030726
0 0.734643 0.370193 0.006429 0.021574
0 0.805357 0.390497 0.006429 0.031726
0 0.300704 0.321701 0.007143 0.024112
0 0.323929 0.289340 0.006429 0.025380
0 0.308570 0.282360 0.005714 0.029188
0 0.300357 0.286068 0.007857 0.031726
0 0.290000 0.300396 0.007143 0.039340
0 0.355000 0.239848 0.005704 0.022843
0 0.348929 0.236675 0.005000 0.024012
0 0.322043 0.210025 0.007143 0.024112
0 0.300714 0.204949 0.007143 0.026650
0 0.096786 0.498096 0.007857 0.024012
0 0.403570 0.160533 0.008571 0.016497
