0 0.493204 0.249048 0.002143 0.006667
0 0.495357 0.250000 0.002043 0.006667
0 0.487043 0.276190 0.001429 0.007619
0 0.283929 0.708095 0.005000 0.017143
0 0.675357 0.738571 0.009286 0.016190
0 0.603214 0.699048 0.005000 0.013333
0 0.829286 0.834286 0.008571 0.015238
0 0.379643 0.428570 0.002143 0.011429
0 0.420071 0.472857 0.003571 0.012381
0 0.402500 0.402381 0.002143 0.011429
0 0.406070 0.393810 0.002143 0.012381
0 0.404643 0.400429 0.002143 0.010476
0 0.400714 0.385238 0.002857 0.010476
0 0.303929 0.437143 0.003571 0.007619
0 0.301071 0.440476 0.003571 0.008571
0 0.602043 0.578571 0.004286 0.016190
