0 0.460357 0.486675 0.007857 0.009036
0 0.707500 0.942259 0.007857 0.026650
0 0.623204 0.525381 0.005000 0.017766
0 0.497043 0.569797 0.005714 0.020305
0 0.495000 0.456208 0.004286 0.013959
0 0.601429 0.482868 0.004286 0.016497
0 0.590429 0.344543 0.002857 0.016497
0 0.595704 0.337563 0.004286 0.015228
0 0.495000 0.284898 0.004286 0.009036
0 0.590071 0.367386 0.003571 0.019036
0 0.568204 0.168782 0.003571 0.010152
0 0.564643 0.042766 0.003571 0.013959
0 0.563929 0.049112 0.002143 0.008883
0 0.569643 0.087183 0.005000 0.019036
0 0.588570 0.238579 0.002857 0.015228
0 0.585357 0.223985 0.003570 0.013959
0 0.584286 0.201929 0.004286 0.012690
0 0.577043 0.195431 0.002857 0.012690
0 0.570071 0.211294 0.003571 0.016497
0 0.085714 0.187817 0.004286 0.012690
