0 0.550429 0.776190 0.010000 0.034286
0 0.577043 0.680476 0.014286 0.016190
0 0.567043 0.553810 0.012857 0.020000
0 0.582500 0.540905 0.010714 0.019048
0 0.540071 0.541429 0.012143 0.023810
0 0.542500 0.534286 0.002143 0.024762
0 0.527500 0.504286 0.009286 0.017143
0 0.505000 0.484762 0.014286 0.020952
0 0.425704 0.504286 0.015714 0.020000
0 0.457500 0.478095 0.009286 0.009048
0 0.459643 0.460000 0.013571 0.015238
0 0.475000 0.450476 0.012857 0.017143
0 0.496070 0.460476 0.010714 0.020000
0 0.547857 0.498095 0.014286 0.020952
0 0.518214 0.538571 0.013571 0.014286
0 0.559286 0.357609 0.011429 0.020000
0 0.557857 0.322380 0.010000 0.027619
0 0.800714 0.504762 0.018571 0.019048
0 0.546070 0.222857 0.010714 0.026667
0 0.540429 0.190000 0.010000 0.025714
0 0.545704 0.070000 0.010000 0.025714
