0 0.305451 0.844466 0.021459 0.068702
0 0.280758 0.963740 0.025036 0.064885
0 0.368026 0.975668 0.022075 0.042939
0 0.702790 0.666508 0.007883 0.056298
0 0.906309 0.768607 0.032904 0.056298
0 0.899042 0.727576 0.021459 0.052481
0 0.840917 0.375954 0.010014 0.022901
0 0.583333 0.398855 0.002160 0.022901
0 0.592990 0.396947 0.000014 0.032443
0 0.528602 0.326336 0.005722 0.019084
0 0.330903 0.373092 0.008584 0.017176
0 0.508226 0.380679 0.006438 0.028626
0 0.486052 0.485200 0.010730 0.035305
0 0.473534 0.485200 0.005722 0.035305
0 0.387339 0.537204 0.009299 0.036260
0 0.492847 0.420756 0.008584 0.028626
0 0.505379 0.386450 0.006438 0.024809
0 0.501803 0.448950 0.009299 0.029580
0 0.536023 0.364504 0.006438 0.019084
0 0.530043 0.362595 0.005722 0.024809
0 0.494993 0.403049 0.007153 0.020038
0 0.467801 0.474714 0.011445 0.037214
0 0.407382 0.523378 0.012160 0.031489
0 0.455650 0.476145 0.008584 0.032443
0 0.448040 0.476622 0.012160 0.033397
0 0.302947 0.554866 0.016452 0.039122
0 0.365522 0.593989 0.020459 0.044847
0 0.357296 0.570565 0.012160 0.041985
0 0.370072 0.587786 0.010730 0.043893
0 0.090202 0.600191 0.016452 0.045802
0 0.001087 0.587309 0.013591 0.027672
0 0.335479 0.600145 0.014306 0.047710
0 0.320100 0.614027 0.016452 0.042939
0 0.137339 0.587786 0.017167 0.040076
0 0.080258 0.606870 0.012876 0.038168
0 0.334406 0.596374 0.012160 0.038168
0 0.500073 0.467557 0.007868 0.034351
0 0.494278 0.374046 0.008584 0.017176
0 0.729971 0.380725 0.006438 0.011450
