0 0.035750 0.672000 0.023500 0.044000
0 0.039250 0.651000 0.019500 0.027333
0 0.777000 0.271667 0.014000 0.032667
0 0.723000 0.006333 0.007000 0.026000
0 0.598750 0.096667 0.006500 0.018667
0 0.631000 0.085000 0.008000 0.016667
0 0.323250 0.090667 0.007500 0.024000
0 0.379000 0.093000 0.004000 0.027333
0 0.334750 0.089333 0.004500 0.024000
0 0.308500 0.084000 0.004000 0.024000
0 0.393250 0.104667 0.007500 0.018667
0 0.392750 0.103333 0.007500 0.017333
0 0.368750 0.469000 0.008500 0.050000
0 0.436000 0.462667 0.002000 0.049333
