0 0.067857 0.112857 0.035714 0.054286
0 0.057143 0.040000 0.038571 0.062857
0 0.005714 0.101429 0.035714 0.046667
0 0.066786 0.019524 0.040714 0.050476
0 0.260000 0.040000 0.031429 0.053333
0 0.238570 0.110000 0.022857 0.056190
0 0.288204 0.095714 0.035000 0.054286
0 0.334286 0.089524 0.025704 0.049524
0 0.343570 0.070952 0.030000 0.058095
0 0.007143 0.031429 0.038571 0.049524
0 0.032857 0.298095 0.034286 0.068570
0 0.201071 0.660952 0.033571 0.022857
0 0.297500 0.670476 0.022043 0.030476
0 0.364286 0.783800 0.032857 0.040000
0 0.064643 0.894286 0.035000 0.038095
0 0.603929 0.529048 0.007857 0.044762
0 0.800071 0.586667 0.027857 0.060952
0 0.807500 0.509524 0.030714 0.057143
0 0.730071 0.452857 0.032143 0.054286
0 0.690429 0.357619 0.031429 0.061905
0 0.507043 0.253333 0.027143 0.055238
0 0.602500 0.344286 0.006429 0.061905
0 0.607143 0.325714 0.024286 0.066667
0 0.504643 0.095714 0.025000 0.060000
0 0.446070 0.140952 0.023571 0.057143
0 0.460704 0.106667 0.021429 0.057143
0 0.438929 0.095238 0.007857 0.045714
0 0.632500 0.087619 0.023571 0.068571
0 0.407857 0.584286 0.022857 0.035238
