0 0.403929 0.503333 0.022143 0.049524
0 0.606070 0.527619 0.017857 0.062857
0 0.592500 0.493333 0.007857 0.047619
0 0.692857 0.386090 0.014286 0.039048
0 0.564286 0.053333 0.005714 0.019048
0 0.585000 0.036667 0.007143 0.020000
0 0.654643 0.000000 0.005000 0.019048
0 0.573214 0.097143 0.005000 0.015238
0 0.594643 0.094286 0.005000 0.013333
0 0.603571 0.089048 0.005714 0.012381
0 0.604286 0.059524 0.004286 0.010476
0 0.610714 0.055238 0.004286 0.009524
0 0.630704 0.031429 0.004286 0.013333
0 0.637857 0.028095 0.002857 0.010476
0 0.643570 0.029048 0.002857 0.010476
0 0.638204 0.010952 0.003571 0.010476
0 0.680357 0.003333 0.005000 0.016190
0 0.684643 0.004762 0.003571 0.015238
0 0.245000 0.305714 0.015714 0.033333
0 0.290714 0.223333 0.010000 0.021905
0 0.018571 0.430000 0.021429 0.035238
0 0.423570 0.104286 0.004286 0.016190
0 0.436429 0.082380 0.005714 0.018095
