0 0.055000 0.984286 0.067043 0.031429
0 0.065000 0.954286 0.072857 0.090429
0 0.458570 0.711905 0.040000 0.082857
0 0.019643 0.593810 0.065000 0.098095
0 0.084643 0.622380 0.053571 0.098095
0 0.083214 0.402857 0.037857 0.093333
0 0.386429 0.350905 0.028571 0.079048
0 0.440000 0.390429 0.021429 0.083810
0 0.500704 0.450000 0.021429 0.088571
0 0.650000 0.584762 0.032857 0.000952
0 0.723570 0.486190 0.030000 0.103810
0 0.777500 0.428095 0.037857 0.096090
0 0.808570 0.375714 0.031429 0.084762
0 0.632043 0.424286 0.024286 0.092381
0 0.692500 0.374286 0.023570 0.085714
0 0.730071 0.336190 0.025000 0.083810
0 0.577500 0.369048 0.033570 0.082857
0 0.630071 0.332857 0.026429 0.084762
0 0.669286 0.298095 0.022857 0.083800
0 0.508929 0.324286 0.023571 0.082857
0 0.470704 0.292381 0.021429 0.074286
0 0.508929 0.256667 0.022043 0.075238
0 0.599286 0.260952 0.008571 0.072381
0 0.977043 0.312857 0.040000 0.075238
0 0.305704 0.120476 0.020000 0.071429
0 0.323204 0.120952 0.010714 0.041905
0 0.041786 0.022857 0.020714 0.045714
0 0.056429 0.021429 0.018571 0.040952
0 0.256070 0.054762 0.022143 0.058095
0 0.295704 0.070476 0.015714 0.049524
0 0.990704 0.348095 0.018571 0.063810
0 0.275357 0.528571 0.052143 0.064762
0 0.343214 0.621429 0.055000 0.058095
