0 0.040000 0.595078 0.010000 0.027919
0 0.083929 0.770574 0.010714 0.025381
0 0.013571 0.859772 0.010000 0.026650
0 0.075357 0.989203 0.012143 0.019036
0 0.048929 0.326777 0.006429 0.021574
0 0.070000 0.338198 0.004286 0.021574
0 0.092500 0.286168 0.007857 0.021574
0 0.096071 0.286168 0.003571 0.016497
0 0.206786 0.279822 0.006429 0.009036
0 0.085714 0.190990 0.004286 0.021574
0 0.208204 0.198604 0.005000 0.019036
0 0.880429 0.111041 0.004286 0.013959
0 0.879643 0.177030 0.006429 0.013959
0 0.878929 0.171320 0.005000 0.015228
0 0.479643 0.373731 0.005000 0.019036
