0 0.276429 0.767043 0.008571 0.012381
0 0.273570 0.759048 0.005714 0.013333
0 0.754643 0.770476 0.010714 0.013333
0 0.655704 0.733333 0.008571 0.015238
0 0.747857 0.747609 0.010000 0.015238
0 0.227500 0.306667 0.005000 0.012381
0 0.091786 0.245238 0.006429 0.014286
0 0.057043 0.061905 0.005714 0.011429
0 0.670071 0.596190 0.007857 0.015238
0 0.684643 0.587609 0.006429 0.013333
0 0.705714 0.574762 0.008571 0.014286
0 0.707143 0.515714 0.005714 0.014286
0 0.935357 0.787609 0.006429 0.011429
0 0.974286 0.833333 0.008570 0.011429
0 0.757500 0.467043 0.007857 0.016190
0 0.491786 0.464762 0.006429 0.013333
0 0.540357 0.446667 0.006429 0.011429
0 0.450000 0.364762 0.004286 0.009524
0 0.654643 0.348095 0.006429 0.004286
0 0.257043 0.107143 0.005714 0.012381
