0 0.050786 0.572335 0.029286 0.022843
0 0.052500 0.598350 0.026429 0.024012
0 0.379643 0.207487 0.000714 0.029188
0 0.368570 0.206218 0.011429 0.029188
0 0.363204 0.224619 0.010714 0.032995
0 0.360429 0.209391 0.008571 0.030457
0 0.372043 0.464467 0.008571 0.022843
0 0.536429 0.276005 0.007143 0.029188
0 0.550429 0.268401 0.008571 0.029188
0 0.545000 0.293047 0.007143 0.027919
0 0.565357 0.309645 0.007857 0.027909
0 0.553570 0.317893 0.007143 0.026650
0 0.563929 0.339467 0.000714 0.026650
0 0.576786 0.355330 0.009286 0.025380
0 0.566786 0.366017 0.010714 0.024112
0 0.503214 0.372462 0.010714 0.026650
0 0.530071 0.361675 0.009286 0.025381
0 0.540000 0.353426 0.008570 0.026650
0 0.460000 0.406878 0.008571 0.034264
0 0.475357 0.406090 0.007857 0.022843
0 0.584643 0.380076 0.009286 0.026650
0 0.555357 0.372462 0.007857 0.026650
0 0.546786 0.380345 0.007857 0.026650
0 0.535357 0.390863 0.007857 0.027909
0 0.525357 0.404822 0.007857 0.025380
0 0.574643 0.388325 0.007857 0.022843
0 0.564643 0.397208 0.006429 0.025380
0 0.506070 0.418147 0.010714 0.026650
0 0.495704 0.426396 0.007143 0.027919
0 0.482500 0.435279 0.007857 0.025380
0 0.465357 0.450142 0.007857 0.026650
0 0.555357 0.404822 0.006429 0.025380
0 0.546070 0.415609 0.007857 0.026650
0 0.532857 0.428299 0.007043 0.021574
0 0.597043 0.418147 0.010000 0.024112
0 0.522500 0.437083 0.006429 0.021574
0 0.502857 0.445431 0.008571 0.022843
0 0.503929 0.453046 0.007857 0.025380
0 0.490071 0.464467 0.006429 0.022843
0 0.477043 0.475888 0.007143 0.022843
0 0.400357 0.457487 0.009286 0.024112
0 0.443204 0.470812 0.007857 0.025381
0 0.450357 0.500904 0.007857 0.024112
0 0.407500 0.492386 0.007857 0.020305
0 0.430704 0.522843 0.007143 0.022843
0 0.460071 0.534898 0.009286 0.021574
0 0.436429 0.560279 0.008570 0.024112
0 0.470071 0.578046 0.006429 0.019036
0 0.450000 0.599609 0.011429 0.019036
0 0.437500 0.704467 0.010714 0.017766
0 0.420786 0.781726 0.010714 0.030457
0 0.484286 0.770574 0.012857 0.020305
0 0.470000 0.738579 0.001429 0.020305
0 0.456070 0.635787 0.007857 0.017766
0 0.462043 0.670051 0.007143 0.020305
0 0.477857 0.704949 0.000000 0.021574
0 0.482043 0.613579 0.007143 0.019036
0 0.489286 0.645939 0.005704 0.017766
0 0.500071 0.687817 0.007857 0.017766
0 0.525357 0.663706 0.007857 0.022843
0 0.583570 0.658629 0.011429 0.020305
0 0.605357 0.634508 0.010714 0.020305
0 0.636786 0.607234 0.000714 0.019036
0 0.650704 0.592640 0.011429 0.022843
0 0.658929 0.570430 0.012143 0.021574
0 0.489643 0.501421 0.006429 0.022843
0 0.500704 0.503807 0.005714 0.020305
0 0.500429 0.546954 0.007143 0.017766
0 0.501071 0.584391 0.007857 0.019036
0 0.540357 0.649012 0.007857 0.016497
0 0.503214 0.493655 0.006429 0.022843
0 0.524643 0.483503 0.000714 0.020305
0 0.505000 0.532995 0.005714 0.022843
0 0.523570 0.571066 0.007143 0.020305
0 0.535357 0.605330 0.007857 0.007766
0 0.524286 0.602944 0.008571 0.027919
0 0.548929 0.644036 0.009286 0.006497
0 0.558929 0.634508 0.007857 0.020305
0 0.572500 0.609924 0.012143 0.021574
0 0.548570 0.593909 0.008571 0.020305
0 0.525357 0.527284 0.006429 0.020574
0 0.534286 0.560548 0.007143 0.019036
0 0.536070 0.513959 0.006429 0.020305
0 0.548929 0.547589 0.007857 0.020574
0 0.559643 0.580853 0.009286 0.021574
0 0.582043 0.611041 0.007143 0.021574
0 0.536429 0.474609 0.007143 0.022843
0 0.546070 0.465102 0.007857 0.021574
0 0.555000 0.457487 0.005704 0.021574
0 0.562857 0.449239 0.007043 0.020305
0 0.570704 0.440990 0.008571 0.024112
0 0.579286 0.435279 0.008570 0.025381
0 0.607857 0.447335 0.000000 0.024112
0 0.598570 0.457487 0.010000 0.021574
0 0.592043 0.463832 0.010000 0.024112
0 0.582500 0.470802 0.009286 0.020305
0 0.573204 0.479695 0.007857 0.020305
0 0.564643 0.488579 0.007857 0.022843
0 0.556429 0.496827 0.008570 0.021574
0 0.546070 0.505711 0.007857 0.021574
0 0.557857 0.540878 0.008571 0.020305
0 0.565704 0.531091 0.008571 0.021574
0 0.569286 0.573604 0.008570 0.020305
0 0.577857 0.566624 0.008570 0.019036
0 0.590071 0.601523 0.009286 0.022843
0 0.599643 0.590736 0.009286 0.020574
0 0.609643 0.583756 0.009286 0.007766
0 0.606429 0.578046 0.010000 0.019036
0 0.622857 0.570066 0.011429 0.017766
0 0.630357 0.564720 0.010714 0.020305
0 0.640000 0.559000 0.012857 0.021574
0 0.608214 0.483503 0.012143 0.022843
0 0.575357 0.520574 0.009286 0.020305
0 0.587500 0.558376 0.009286 0.020305
0 0.582043 0.515228 0.008571 0.017766
0 0.596429 0.546954 0.001429 0.022843
0 0.592857 0.506980 0.008570 0.021574
0 0.603570 0.494289 0.011429 0.029188
0 0.600714 0.492386 0.011429 0.020305
0 0.605704 0.539340 0.010000 0.020305
0 0.605000 0.531091 0.011429 0.019036
0 0.623929 0.524012 0.012143 0.022843
0 0.629643 0.520939 0.007857 0.024012
