0 0.360250 0.992333 0.006500 0.001333
0 0.411250 0.901667 0.005500 0.018000
0 0.405250 0.857667 0.005500 0.005333
0 0.404500 0.839333 0.007000 0.006000
0 0.490000 0.746000 0.005000 0.004667
0 0.488000 0.720000 0.004000 0.012667
0 0.477500 0.702000 0.005000 0.012000
0 0.473750 0.674667 0.003500 0.003333
0 0.457750 0.672667 0.004500 0.002000
0 0.456750 0.668667 0.003500 0.000667
0 0.462750 0.648333 0.003500 0.001333
0 0.630000 0.556667 0.003000 0.008000
0 0.616500 0.553667 0.004000 0.007333
0 0.393000 0.539000 0.003000 0.007333
0 0.351500 0.544000 0.003000 0.008000
