0 0.382043 0.548858 0.005714 0.011421
0 0.390786 0.559645 0.005000 0.010152
0 0.357500 0.758883 0.009286 0.002690
0 0.365357 0.740117 0.007857 0.012690
0 0.376070 0.714467 0.005000 0.012690
0 0.370000 0.687807 0.005714 0.010152
0 0.369643 0.644670 0.005000 0.000152
0 0.352500 0.748730 0.006429 0.012690
0 0.355000 0.726523 0.005704 0.011421
0 0.346786 0.727057 0.006429 0.012690
0 0.357043 0.704949 0.007143 0.013959
0 0.350786 0.671320 0.007857 0.015228
0 0.320000 0.557740 0.005714 0.011421
0 0.542857 0.587563 0.005704 0.012690
0 0.470071 0.388325 0.006429 0.012690
0 0.452857 0.309162 0.004286 0.016497
0 0.462500 0.260052 0.005000 0.012690
0 0.456429 0.252538 0.004286 0.000152
0 0.469643 0.035152 0.005000 0.011421
0 0.460357 0.090736 0.006429 0.006497
0 0.466070 0.090736 0.005000 0.016497
0 0.457043 0.038706 0.005714 0.016497
