0 0.642857 0.562380 0.011429 0.031429
0 0.252857 0.423333 0.008570 0.025714
0 0.248204 0.428095 0.009286 0.025714
0 0.826071 0.640476 0.025000 0.035238
0 0.843929 0.648571 0.020714 0.028571
0 0.639286 0.549048 0.001429 0.031429
0 0.676071 0.676190 0.017857 0.036190
0 0.745357 0.776190 0.020714 0.041905
0 0.738214 0.753810 0.022143 0.044762
0 0.231071 0.434762 0.010714 0.021905
0 0.602143 0.228095 0.004286 0.014286
0 0.754643 0.295714 0.007857 0.014286
0 0.986429 0.848571 0.027143 0.036190
0 0.504286 0.301429 0.005714 0.018095
