0 0.236952 0.377087 0.001482 0.034323
0 0.244780 0.370130 0.012526 0.040816
0 0.042797 0.365955 0.005658 0.039889
0 0.029749 0.360781 0.009395 0.024119
0 0.023747 0.355288 0.004092 0.033395
0 0.064979 0.256957 0.012004 0.024119
0 0.057933 0.254174 0.010438 0.020408
0 0.179019 0.247681 0.009395 0.027829
0 0.381524 0.331633 0.009395 0.017625
0 0.388309 0.398423 0.009395 0.030612
0 0.400357 0.409555 0.011482 0.041744
0 0.376044 0.464286 0.012004 0.036178
0 0.424843 0.380334 0.008350 0.037106
0 0.454332 0.463358 0.012004 0.030612
0 0.306106 0.647032 0.013048 0.034323
0 0.264092 0.600186 0.017745 0.051948
0 0.397965 0.750464 0.006180 0.051948
0 0.503132 0.758349 0.014614 0.036178
0 0.490866 0.745826 0.012004 0.029685
0 0.506002 0.437384 0.012004 0.036178
0 0.485908 0.332096 0.000438 0.035250
0 0.503048 0.292672 0.005219 0.021336
0 0.537839 0.312152 0.007829 0.026902
0 0.539405 0.308442 0.008873 0.025046
0 0.520399 0.288961 0.008351 0.028757
0 0.743998 0.062606 0.005741 0.021336
0 0.622912 0.524119 0.015136 0.025974
0 0.587061 0.568646 0.011482 0.025974
0 0.579071 0.659091 0.014092 0.039889
