0 0.058298 0.520505 0.013591 0.039122
0 0.403805 0.937977 0.029328 0.062977
0 0.575823 0.749523 0.004306 0.058206
0 0.293276 0.597328 0.004306 0.043893
0 0.301874 0.572519 0.014306 0.041985
0 0.506795 0.649809 0.003591 0.047710
0 0.282089 0.590172 0.010730 0.042939
0 0.398426 0.647424 0.004306 0.046756
0 0.405951 0.632156 0.013591 0.042939
0 0.493562 0.645038 0.005737 0.047710
0 0.777539 0.479962 0.004306 0.041985
0 0.430973 0.626908 0.002160 0.041985
0 0.452432 0.650286 0.002160 0.046756
0 0.609084 0.677004 0.007883 0.050573
0 0.907725 0.283874 0.007053 0.020038
0 0.980044 0.209447 0.007868 0.014313
0 0.936695 0.091794 0.003577 0.013359
0 0.802232 0.281966 0.007868 0.023855
0 0.827969 0.270038 0.006438 0.005267
