0 0.284969 0.258803 0.004175 0.022263
0 0.307672 0.278757 0.006785 0.025046
0 0.402401 0.334416 0.006263 0.017625
0 0.400052 0.468460 0.008873 0.018553
0 0.496347 0.576530 0.008351 0.034323
0 0.661534 0.967996 0.016180 0.041744
0 0.602557 0.801020 0.013048 0.039889
0 0.612996 0.823748 0.010960 0.042672
0 0.621868 0.823748 0.009916 0.033395
0 0.903084 0.507885 0.012004 0.028757
0 0.841858 0.455009 0.010438 0.019481
0 0.834290 0.456401 0.008873 0.020408
0 0.696242 0.480983 0.008351 0.021336
0 0.668840 0.469388 0.005741 0.029685
