0 0.493571 0.050952 0.004286 0.008571
0 0.482143 0.069048 0.004286 0.010476
0 0.534286 0.034762 0.004286 0.010476
0 0.537143 0.027143 0.004286 0.006667
0 0.590714 0.018095 0.004286 0.009524
0 0.323929 0.500476 0.009286 0.018095
0 0.296786 0.560000 0.007857 0.019048
0 0.293214 0.570000 0.010714 0.021905
0 0.256786 0.639048 0.012143 0.017143
0 0.253929 0.644762 0.012143 0.022857
0 0.648214 0.813333 0.009286 0.019048
0 0.646429 0.807143 0.012857 0.018095
0 0.487857 0.636190 0.010000 0.017143
0 0.598214 0.614762 0.010714 0.020000
0 0.658571 0.601429 0.010000 0.018095
0 0.641429 0.564762 0.008571 0.017143
0 0.619643 0.503810 0.007857 0.015238
0 0.618571 0.497619 0.010000 0.016190
0 0.639286 0.504762 0.008571 0.011429
0 0.639286 0.502381 0.008571 0.014286
0 0.698929 0.480476 0.007857 0.023800
0 0.671429 0.449048 0.007143 0.021905
0 0.650357 0.460476 0.009286 0.014286
0 0.631786 0.438095 0.007857 0.017143
0 0.652143 0.310952 0.005714 0.016190
0 0.669643 0.265238 0.007857 0.012381
0 0.677143 0.187619 0.007143 0.013333
0 0.682143 0.115714 0.005714 0.008571
0 0.681071 0.082857 0.005000 0.007619
0 0.668571 0.017619 0.004286 0.010476
0 0.705704 0.262857 0.005714 0.020952
