0 0.298278 0.724490 0.009906 0.038961
0 0.255209 0.679963 0.010438 0.027829
0 0.257829 0.668830 0.009395 0.029685
0 0.381785 0.903989 0.014092 0.038033
0 0.297495 0.592300 0.009395 0.034323
0 0.331681 0.549165 0.008873 0.025974
0 0.301326 0.553340 0.008873 0.030612
0 0.293058 0.538497 0.006785 0.028757
0 0.296973 0.560761 0.008351 0.030612
0 0.414144 0.468924 0.006785 0.023191
0 0.384395 0.303544 0.005741 0.022263
0 0.369781 0.319573 0.007829 0.019481
0 0.363257 0.304731 0.005219 0.019481
0 0.364301 0.313544 0.006263 0.018553
0 0.397182 0.185993 0.004175 0.013915
0 0.430846 0.007421 0.002610 0.007421
0 0.448069 0.037106 0.002610 0.007421
0 0.442850 0.081169 0.002610 0.008349
0 0.517223 0.043135 0.002088 0.010204
0 0.534447 0.157699 0.004175 0.012987
0 0.573591 0.343692 0.003132 0.013915
0 0.573852 0.339518 0.005741 0.016698
0 0.577244 0.377551 0.004175 0.011132
0 0.580637 0.376623 0.004697 0.011132
0 0.737996 0.865955 0.009395 0.017625
0 0.736169 0.852505 0.012004 0.025974
0 0.587944 0.443878 0.004697 0.017625
0 0.586117 0.438776 0.006263 0.022263
0 0.792276 0.390929 0.006263 0.025046
0 0.726504 0.335343 0.007307 0.025046
0 0.728862 0.347403 0.005741 0.021336
0 0.594990 0.255102 0.005219 0.016698
0 0.650574 0.207532 0.004697 0.017625
0 0.655793 0.207532 0.004697 0.015770
0 0.677092 0.221707 0.004697 0.014842
0 0.728601 0.239332 0.005219 0.016698
0 0.680846 0.223098 0.004697 0.007625
0 0.539927 0.022727 0.000566 0.010204
0 0.529489 0.024119 0.002610 0.007421
0 0.540971 0.072356 0.003653 0.009276
