0 0.507143 0.936667 0.011429 0.023810
0 0.524286 0.897609 0.012857 0.018095
0 0.488204 0.848571 0.013571 0.020952
0 0.503214 0.744286 0.010714 0.023810
0 0.466429 0.664762 0.002857 0.019048
0 0.466070 0.347619 0.012143 0.022857
0 0.469643 0.314286 0.009286 0.020952
0 0.468204 0.300952 0.009286 0.030476
0 0.489286 0.094286 0.008571 0.032381
0 0.457857 0.064286 0.008571 0.029524
0 0.476786 0.027609 0.009286 0.028571
0 0.490000 0.023333 0.007043 0.027619
0 0.488204 0.007619 0.006429 0.015238
0 0.478570 0.009048 0.005714 0.018095
