0 0.775357 0.420050 0.007857 0.020305
0 0.780357 0.403706 0.007857 0.020305
0 0.825357 0.274012 0.005000 0.017766
0 0.808214 0.247462 0.006429 0.020305
0 0.801071 0.237310 0.005000 0.017766
0 0.837043 0.215736 0.007143 0.020305
0 0.858929 0.049112 0.006429 0.019036
0 0.849643 0.049112 0.006429 0.021574
0 0.792043 0.769036 0.010000 0.038071
0 0.804286 0.900650 0.010000 0.036802
0 0.497500 0.357868 0.006429 0.025380
0 0.655704 0.147843 0.004286 0.021574
0 0.730786 0.055838 0.003571 0.017766
0 0.666429 0.060533 0.005714 0.021574
0 0.734643 0.055838 0.005000 0.005228
0 0.740000 0.056472 0.004286 0.001421
0 0.706070 0.100254 0.003571 0.020305
0 0.657043 0.027284 0.005714 0.016497
