0 0.066070 0.056472 0.003571 0.008883
0 0.070357 0.064086 0.002043 0.006345
0 0.078204 0.052030 0.003571 0.007614
0 0.055000 0.083756 0.002857 0.000152
0 0.052500 0.085025 0.003570 0.010152
0 0.003214 0.034264 0.006429 0.012690
0 0.409643 0.053299 0.002143 0.010152
0 0.420786 0.052030 0.002143 0.010152
0 0.420429 0.077411 0.001429 0.010152
0 0.457043 0.239213 0.002857 0.013959
0 0.459643 0.237300 0.002143 0.012690
0 0.463570 0.235406 0.002857 0.011421
0 0.377500 0.200508 0.003570 0.012690
0 0.376070 0.229695 0.003571 0.012690
0 0.384286 0.255701 0.001429 0.011421
0 0.382857 0.352057 0.002857 0.013959
0 0.383929 0.344543 0.002043 0.008883
0 0.373570 0.379442 0.004286 0.010152
0 0.383929 0.386420 0.003571 0.011421
0 0.385000 0.426396 0.002857 0.002690
0 0.380704 0.385787 0.002857 0.010152
0 0.379286 0.388959 0.002857 0.001421
0 0.376429 0.402284 0.002857 0.002690
0 0.380357 0.568528 0.003570 0.012690
0 0.883570 0.525381 0.002857 0.012690
