0 0.378570 0.875238 0.018571 0.028571
0 0.345000 0.969048 0.024286 0.008095
0 0.347500 0.954762 0.023570 0.016190
0 0.372043 0.981905 0.018571 0.026667
0 0.326070 0.810476 0.022143 0.034286
0 0.305000 0.836667 0.024286 0.037143
0 0.293929 0.863333 0.025000 0.035238
0 0.276070 0.880000 0.023571 0.036190
0 0.280000 0.862380 0.022857 0.031429
0 0.260000 0.701429 0.017143 0.028571
0 0.278204 0.696190 0.016429 0.030476
0 0.294643 0.677609 0.015000 0.027619
0 0.256070 0.606667 0.016429 0.032381
0 0.249643 0.583800 0.015000 0.032381
0 0.276786 0.570905 0.016429 0.029524
0 0.275000 0.560000 0.005714 0.030476
0 0.280071 0.550476 0.016429 0.028571
0 0.300429 0.550952 0.014286 0.031429
0 0.306786 0.542380 0.015000 0.031429
0 0.293204 0.521905 0.016429 0.030476
0 0.289643 0.502381 0.010714 0.028571
0 0.262857 0.489048 0.007143 0.027619
0 0.257500 0.480000 0.003571 0.030476
0 0.300071 0.494286 0.017857 0.030476
0 0.292043 0.479048 0.012857 0.028571
0 0.320000 0.475704 0.014286 0.029524
0 0.307500 0.439048 0.016429 0.028571
0 0.303214 0.428095 0.013571 0.029524
0 0.287043 0.421429 0.017143 0.029524
0 0.286070 0.413810 0.016429 0.027619
0 0.444643 0.477043 0.009286 0.030476
0 0.453929 0.500905 0.012143 0.028571
0 0.485714 0.478095 0.012857 0.020952
0 0.480357 0.477619 0.013571 0.023810
0 0.505704 0.442381 0.008571 0.029524
0 0.508571 0.464286 0.011429 0.031429
0 0.508571 0.453333 0.008571 0.028571
0 0.520429 0.440952 0.010000 0.030476
0 0.607857 0.449524 0.008571 0.030476
0 0.626786 0.437043 0.007857 0.026667
0 0.574286 0.440429 0.011429 0.027619
0 0.568204 0.432381 0.015000 0.030476
0 0.565704 0.424762 0.011429 0.026667
0 0.592043 0.411429 0.011429 0.026667
0 0.589643 0.400905 0.012143 0.026667
0 0.625000 0.379048 0.004286 0.028571
0 0.756070 0.441429 0.015000 0.027619
0 0.748570 0.434762 0.014286 0.027619
0 0.762043 0.428095 0.012857 0.027619
0 0.775000 0.409048 0.008571 0.029524
0 0.780071 0.394762 0.020714 0.029524
0 0.090357 0.820476 0.026429 0.027609
0 0.060429 0.775714 0.032857 0.025714
0 0.000714 0.735714 0.021429 0.025714
0 0.001071 0.714286 0.022143 0.032381
0 0.020704 0.645714 0.032857 0.032381
0 0.005357 0.633810 0.026429 0.031429
0 0.023204 0.624286 0.027857 0.031429
0 0.050714 0.611905 0.025714 0.029524
0 0.047857 0.597619 0.027143 0.027619
0 0.006786 0.525714 0.026429 0.032381
0 0.048204 0.558095 0.027857 0.030476
0 0.044286 0.547043 0.021429 0.023810
0 0.048204 0.540476 0.022143 0.025714
0 0.270357 0.237043 0.009286 0.022857
