0 0.421071 0.145714 0.005000 0.007619
0 0.773929 0.218571 0.005000 0.008571
0 0.790786 0.187619 0.005000 0.011429
0 0.772500 0.264286 0.007857 0.006190
0 0.704286 0.011429 0.002857 0.009524
0 0.685704 0.417143 0.007143 0.015238
0 0.744286 0.444286 0.008570 0.018095
0 0.802500 0.498570 0.009286 0.016190
0 0.755000 0.404762 0.008570 0.017143
0 0.770071 0.395238 0.009286 0.017143
0 0.783570 0.394286 0.007143 0.020952
0 0.745704 0.380952 0.005714 0.017143
0 0.720704 0.406667 0.007143 0.020952
0 0.706071 0.391905 0.009286 0.020000
0 0.687043 0.378095 0.005714 0.019048
0 0.702857 0.370429 0.005714 0.017143
0 0.831071 0.353333 0.006429 0.009524
0 0.850000 0.777619 0.011429 0.018095
0 0.787500 0.758570 0.010714 0.023810
0 0.883929 0.756090 0.017857 0.019048
