0 0.697000 0.525000 0.008000 0.018000
0 0.762750 0.347667 0.008500 0.008667
0 0.467250 0.499667 0.009500 0.026000
0 0.447500 0.524667 0.005000 0.024000
0 0.283500 0.468333 0.008000 0.022000
0 0.305750 0.469333 0.006500 0.024000
0 0.346000 0.476000 0.006000 0.026667
0 0.347000 0.436333 0.006000 0.006667
0 0.002250 0.507333 0.006500 0.028000
0 0.332500 0.585333 0.000000 0.025333
0 0.756250 0.779000 0.004500 0.046000
0 0.380000 0.376333 0.005000 0.023333
0 0.387750 0.370000 0.004500 0.022667
0 0.525250 0.856667 0.000500 0.042667
