0 0.756429 0.405704 0.015714 0.038095
0 0.405000 0.620952 0.014286 0.049524
0 0.091071 0.818095 0.029286 0.059048
0 0.360000 0.756667 0.024286 0.052381
0 0.103214 0.681429 0.025000 0.040952
0 0.571786 0.381429 0.013571 0.025714
0 0.443929 0.330476 0.007857 0.030476
0 0.432500 0.329048 0.007857 0.025704
0 0.405357 0.329048 0.009286 0.031429
0 0.527500 0.257043 0.006429 0.024762
0 0.400071 0.157619 0.006429 0.016190
0 0.055357 0.226667 0.007857 0.020952
0 0.234286 0.246090 0.007143 0.021905
0 0.265357 0.258571 0.006429 0.018095
0 0.498570 0.243333 0.007143 0.020000
0 0.939643 0.089524 0.003571 0.011429
0 0.948204 0.203810 0.003571 0.013333
0 0.953570 0.190000 0.004286 0.012381
0 0.946429 0.084286 0.002857 0.012381
0 0.946429 0.088571 0.004286 0.011429
0 0.956786 0.085714 0.003571 0.013333
