0 0.760429 0.650476 0.012857 0.040000
0 0.684286 0.530905 0.011429 0.029524
0 0.229643 0.506667 0.010714 0.027619
0 0.092143 0.490476 0.008571 0.026667
0 0.723929 0.608571 0.005000 0.033333
0 0.305357 0.485238 0.006429 0.025714
0 0.000000 0.252857 0.004286 0.012381
0 0.172857 0.458571 0.011429 0.023810
0 0.322857 0.582381 0.010000 0.027619
0 0.663214 0.979048 0.022143 0.036190
0 0.643571 0.494762 0.011429 0.016190
0 0.621786 0.515714 0.007857 0.014286
0 0.237857 0.335238 0.005704 0.013333
0 0.220786 0.252857 0.003571 0.006667
0 0.246429 0.325704 0.007143 0.015238
0 0.344286 0.290000 0.005704 0.008571
0 0.338570 0.290000 0.002857 0.006667
0 0.448929 0.378095 0.005000 0.020952
0 0.435000 0.378095 0.005704 0.017143
0 0.246786 0.500952 0.000714 0.030476
0 0.249643 0.500429 0.007857 0.029524
0 0.431429 0.464286 0.007143 0.018095
0 0.428214 0.451905 0.006429 0.018095
0 0.433929 0.449048 0.007857 0.016190
