0 0.280357 0.529048 0.007857 0.023800
0 0.347857 0.528570 0.005714 0.020952
0 0.307857 0.555238 0.007043 0.020952
0 0.350357 0.626667 0.006429 0.026667
0 0.332500 0.624286 0.007857 0.025704
0 0.342043 0.627143 0.007143 0.025714
0 0.556429 0.540905 0.007143 0.024762
0 0.779286 0.085714 0.001429 0.007619
0 0.800071 0.171429 0.002143 0.007619
0 0.798929 0.071429 0.002143 0.007619
0 0.860000 0.230952 0.004286 0.006667
0 0.830357 0.244286 0.006429 0.008571
0 0.895357 0.790000 0.012143 0.023810
0 0.453214 0.565238 0.006429 0.016190
0 0.452857 0.588095 0.005714 0.014286
0 0.486071 0.568095 0.005000 0.014286
0 0.515714 0.545714 0.004286 0.013333
0 0.538929 0.525238 0.005000 0.012381
0 0.502857 0.570000 0.007143 0.012381
0 0.521429 0.559524 0.005714 0.012381
0 0.380357 0.580952 0.006429 0.015238
