0 0.350000 0.980476 0.008571 0.039048
0 0.442857 0.988570 0.018571 0.022857
0 0.437857 0.947043 0.017143 0.065714
0 0.427500 0.906090 0.023571 0.069524
0 0.338570 0.938571 0.020000 0.061905
0 0.508570 0.481429 0.008571 0.031429
0 0.530357 0.490905 0.006429 0.031429
0 0.538929 0.496090 0.007857 0.036190
0 0.565000 0.494286 0.008570 0.036190
0 0.578204 0.494762 0.007857 0.031429
0 0.585704 0.491905 0.007143 0.025714
0 0.564643 0.486090 0.007857 0.031429
0 0.538570 0.479524 0.007143 0.031429
0 0.552500 0.480952 0.005000 0.032380
0 0.546070 0.470000 0.006429 0.033333
0 0.550071 0.471905 0.006429 0.031429
0 0.567500 0.453800 0.005000 0.031429
0 0.560357 0.458095 0.007857 0.030476
0 0.557857 0.450952 0.005704 0.031429
0 0.576786 0.460952 0.005000 0.030476
0 0.575704 0.450476 0.005714 0.032381
0 0.586786 0.462857 0.006429 0.030476
0 0.749643 0.978570 0.022143 0.042857
