0 0.372043 0.795714 0.018571 0.040952
0 0.368570 0.489524 0.017143 0.047619
0 0.430786 0.453333 0.013571 0.043810
0 0.432043 0.393333 0.015714 0.038095
0 0.430357 0.354286 0.002143 0.045714
0 0.409286 0.370905 0.015714 0.040952
0 0.250704 0.545238 0.018571 0.046667
0 0.444643 0.290952 0.005000 0.042857
0 0.450000 0.390476 0.001429 0.038095
0 0.543570 0.076190 0.007143 0.032381
0 0.483214 0.074762 0.009286 0.016190
0 0.505357 0.009048 0.007857 0.018095
0 0.765704 0.062857 0.010000 0.030476
0 0.972857 0.504762 0.021429 0.058095
