0 0.600714 0.796667 0.020000 0.025714
0 0.232857 0.777043 0.010000 0.022857
0 0.259286 0.763333 0.000000 0.021905
0 0.248204 0.750952 0.012143 0.020000
0 0.272857 0.600476 0.001429 0.025714
0 0.384643 0.515238 0.007857 0.015238
0 0.383571 0.508571 0.007143 0.015238
0 0.570704 0.479048 0.008571 0.022857
0 0.601429 0.463810 0.007143 0.020952
0 0.605357 0.454762 0.007857 0.020000
0 0.478929 0.294286 0.006429 0.022857
0 0.306429 0.493333 0.008570 0.022857
0 0.304286 0.490952 0.008571 0.021905
0 0.320704 0.494762 0.008571 0.023810
0 0.307500 0.457619 0.007857 0.021905
0 0.307857 0.424286 0.008571 0.023810
0 0.330704 0.420476 0.007143 0.021905
0 0.336786 0.407143 0.006429 0.019048
0 0.345000 0.409048 0.007043 0.020000
0 0.320000 0.399524 0.008570 0.021905
0 0.320429 0.373810 0.007143 0.021905
0 0.304643 0.372857 0.007857 0.018095
0 0.308929 0.372380 0.007857 0.020952
0 0.304286 0.355238 0.007043 0.019048
0 0.343204 0.363810 0.007857 0.020952
0 0.349286 0.363333 0.007043 0.021905
0 0.360000 0.353333 0.007143 0.015238
0 0.377500 0.338571 0.007857 0.012381
0 0.373929 0.334286 0.006429 0.011429
0 0.279286 0.323333 0.007043 0.016190
0 0.286070 0.321429 0.007857 0.020000
0 0.373929 0.260952 0.006429 0.009048
0 0.379643 0.257609 0.006429 0.018095
0 0.382500 0.253333 0.007857 0.020952
0 0.235357 0.256090 0.007857 0.020952
0 0.229286 0.203333 0.005714 0.010476
0 0.225714 0.201429 0.004286 0.010476
0 0.236429 0.049048 0.007143 0.016190
0 0.228570 0.148095 0.007143 0.018095
