0 0.456366 0.203244 0.000014 0.038168
0 0.268598 0.048378 0.010730 0.029580
0 0.239628 0.066031 0.011445 0.034351
0 0.207082 0.209924 0.003591 0.038168
0 0.462446 0.262405 0.002160 0.036260
0 0.452432 0.267076 0.009299 0.036260
0 0.370072 0.256202 0.012160 0.031489
0 0.398784 0.244275 0.009299 0.020992
0 0.434549 0.498092 0.007883 0.038168
0 0.402732 0.251431 0.008584 0.021947
0 0.354077 0.280534 0.001445 0.038168
0 0.094921 0.314885 0.012160 0.040076
0 0.077039 0.322519 0.012160 0.036260
0 0.058083 0.348760 0.014306 0.029580
0 0.050930 0.358779 0.011445 0.026718
0 0.032690 0.394561 0.019313 0.037214
0 0.254649 0.377385 0.007167 0.035305
0 0.248927 0.402095 0.015737 0.033397
0 0.097425 0.400286 0.018598 0.037214
0 0.084907 0.427958 0.020744 0.033397
0 0.085980 0.409828 0.017167 0.033397
0 0.203047 0.392653 0.014306 0.035305
0 0.089199 0.371183 0.017883 0.038168
0 0.075250 0.387882 0.015737 0.031489
0 0.063805 0.415076 0.017167 0.038168
0 0.054864 0.431298 0.015021 0.036260
0 0.064878 0.412691 0.017883 0.035305
0 0.015880 0.420802 0.022890 0.036260
0 0.096924 0.432729 0.007883 0.029580
0 0.088698 0.446565 0.022890 0.028626
0 0.036480 0.510019 0.021459 0.039122
0 0.086338 0.572042 0.023605 0.033397
0 0.043419 0.592080 0.016452 0.041031
0 0.064878 0.560115 0.016452 0.034351
0 0.088484 0.529580 0.017883 0.038168
0 0.094921 0.517653 0.016452 0.037214
0 0.200359 0.508588 0.020744 0.038168
0 0.207797 0.499523 0.003591 0.035305
0 0.203162 0.496183 0.017167 0.040076
0 0.225680 0.479962 0.007883 0.034351
0 0.208884 0.471374 0.017167 0.032443
0 0.204936 0.479008 0.000730 0.038168
0 0.099213 0.475191 0.016452 0.028626
0 0.244993 0.442270 0.016452 0.037214
0 0.250431 0.422710 0.013591 0.028626
0 0.239986 0.447996 0.005021 0.033397
0 0.230402 0.461355 0.016452 0.037214
0 0.225322 0.436546 0.007167 0.033397
0 0.092418 0.473282 0.021459 0.034351
0 0.082046 0.521469 0.016452 0.029580
0 0.034120 0.575382 0.017883 0.034351
0 0.073462 0.506679 0.016452 0.034351
0 0.240059 0.355439 0.014306 0.031489
0 0.402360 0.512405 0.017883 0.036260
0 0.422389 0.508011 0.010730 0.027672
0 0.422747 0.534350 0.014306 0.032443
0 0.422030 0.523855 0.018598 0.034351
0 0.432046 0.624523 0.001445 0.033397
0 0.350931 0.760019 0.017167 0.037214
0 0.357654 0.709466 0.020029 0.041985
0 0.376252 0.726622 0.001445 0.035305
0 0.355866 0.733302 0.006452 0.037214
0 0.449570 0.574427 0.015021 0.047710
0 0.308298 0.840126 0.022890 0.041031
0 0.077039 0.813454 0.027897 0.035305
0 0.062375 0.756202 0.027182 0.035305
0 0.036981 0.845420 0.027897 0.034351
0 0.276009 0.788645 0.020029 0.035305
0 0.293634 0.779580 0.020744 0.038068
0 0.326896 0.793406 0.018598 0.033397
0 0.402003 0.687023 0.002876 0.043893
0 0.409528 0.596851 0.013591 0.044847
0 0.390906 0.674141 0.016452 0.033397
0 0.370602 0.691317 0.015021 0.023855
0 0.370529 0.683206 0.004306 0.028626
0 0.386980 0.655057 0.015737 0.033397
0 0.394850 0.638359 0.002876 0.034351
0 0.398426 0.630248 0.020029 0.025763
0 0.397353 0.620660 0.016452 0.039122
0 0.403433 0.609733 0.002876 0.030534
0 0.402360 0.592557 0.015021 0.030534
0 0.409870 0.584447 0.012876 0.037214
0 0.408798 0.572509 0.017883 0.032443
0 0.437053 0.560069 0.010014 0.043893
0 0.430258 0.593989 0.003591 0.035305
0 0.429542 0.572042 0.009313 0.037214
0 0.353362 0.674618 0.018598 0.038168
0 0.342275 0.750954 0.005021 0.036260
0 0.328326 0.765744 0.007167 0.035305
0 0.334764 0.740412 0.014306 0.038168
0 0.324750 0.747605 0.011445 0.029580
0 0.306881 0.762405 0.017167 0.041985
0 0.308312 0.729962 0.017167 0.041985
0 0.307582 0.752863 0.004306 0.034351
0 0.297200 0.756202 0.019313 0.035305
0 0.286480 0.746183 0.012160 0.043893
0 0.275750 0.749523 0.015021 0.039122
0 0.264306 0.758011 0.019313 0.031489
0 0.250073 0.754294 0.020029 0.035305
0 0.237482 0.764790 0.020029 0.023855
0 0.232833 0.750477 0.006452 0.029580
0 0.220672 0.749046 0.007883 0.034351
0 0.202446 0.745706 0.017167 0.042939
0 0.097425 0.746183 0.014306 0.026718
0 0.083476 0.745706 0.019313 0.035305
0 0.088484 0.734256 0.019313 0.033397
0 0.071674 0.734733 0.018598 0.038168
0 0.059156 0.736164 0.016452 0.033397
0 0.048784 0.826336 0.022890 0.032443
0 0.053076 0.787691 0.030043 0.044847
0 0.028255 0.801069 0.039342 0.032443
0 0.062947 0.879294 0.034335 0.035305
0 0.046853 0.932729 0.036480 0.035305
0 0.110157 0.839218 0.037196 0.033397
0 0.100858 0.765744 0.021459 0.031489
0 0.074750 0.808206 0.029328 0.040076
