0 0.014643 0.200508 0.006429 0.017766
0 0.024286 0.863579 0.002857 0.021574
0 0.047043 0.855964 0.007143 0.021574
0 0.049286 0.842640 0.008570 0.020305
0 0.052500 0.826142 0.006429 0.015228
0 0.058571 0.823604 0.005714 0.012690
0 0.060000 0.792513 0.005714 0.016497
0 0.063214 0.800761 0.006429 0.017766
0 0.062500 0.777909 0.007857 0.015228
0 0.068929 0.778553 0.006429 0.009036
0 0.072857 0.760787 0.007043 0.016497
0 0.067857 0.749365 0.008571 0.011421
0 0.066786 0.756980 0.006429 0.011421
0 0.075000 0.736675 0.008570 0.026650
0 0.076070 0.743020 0.007857 0.026650
0 0.078204 0.727792 0.006429 0.021574
0 0.080704 0.718909 0.007143 0.026650
0 0.083204 0.708122 0.006429 0.027919
0 0.088204 0.694162 0.006429 0.012690
0 0.090357 0.677665 0.009286 0.007766
0 0.092857 0.673223 0.008570 0.016497
0 0.443204 0.083122 0.006429 0.021574
0 0.246070 0.420685 0.005000 0.016497
0 0.240786 0.434645 0.003571 0.016497
0 0.229286 0.524012 0.005714 0.020305
