0 0.901429 0.716667 0.014286 0.044762
0 0.928204 0.713333 0.012143 0.049524
0 0.692500 0.585704 0.006429 0.026667
0 0.796070 0.574286 0.006429 0.020952
0 0.800000 0.565714 0.008571 0.015238
0 0.859643 0.607043 0.007857 0.021905
0 0.646070 0.557143 0.003571 0.013333
0 0.624286 0.554762 0.004286 0.002381
0 0.546429 0.603333 0.005714 0.024762
0 0.424286 0.534286 0.002857 0.005714
0 0.509643 0.544762 0.003571 0.011429
0 0.558570 0.543333 0.002857 0.012381
0 0.505000 0.535714 0.002857 0.010476
0 0.498929 0.520905 0.002143 0.009524
0 0.498204 0.519048 0.002143 0.007619
