0 0.306071 0.593909 0.010714 0.017766
0 0.320429 0.609772 0.011429 0.021574
0 0.240786 0.291244 0.005000 0.016497
0 0.236070 0.305838 0.005000 0.020305
0 0.233929 0.295685 0.003570 0.015228
0 0.048571 0.208122 0.004286 0.015228
0 0.007500 0.037690 0.003571 0.011421
0 0.026429 0.403071 0.005714 0.019036
0 0.027500 0.445430 0.006429 0.022843
0 0.052043 0.651650 0.010000 0.026650
0 0.035000 0.782360 0.008570 0.031726
0 0.045357 0.569062 0.006429 0.021574
0 0.022500 0.406726 0.006429 0.009036
0 0.037043 0.687817 0.010000 0.030457
0 0.068204 0.701142 0.009286 0.039340
0 0.388929 0.907360 0.000714 0.043147
0 0.677500 0.545685 0.009286 0.032995
0 0.735357 0.552030 0.006429 0.038070
0 0.739286 0.484037 0.010000 0.034264
0 0.499286 0.486040 0.007143 0.032995
0 0.604643 0.406726 0.005000 0.026650
0 0.620071 0.404822 0.006429 0.027919
0 0.595357 0.364203 0.005000 0.022843
0 0.580429 0.366751 0.005714 0.022843
0 0.805714 0.369289 0.004286 0.022843
0 0.802143 0.366751 0.007143 0.027919
0 0.827500 0.372462 0.006429 0.024012
0 0.828570 0.365482 0.005714 0.030457
0 0.740429 0.299492 0.002857 0.022843
0 0.537043 0.729061 0.011429 0.044416
0 0.480786 0.962563 0.007857 0.041878
0 0.470429 0.980964 0.010000 0.035533
0 0.464286 0.986040 0.008571 0.025381
0 0.488204 0.989848 0.007857 0.017766
