0 0.200704 0.594286 0.022857 0.072381
0 0.503571 0.742381 0.028571 0.084762
0 0.537500 0.920476 0.040704 0.117143
0 0.277857 0.487043 0.021429 0.048571
0 0.548570 0.370952 0.014286 0.039048
0 0.060357 0.550476 0.026429 0.030476
0 0.356429 0.491429 0.011429 0.026667
0 0.349643 0.489048 0.015000 0.027619
0 0.526429 0.479524 0.015714 0.040952
0 0.559286 0.345238 0.012857 0.027619
0 0.553214 0.295238 0.012143 0.026667
0 0.594643 0.273333 0.006429 0.022857
0 0.611786 0.242381 0.007857 0.016190
0 0.589643 0.211429 0.003571 0.011429
0 0.535357 0.248095 0.006429 0.020000
0 0.530786 0.235714 0.006429 0.018095
0 0.542043 0.240952 0.004286 0.011429
0 0.541786 0.237619 0.006429 0.018095
0 0.537500 0.240952 0.006429 0.007143
0 0.533214 0.222381 0.006429 0.012381
0 0.538929 0.221429 0.003571 0.008571
0 0.557857 0.216667 0.004286 0.010476
0 0.701071 0.206667 0.003571 0.009524
0 0.703929 0.208095 0.003571 0.008571
0 0.728570 0.212381 0.004286 0.013333
0 0.720714 0.216190 0.002857 0.007619
0 0.742500 0.226667 0.005000 0.009524
0 0.816429 0.247143 0.007143 0.014286
0 0.874643 0.260000 0.003570 0.011429
0 0.878570 0.257619 0.005714 0.016190
0 0.987043 0.289524 0.010000 0.022857
0 0.888929 0.270476 0.007857 0.015238
0 0.909286 0.279524 0.008571 0.016190
0 0.060357 0.204762 0.005000 0.007143
0 0.057500 0.200476 0.005000 0.006190
0 0.211786 0.522857 0.020714 0.026667
