0 0.347043 0.137690 0.005714 0.019036
0 0.326429 0.067513 0.005714 0.025381
0 0.330000 0.060533 0.007143 0.024112
0 0.332857 0.055457 0.007143 0.024112
0 0.342500 0.061802 0.006429 0.019036
0 0.345704 0.160533 0.007143 0.024112
0 0.309286 0.308376 0.005704 0.025381
0 0.269286 0.330584 0.005714 0.016497
0 0.367043 0.585660 0.008571 0.021574
0 0.207043 0.778553 0.012857 0.024112
0 0.089643 0.781091 0.012143 0.021574
0 0.030000 0.875635 0.011429 0.027919
0 0.023929 0.869924 0.010714 0.029188
0 0.400000 0.787437 0.007143 0.026650
0 0.399643 0.776005 0.007857 0.026650
0 0.425357 0.735406 0.007857 0.030726
0 0.663929 0.432007 0.009286 0.026650
0 0.640429 0.430838 0.005714 0.024112
0 0.628929 0.465002 0.010714 0.029188
0 0.746429 0.490751 0.010000 0.021574
0 0.745704 0.477157 0.007143 0.025381
0 0.987857 0.545050 0.011429 0.024112
0 0.984643 0.530091 0.009286 0.024112
0 0.508214 0.179569 0.006429 0.024112
0 0.483204 0.186548 0.005000 0.020305
0 0.472500 0.081472 0.005000 0.022843
0 0.478570 0.185914 0.004286 0.016497
0 0.497043 0.180203 0.005714 0.020305
0 0.468929 0.254442 0.005000 0.024012
0 0.406786 0.654822 0.007857 0.025380
