0 0.012143 0.830000 0.012857 0.018095
0 0.026429 0.830476 0.014286 0.022857
0 0.031071 0.816667 0.017857 0.020000
0 0.027500 0.806190 0.013571 0.020000
0 0.013929 0.810952 0.015000 0.020000
0 0.053929 0.799048 0.019286 0.019048
0 0.067500 0.793810 0.012143 0.016190
0 0.082143 0.778095 0.018571 0.020952
0 0.070357 0.774286 0.015000 0.019048
0 0.052857 0.790000 0.015714 0.014286
0 0.045357 0.780476 0.013571 0.016190
0 0.062043 0.744286 0.014286 0.020000
0 0.112143 0.751905 0.010000 0.014286
0 0.279643 0.660952 0.002143 0.024762
0 0.261071 0.588571 0.009286 0.015238
0 0.386429 0.460000 0.005704 0.015238
0 0.305357 0.490000 0.010714 0.016190
0 0.459286 0.400476 0.010000 0.016190
0 0.467143 0.400952 0.007143 0.013333
0 0.532500 0.378570 0.006429 0.021905
0 0.524643 0.297043 0.007857 0.019048
0 0.550429 0.288571 0.007143 0.019048
0 0.772500 0.313810 0.009286 0.020000
0 0.828571 0.239524 0.008571 0.016190
0 0.895357 0.141429 0.009286 0.014286
0 0.344286 0.830952 0.008570 0.014286
0 0.354643 0.830000 0.000714 0.023810
0 0.372857 0.779524 0.018571 0.027619
0 0.591429 0.904286 0.020000 0.033333
