0 0.752857 0.941429 0.015714 0.023810
0 0.829286 0.804762 0.012857 0.020952
0 0.833214 0.811429 0.015000 0.017143
0 0.671786 0.577619 0.009286 0.014286
0 0.664286 0.547619 0.008571 0.015238
0 0.687857 0.539524 0.008571 0.014286
0 0.651786 0.507143 0.007857 0.012381
0 0.585714 0.506190 0.008571 0.012381
0 0.635357 0.467143 0.007857 0.010476
0 0.642857 0.447143 0.005714 0.012381
0 0.618571 0.407143 0.004286 0.010476
0 0.585000 0.390952 0.005714 0.010476
0 0.581429 0.366667 0.004286 0.011429
0 0.563571 0.340476 0.005714 0.010476
0 0.546429 0.330000 0.005714 0.008571
0 0.547143 0.290476 0.004286 0.007619
0 0.430357 0.532380 0.006429 0.017143
0 0.434286 0.535238 0.007043 0.017143
0 0.414286 0.439524 0.005714 0.010476
0 0.412500 0.412381 0.005000 0.011429
0 0.381429 0.333333 0.005714 0.011429
0 0.400000 0.284286 0.005704 0.012381
0 0.422043 0.279524 0.005714 0.012381
0 0.466786 0.266090 0.005000 0.010476
0 0.476786 0.264762 0.005000 0.001429
0 0.386429 0.247619 0.004286 0.005714
0 0.421429 0.218095 0.004286 0.005714
0 0.426786 0.223333 0.003571 0.004762
0 0.446071 0.231429 0.005000 0.007619
0 0.359286 0.230952 0.004286 0.012381
0 0.290704 0.500476 0.008571 0.018095
0 0.300714 0.480000 0.004286 0.011429
0 0.297043 0.474286 0.007143 0.017143
0 0.292857 0.463333 0.007043 0.018095
0 0.302500 0.443800 0.006429 0.017143
0 0.306429 0.404286 0.007143 0.019048
