0 0.406070 0.761421 0.016429 0.038071
0 0.605704 0.975254 0.014286 0.044416
0 0.530704 0.838198 0.015714 0.039340
0 0.447500 0.847080 0.010714 0.029188
0 0.458929 0.902284 0.007857 0.040609
0 0.435357 0.942893 0.022043 0.040609
0 0.378570 0.930838 0.020000 0.044416
0 0.352500 0.805355 0.023571 0.034264
0 0.374286 0.828046 0.004286 0.036802
0 0.307143 0.697970 0.015714 0.035533
0 0.350357 0.700508 0.005000 0.040609
0 0.350000 0.682007 0.014286 0.039340
0 0.245704 0.628807 0.015714 0.041878
0 0.202143 0.522843 0.021429 0.032995
0 0.653929 0.289975 0.003571 0.057107
0 0.724643 0.302183 0.017857 0.065990
0 0.854286 0.309000 0.017143 0.059645
0 0.840704 0.211929 0.021429 0.048223
0 0.796786 0.096066 0.016429 0.054569
0 0.487500 0.269670 0.003571 0.046954
0 0.404643 0.286168 0.015000 0.049492
0 0.340071 0.336294 0.009286 0.040609
0 0.080714 0.342640 0.015714 0.040609
0 0.082500 0.497462 0.015000 0.035533
0 0.069643 0.486041 0.010714 0.035533
0 0.058204 0.421320 0.025000 0.060914
0 0.025704 0.446701 0.024286 0.055838
0 0.043204 0.439721 0.017857 0.041878
0 0.052500 0.321701 0.012143 0.034264
0 0.038571 0.319797 0.014286 0.030457
0 0.303204 0.324239 0.016429 0.054569
0 0.442857 0.092893 0.011429 0.053299
0 0.389286 0.307893 0.011429 0.031726
0 0.632043 0.237944 0.008571 0.034264
0 0.387500 0.292503 0.015000 0.046954
0 0.370704 0.306472 0.014286 0.029188
0 0.265704 0.374365 0.014286 0.035533
0 0.056786 0.391497 0.015000 0.029188
0 0.075357 0.378173 0.026429 0.048223
0 0.098214 0.362944 0.012143 0.027919
0 0.084286 0.375635 0.011429 0.032995
0 0.625704 0.204315 0.010000 0.060914
0 0.650429 0.194797 0.011429 0.049492
0 0.639643 0.076396 0.010714 0.040609
0 0.503571 0.152919 0.011429 0.049492
0 0.606070 0.184010 0.016429 0.045685
0 0.500071 0.149746 0.009286 0.048223
0 0.489643 0.049746 0.012143 0.035533
0 0.433204 0.188452 0.012143 0.059645
0 0.422500 0.874365 0.025000 0.043047
0 0.400357 0.861675 0.025000 0.060914
0 0.729286 0.273477 0.020429 0.054569
0 0.220357 0.360406 0.007857 0.055838
0 0.240357 0.326042 0.012143 0.025381
0 0.307857 0.233503 0.015714 0.032995
0 0.340357 0.229695 0.005000 0.058376
0 0.585704 0.121193 0.011429 0.049492
0 0.017143 0.305838 0.010000 0.030457
0 0.005714 0.314086 0.011429 0.026650
0 0.093929 0.308376 0.000714 0.027919
0 0.027857 0.296954 0.011429 0.032995
0 0.037500 0.294416 0.012143 0.030457
0 0.060714 0.282995 0.010000 0.030457
0 0.065714 0.461929 0.020000 0.043147
