0 0.798570 0.865482 0.017143 0.043147
0 0.055000 0.990482 0.008571 0.016497
0 0.052857 0.984772 0.025704 0.027919
0 0.072500 0.900533 0.016429 0.036802
0 0.039286 0.828046 0.020429 0.044416
0 0.040357 0.801548 0.026429 0.031726
0 0.065000 0.869924 0.020429 0.031726
0 0.070786 0.827411 0.020714 0.035533
0 0.096070 0.819162 0.020714 0.041878
0 0.001429 0.750635 0.022857 0.041878
0 0.013571 0.748731 0.024286 0.045685
0 0.014286 0.701777 0.015714 0.043147
0 0.017500 0.601523 0.016429 0.035533
0 0.057143 0.608503 0.015714 0.041878
0 0.041071 0.569797 0.017857 0.040609
0 0.030714 0.530457 0.014286 0.032995
0 0.038571 0.529822 0.015714 0.036802
0 0.503214 0.177665 0.006429 0.040609
0 0.028571 0.487310 0.015714 0.032995
0 0.046429 0.499365 0.015714 0.036802
0 0.066429 0.509518 0.017143 0.046954
0 0.041429 0.459391 0.017143 0.038071
0 0.083214 0.423858 0.013571 0.038071
0 0.051786 0.424492 0.015000 0.044416
0 0.061429 0.429569 0.014286 0.046954
0 0.098929 0.411168 0.013571 0.038071
0 0.090000 0.391497 0.017143 0.039340
0 0.056786 0.386421 0.013571 0.034264
0 0.048929 0.365482 0.013571 0.038071
0 0.037500 0.329949 0.015000 0.040609
0 0.047500 0.317893 0.017857 0.036802
0 0.070000 0.363579 0.012857 0.041878
0 0.077500 0.375000 0.013571 0.031726
0 0.086786 0.359137 0.013571 0.032995
0 0.079643 0.326142 0.012143 0.035533
0 0.090000 0.329949 0.011429 0.040609
0 0.090714 0.304569 0.012857 0.038071
0 0.203929 0.304086 0.012143 0.044416
0 0.205357 0.312817 0.010714 0.041878
0 0.242043 0.307107 0.014286 0.048223
0 0.274286 0.293782 0.011429 0.031726
0 0.203570 0.305203 0.012857 0.049492
0 0.228929 0.272843 0.002143 0.040609
0 0.235357 0.267766 0.005000 0.038071
0 0.295704 0.205584 0.010000 0.035533
0 0.203204 0.246193 0.012143 0.030457
0 0.092857 0.247462 0.008571 0.030457
0 0.302857 0.066878 0.007143 0.034264
0 0.307857 0.183376 0.007143 0.036802
0 0.326786 0.208909 0.007857 0.039340
0 0.333570 0.126904 0.008571 0.038071
0 0.325704 0.116751 0.010000 0.038071
0 0.325704 0.111041 0.010000 0.039340
0 0.226070 0.072970 0.012143 0.034264
0 0.226070 0.062183 0.013571 0.032995
0 0.249643 0.030726 0.009286 0.038071
0 0.254643 0.036068 0.007857 0.034264
0 0.266786 0.033629 0.009286 0.034264
0 0.262500 0.030711 0.009286 0.040609
0 0.285704 0.151015 0.010000 0.032995
0 0.288204 0.150381 0.006429 0.024112
0 0.290429 0.143401 0.007143 0.022843
0 0.283570 0.130711 0.008571 0.032995
0 0.289286 0.020558 0.010000 0.038071
0 0.292500 0.005330 0.007857 0.035533
0 0.302043 0.111675 0.008571 0.035533
0 0.309643 0.090102 0.006429 0.030457
0 0.646429 0.099239 0.008571 0.038071
0 0.656786 0.085914 0.009286 0.041878
0 0.697500 0.078299 0.013571 0.036802
0 0.706786 0.082741 0.009286 0.040609
0 0.702500 0.169416 0.009286 0.044416
0 0.682857 0.029442 0.005714 0.025381
0 0.688929 0.030711 0.009286 0.038071
0 0.697500 0.045305 0.010714 0.034264
0 0.696786 0.024365 0.010714 0.038071
0 0.703204 0.154188 0.010714 0.036802
0 0.702500 0.133883 0.010714 0.039340
0 0.706429 0.142132 0.010000 0.040609
0 0.725000 0.025000 0.011429 0.039340
