0 0.854750 0.922667 0.006500 0.044000
0 0.952250 0.886667 0.016500 0.021333
0 0.972000 0.750000 0.023000 0.031333
0 0.949750 0.709667 0.012500 0.027333
0 0.993250 0.744333 0.003500 0.022000
0 0.768500 0.601000 0.007000 0.027333
0 0.769000 0.430333 0.005000 0.002667
0 0.782000 0.435333 0.005000 0.006000
0 0.779250 0.430333 0.004500 0.002667
0 0.576250 0.409000 0.003500 0.004000
0 0.649000 0.391667 0.004000 0.010000
0 0.350000 0.347333 0.003000 0.008000
0 0.333250 0.350333 0.002500 0.008667
0 0.024500 0.491333 0.006000 0.014667
0 0.037250 0.487333 0.006500 0.012000
0 0.051500 0.451667 0.006000 0.010000
0 0.098250 0.383333 0.003500 0.009333
0 0.207000 0.346667 0.002000 0.006667
