0 0.837500 0.770429 0.026429 0.066667
0 0.013214 0.207619 0.017857 0.030476
0 0.096071 0.210000 0.015000 0.031429
0 0.130000 0.201429 0.008571 0.021905
0 0.032143 0.366667 0.012857 0.026667
0 0.351429 0.197619 0.011429 0.018095
0 0.340000 0.218571 0.012857 0.023810
0 0.348929 0.243810 0.013571 0.030476
0 0.404643 0.083810 0.010714 0.034286
0 0.374286 0.230476 0.001429 0.032381
0 0.399286 0.238095 0.000000 0.036190
0 0.388204 0.226667 0.009286 0.030476
0 0.404286 0.209524 0.010000 0.035238
0 0.402857 0.215714 0.008571 0.031429
0 0.380429 0.213333 0.010000 0.034286
0 0.538204 0.105238 0.006429 0.027619
0 0.885000 0.024762 0.008571 0.022857
0 0.897857 0.080429 0.005714 0.016190
0 0.899643 0.230476 0.002143 0.030476
0 0.886070 0.209524 0.007857 0.024762
0 0.885704 0.180000 0.007143 0.022857
0 0.890786 0.180952 0.006429 0.022857
0 0.889643 0.092381 0.009286 0.022857
0 0.862857 0.245714 0.007143 0.022857
0 0.852043 0.336190 0.011429 0.038095
0 0.863204 0.345714 0.016429 0.043810
0 0.877857 0.345704 0.012857 0.040000
0 0.877500 0.313810 0.015000 0.027619
0 0.880000 0.318095 0.014286 0.024762
0 0.872143 0.380952 0.017143 0.030476
0 0.790429 0.368095 0.012857 0.039048
0 0.946786 0.530952 0.012143 0.048571
