0 0.290704 0.660000 0.020000 0.026667
0 0.269286 0.640000 0.020429 0.036190
0 0.246070 0.649048 0.029286 0.035238
0 0.208214 0.694286 0.026429 0.036190
0 0.002500 0.719048 0.045000 0.032381
0 0.003929 0.757143 0.040714 0.034286
0 0.051429 0.881905 0.044286 0.022857
0 0.043929 0.866190 0.025000 0.018095
0 0.306786 0.798570 0.025000 0.033333
0 0.790786 0.580000 0.023571 0.043810
0 0.820786 0.607143 0.025000 0.042857
0 0.840357 0.639524 0.027857 0.044762
0 0.808929 0.647043 0.029286 0.042857
0 0.777500 0.870429 0.040714 0.053333
