0 0.539750 0.921333 0.066500 0.121333
0 0.810000 0.723000 0.065000 0.102000
0 0.293500 0.947000 0.060000 0.006000
0 0.256750 0.870333 0.047500 0.120000
0 0.297250 0.809000 0.050500 0.118000
0 0.256250 0.731667 0.051500 0.114000
0 0.273000 0.660333 0.055000 0.080667
0 0.238750 0.622000 0.020500 0.077333
0 0.690250 0.706333 0.038500 0.078000
0 0.469500 0.706333 0.025000 0.074000
0 0.467250 0.678333 0.027500 0.020667
0 0.401000 0.641667 0.028000 0.124667
0 0.480000 0.593333 0.016000 0.060000
0 0.499750 0.579000 0.025500 0.003333
0 0.425500 0.463667 0.022000 0.090000
0 0.710000 0.492333 0.035000 0.083333
0 0.601000 0.499000 0.028000 0.094000
0 0.554250 0.480000 0.036500 0.100667
0 0.635750 0.398333 0.020500 0.047333
0 0.546250 0.389000 0.020500 0.076667
0 0.533000 0.399667 0.005000 0.047333
0 0.450750 0.389333 0.023500 0.044000
0 0.641750 0.352000 0.008500 0.040000
0 0.640750 0.346333 0.020500 0.058000
0 0.632000 0.340667 0.015000 0.046667
0 0.638250 0.307333 0.012500 0.057333
0 0.650000 0.284000 0.013000 0.044000
0 0.665750 0.277000 0.012500 0.032667
0 0.600250 0.262667 0.015500 0.026667
0 0.580250 0.260667 0.001500 0.052000
0 0.563250 0.246667 0.012500 0.028000
0 0.550750 0.238667 0.012500 0.030667
0 0.545250 0.236000 0.011500 0.026667
0 0.535000 0.229000 0.011000 0.024667
0 0.549750 0.291667 0.017500 0.040667
0 0.539750 0.262000 0.012500 0.036000
0 0.507000 0.287667 0.014000 0.055333
0 0.500250 0.257333 0.000500 0.048000
0 0.489500 0.263000 0.000000 0.043333
0 0.504500 0.213000 0.008000 0.035333
0 0.489250 0.203333 0.010500 0.033333
0 0.482750 0.216333 0.007500 0.022000
0 0.385750 0.259333 0.003500 0.050667
0 0.407500 0.251333 0.016000 0.038667
0 0.426500 0.224333 0.000000 0.043333
0 0.467250 0.209000 0.009500 0.039333
0 0.460000 0.205000 0.007000 0.022000
0 0.453000 0.202667 0.008000 0.029333
0 0.443500 0.223667 0.008000 0.035333
0 0.433250 0.201667 0.007500 0.019333
0 0.442500 0.206000 0.000000 0.036000
0 0.495750 0.095333 0.009500 0.032000
0 0.475000 0.181667 0.007000 0.019333
0 0.468000 0.180667 0.007000 0.017333
0 0.457500 0.183333 0.008000 0.018667
0 0.460500 0.174333 0.009000 0.024667
0 0.450750 0.086667 0.007500 0.036000
0 0.443500 0.068000 0.007000 0.026667
0 0.408500 0.178667 0.009000 0.034667
0 0.408000 0.079333 0.009000 0.032000
0 0.434500 0.158000 0.008000 0.018667
0 0.422250 0.067667 0.007500 0.030000
0 0.402500 0.159667 0.007000 0.020667
0 0.404000 0.061000 0.005000 0.023333
0 0.408750 0.161333 0.004500 0.013333
