0 0.396429 0.537043 0.014286 0.047619
0 0.072857 0.689048 0.024286 0.054286
0 0.054286 0.711429 0.025714 0.059048
0 0.230071 0.204762 0.013571 0.034286
0 0.290000 0.065714 0.010000 0.030476
0 0.209286 0.170476 0.008571 0.024762
0 0.230071 0.166667 0.007857 0.019048
0 0.250357 0.070476 0.013571 0.032381
0 0.425357 0.054762 0.005000 0.023800
0 0.442043 0.054762 0.011429 0.021905
0 0.474643 0.057043 0.006429 0.017143
0 0.486786 0.048095 0.005000 0.006190
0 0.523570 0.270952 0.010000 0.037143
0 0.469643 0.236667 0.000714 0.031429
0 0.592043 0.299524 0.010000 0.042857
0 0.700429 0.296190 0.011429 0.036190
0 0.668570 0.264286 0.008571 0.029524
0 0.709286 0.200952 0.005714 0.025714
0 0.704643 0.089048 0.012143 0.025714
0 0.427857 0.066667 0.005714 0.022857
0 0.423570 0.170000 0.005714 0.025714
0 0.422500 0.059524 0.006429 0.020000
0 0.442857 0.060476 0.008571 0.020000
0 0.450000 0.044286 0.011429 0.025714
0 0.473204 0.147143 0.006429 0.018095
0 0.467043 0.141429 0.004286 0.027619
0 0.480071 0.116190 0.006429 0.022857
0 0.493929 0.024286 0.006429 0.027619
0 0.527500 0.020952 0.010714 0.028571
0 0.535704 0.122857 0.004286 0.024762
0 0.503214 0.086190 0.012143 0.027619
0 0.546070 0.100476 0.010714 0.025714
0 0.533929 0.099048 0.006429 0.020952
0 0.540000 0.056090 0.005714 0.020952
0 0.550071 0.056667 0.007857 0.018095
0 0.598570 0.102381 0.007143 0.021905
0 0.607500 0.083810 0.012143 0.020952
0 0.588929 0.080000 0.006429 0.009524
0 0.556429 0.045238 0.004286 0.004286
0 0.550704 0.042857 0.004286 0.013333
0 0.609643 0.030476 0.009286 0.017143
0 0.600071 0.028571 0.006429 0.015238
0 0.658929 0.040429 0.006429 0.018095
0 0.685704 0.047143 0.007143 0.021905
0 0.680786 0.028571 0.007857 0.015238
0 0.743929 0.046090 0.006429 0.016190
0 0.780357 0.077043 0.006429 0.011429
0 0.863204 0.103333 0.006429 0.016190
0 0.900000 0.093800 0.007143 0.020000
0 0.820704 0.039048 0.010000 0.020952
0 0.790071 0.271429 0.012143 0.038095
0 0.773570 0.342381 0.015714 0.040952
0 0.858204 0.310952 0.013571 0.037143
0 0.889286 0.330429 0.015714 0.040000
0 0.973570 0.305238 0.014286 0.042857
0 0.790000 0.402857 0.000000 0.019048
0 0.764286 0.452380 0.020000 0.047619
