0 0.888570 0.727792 0.021429 0.019036
0 0.906070 0.631345 0.025000 0.021574
0 0.408929 0.221447 0.013571 0.036802
0 0.422857 0.270305 0.008570 0.020305
0 0.424286 0.288070 0.008571 0.022843
0 0.427043 0.306472 0.008571 0.019036
0 0.320071 0.578680 0.019286 0.027919
0 0.340786 0.542513 0.012143 0.016497
0 0.353204 0.506980 0.009286 0.019036
0 0.398204 0.502538 0.009286 0.015228
0 0.380429 0.473350 0.011429 0.017766
0 0.392043 0.460660 0.011429 0.017766
0 0.406070 0.571066 0.010714 0.015228
0 0.422500 0.548223 0.009286 0.020305
0 0.435357 0.538070 0.007857 0.022843
0 0.407143 0.597716 0.008571 0.030457
0 0.432043 0.584391 0.015714 0.019036
0 0.447857 0.562083 0.011429 0.020305
0 0.458570 0.613579 0.011429 0.029188
0 0.490704 0.618020 0.010000 0.030457
0 0.504286 0.605482 0.011429 0.038071
0 0.505704 0.435914 0.014286 0.019036
0 0.401429 0.416878 0.010000 0.016497
0 0.342857 0.370827 0.012857 0.022843
0 0.388570 0.415609 0.011429 0.013959
0 0.423570 0.409898 0.007143 0.017766
0 0.420704 0.382614 0.010000 0.019036
0 0.403214 0.364848 0.009286 0.024112
0 0.425357 0.354695 0.009286 0.006497
0 0.422857 0.340002 0.005714 0.017766
0 0.406071 0.322970 0.010714 0.019036
0 0.456429 0.322335 0.008570 0.022843
0 0.450786 0.302030 0.006429 0.017766
0 0.599286 0.356599 0.002857 0.030457
0 0.607143 0.418782 0.010000 0.017766
0 0.559643 0.099609 0.010714 0.024112
0 0.559286 0.034264 0.000000 0.025381
