0 0.847857 0.626269 0.007143 0.021574
0 0.839643 0.607386 0.005000 0.006345
0 0.888570 0.612944 0.011429 0.025381
0 0.883571 0.655457 0.008571 0.016497
0 0.877143 0.568528 0.007143 0.022843
0 0.862857 0.574239 0.007143 0.026650
0 0.869643 0.571701 0.009286 0.031726
0 0.943929 0.825508 0.009286 0.024112
0 0.933571 0.805838 0.008571 0.020305
0 0.951429 0.807107 0.008571 0.022843
0 0.990786 0.621193 0.009286 0.021574
0 0.843929 0.595078 0.009286 0.030457
0 0.939643 0.480330 0.000714 0.029188
0 0.826786 0.461929 0.006429 0.025381
0 0.820357 0.463198 0.006429 0.020305
0 0.815357 0.464467 0.005000 0.020305
0 0.808571 0.467640 0.007143 0.021574
0 0.811071 0.446066 0.006429 0.024112
0 0.876070 0.262690 0.007857 0.027919
0 0.904643 0.352792 0.006429 0.017766
0 0.826786 0.307893 0.006429 0.024112
0 0.806786 0.312183 0.007857 0.025381
0 0.764286 0.080203 0.007143 0.025381
0 0.760000 0.226523 0.007043 0.021574
0 0.734286 0.094543 0.005704 0.013959
0 0.809643 0.147208 0.006429 0.020305
0 0.738204 0.118020 0.003571 0.015228
0 0.832143 0.253807 0.005714 0.017766
0 0.808214 0.452411 0.006429 0.016497
