0 0.070714 0.249524 0.005714 0.007619
0 0.091786 0.327619 0.006429 0.007619
0 0.650357 0.004762 0.003571 0.007619
0 0.703214 0.263333 0.003571 0.008571
0 0.709286 0.264762 0.004286 0.009524
0 0.705357 0.282380 0.005000 0.008571
0 0.705357 0.277609 0.003571 0.006667
0 0.837857 0.320000 0.005704 0.007619
0 0.902857 0.756667 0.007143 0.006667
0 0.495714 0.473333 0.004286 0.005714
0 0.538571 0.512381 0.002857 0.003810
0 0.744286 0.659048 0.004286 0.005714
0 0.886786 0.730000 0.000714 0.008571
0 0.208929 0.659048 0.007857 0.007619
0 0.009643 0.040000 0.009286 0.009524
