0 0.587750 0.475333 0.005500 0.025333
0 0.590000 0.483667 0.004000 0.012667
0 0.807500 0.409667 0.008000 0.023333
0 0.808250 0.396000 0.007500 0.020333
0 0.808500 0.409667 0.006000 0.019333
0 0.823250 0.396667 0.006500 0.008667
0 0.826750 0.372667 0.005500 0.020333
0 0.830250 0.375000 0.005500 0.011333
0 0.854750 0.342000 0.005500 0.007333
0 0.860250 0.339000 0.005500 0.016667
0 0.804000 0.355333 0.005000 0.022667
0 0.807500 0.353333 0.005000 0.017333
0 0.822500 0.356333 0.006000 0.001333
0 0.526000 0.760333 0.004000 0.036667
0 0.502750 0.762333 0.011500 0.031333
0 0.498250 0.757000 0.000500 0.031333
0 0.505250 0.787000 0.011500 0.036667
0 0.610000 0.718000 0.014000 0.045333
0 0.690000 0.608333 0.010000 0.035333
0 0.605500 0.647333 0.010000 0.037333
0 0.684750 0.640000 0.009500 0.037333
0 0.701500 0.654667 0.009000 0.037333
0 0.725500 0.682667 0.000000 0.046667
0 0.705500 0.698333 0.009000 0.038000
0 0.808000 0.594000 0.014000 0.038667
0 0.666250 0.623333 0.008500 0.034667
0 0.646250 0.602000 0.010500 0.042667
0 0.662000 0.597000 0.002000 0.035333
0 0.648500 0.584333 0.009000 0.028667
0 0.660000 0.587000 0.008000 0.028667
0 0.560250 0.614667 0.007500 0.033333
0 0.543750 0.629333 0.007500 0.040000
0 0.544000 0.603333 0.008000 0.040000
0 0.505750 0.639667 0.010500 0.038000
0 0.964750 0.729667 0.008500 0.043333
0 0.907000 0.698333 0.017000 0.039333
0 0.927500 0.659000 0.008000 0.039333
0 0.846750 0.548333 0.002500 0.028667
0 0.845000 0.603333 0.014000 0.030667
0 0.862000 0.533333 0.009000 0.030667
0 0.849250 0.526333 0.008500 0.027333
0 0.873000 0.503333 0.009000 0.033333
0 0.884500 0.503667 0.000000 0.031333
0 0.832500 0.465667 0.007000 0.027333
0 0.840000 0.424333 0.008000 0.026000
0 0.905250 0.489667 0.009500 0.030000
0 0.030000 0.586667 0.002000 0.029333
0 0.470000 0.688333 0.009000 0.030333
0 0.392250 0.562333 0.000500 0.031333
0 0.456000 0.582667 0.009000 0.020333
0 0.465750 0.580667 0.006500 0.022667
0 0.354750 0.592667 0.009500 0.029333
0 0.363000 0.590000 0.004000 0.019333
