0 0.369099 0.442748 0.002876 0.028626
0 0.408455 0.399332 0.014306 0.029580
0 0.493562 0.428435 0.002876 0.028626
0 0.665236 0.423664 0.002876 0.028626
0 0.650645 0.423187 0.010014 0.035305
0 0.979970 0.761450 0.012876 0.032443
0 0.794707 0.500000 0.002876 0.028626
0 0.802589 0.489027 0.017167 0.025763
0 0.673820 0.484733 0.004306 0.026718
0 0.680973 0.498569 0.004306 0.033397
0 0.808655 0.509084 0.013591 0.030534
0 0.016595 0.216603 0.015737 0.030534
0 0.320173 0.249046 0.015737 0.034351
0 0.270386 0.350668 0.001445 0.021947
0 0.339056 0.208034 0.010014 0.029580
0 0.258226 0.047424 0.012876 0.029580
0 0.412375 0.263359 0.009299 0.022901
0 0.416667 0.255725 0.009299 0.020992
0 0.420243 0.244752 0.007868 0.018130
0 0.456366 0.410305 0.012876 0.030534
0 0.542203 0.390267 0.014306 0.030534
0 0.285765 0.339695 0.015021 0.020992
0 0.817954 0.455153 0.012160 0.026718
0 0.637339 0.470897 0.012876 0.027672
0 0.617310 0.456584 0.011445 0.021947
0 0.490774 0.371660 0.009299 0.031489
0 0.428469 0.377863 0.008584 0.032443
