0 0.126071 0.281429 0.015000 0.020000
0 0.395714 0.277143 0.015714 0.020952
0 0.413571 0.151429 0.011429 0.024762
0 0.315714 0.386667 0.014286 0.024762
0 0.379286 0.465704 0.010000 0.015238
0 0.348204 0.624286 0.017857 0.025714
0 0.385704 0.635238 0.018571 0.034286
0 0.453204 0.553810 0.007857 0.021905
0 0.480786 0.501905 0.009286 0.020952
0 0.487043 0.440000 0.015714 0.019048
0 0.456429 0.398570 0.010000 0.018095
0 0.052143 0.984762 0.014286 0.024762
0 0.583570 0.453333 0.011429 0.015238
0 0.708570 0.327143 0.014286 0.018095
0 0.726786 0.329048 0.006429 0.020000
