0 0.208570 0.435279 0.002857 0.007614
0 0.294286 0.473350 0.002857 0.007604
0 0.296786 0.472080 0.002143 0.010152
0 0.323204 0.522843 0.003571 0.010152
0 0.204286 0.503959 0.002857 0.010152
0 0.059643 0.963832 0.003571 0.008883
0 0.058929 0.976523 0.003571 0.011421
0 0.057500 0.970812 0.003571 0.010152
0 0.205357 0.906726 0.002043 0.011421
0 0.059286 0.871827 0.002857 0.015228
0 0.055000 0.897208 0.002857 0.015228
0 0.064286 0.835025 0.002857 0.010152
0 0.224286 0.820430 0.002857 0.011421
0 0.698204 0.745558 0.003571 0.011421
0 0.792500 0.708274 0.002143 0.010152
0 0.802857 0.710025 0.002857 0.008883
0 0.806786 0.715736 0.002143 0.007614
0 0.872857 0.689720 0.002857 0.008883
