0 0.062630 0.823748 0.002526 0.037106
0 0.071503 0.816327 0.021921 0.048237
0 0.089509 0.812152 0.020355 0.038033
0 0.348021 0.603432 0.010438 0.043599
0 0.339770 0.554267 0.007307 0.038033
0 0.346806 0.583024 0.009916 0.041744
0 0.379697 0.575603 0.009906 0.026902
0 0.399008 0.566327 0.009906 0.039889
0 0.530532 0.432746 0.006785 0.036078
0 0.546702 0.457792 0.009916 0.028757
0 0.542797 0.448052 0.000438 0.033395
0 0.536273 0.448052 0.006785 0.035250
0 0.536003 0.441095 0.007307 0.034323
0 0.586378 0.404907 0.006785 0.030612
0 0.596555 0.404907 0.008351 0.028757
0 0.604906 0.395076 0.006263 0.029685
0 0.597338 0.399804 0.005741 0.029685
0 0.589248 0.400742 0.009395 0.030540
0 0.495564 0.345083 0.005741 0.016698
0 0.506701 0.225881 0.004175 0.023191
0 0.500177 0.227737 0.003653 0.023191
0 0.494520 0.208720 0.004697 0.024019
0 0.488779 0.208256 0.005740 0.021336
0 0.475730 0.270872 0.005741 0.024119
0 0.469990 0.269007 0.005741 0.025974
0 0.746086 0.340373 0.006785 0.027829
0 0.747129 0.323284 0.006785 0.025046
0 0.897082 0.122449 0.004175 0.012987
0 0.485647 0.009926 0.002610 0.017625
0 0.479023 0.111317 0.003132 0.016698
0 0.482506 0.121985 0.004697 0.019481
0 0.486069 0.122449 0.004697 0.020408
0 0.468946 0.010853 0.002610 0.013915
0 0.465292 0.009462 0.002610 0.012987
0 0.463466 0.010853 0.004175 0.012059
0 0.457724 0.009926 0.002088 0.010204
0 0.458768 0.008998 0.003132 0.013915
0 0.452505 0.109462 0.003132 0.011132
0 0.428758 0.109926 0.003653 0.008349
0 0.427192 0.111317 0.003653 0.007421
0 0.425365 0.108071 0.004175 0.008349
0 0.409624 0.104360 0.003132 0.013915
0 0.403100 0.107143 0.002610 0.015770
0 0.398486 0.005751 0.002610 0.011132
0 0.400835 0.002968 0.003132 0.012987
0 0.028445 0.008998 0.003653 0.013915
0 0.055063 0.025232 0.007829 0.020408
0 0.048007 0.126623 0.005219 0.019481
0 0.043840 0.124304 0.006263 0.020408
0 0.040493 0.123377 0.006785 0.020408
0 0.036003 0.125232 0.007307 0.016698
0 0.220501 0.120130 0.004697 0.015770
0 0.292276 0.020594 0.005219 0.018553
0 0.270877 0.021985 0.004175 0.015770
0 0.245042 0.020130 0.003653 0.017625
0 0.258873 0.108998 0.005219 0.015770
0 0.237203 0.109462 0.004697 0.014842
0 0.280837 0.114100 0.005219 0.012987
0 0.301326 0.121521 0.004697 0.014842
0 0.329593 0.021058 0.005741 0.017625
0 0.342380 0.013636 0.004175 0.012059
0 0.348382 0.025696 0.003653 0.013915
