0 0.420786 0.190000 0.006429 0.016190
0 0.482500 0.037619 0.006429 0.016190
0 0.503570 0.007619 0.004286 0.015238
0 0.496429 0.004762 0.004286 0.009524
0 0.422043 0.256667 0.005714 0.016190
0 0.407857 0.405704 0.005714 0.015238
0 0.387043 0.424762 0.007143 0.017143
0 0.393570 0.407619 0.007143 0.017143
0 0.405000 0.550905 0.007143 0.014286
0 0.401429 0.582381 0.007143 0.012381
0 0.503571 0.364762 0.004286 0.011429
0 0.426429 0.442381 0.007143 0.016190
0 0.392857 0.452381 0.005714 0.009524
0 0.392857 0.469048 0.008571 0.012381
0 0.396786 0.451905 0.006429 0.008571
0 0.448214 0.302857 0.006429 0.015238
0 0.463571 0.288095 0.004286 0.012381
0 0.475714 0.289524 0.004286 0.013333
0 0.460714 0.214762 0.005714 0.014286
0 0.457500 0.106190 0.005000 0.012381
0 0.438929 0.112381 0.005000 0.013333
0 0.453571 0.036667 0.004286 0.008571
0 0.438571 0.011429 0.004286 0.007619
