0 0.483570 0.335660 0.005714 0.016497
0 0.459643 0.380345 0.006429 0.016497
0 0.452500 0.420685 0.003570 0.016497
0 0.450000 0.428934 0.004286 0.020305
0 0.530786 0.401015 0.005000 0.017766
0 0.592857 0.460929 0.005714 0.020305
0 0.566786 0.427030 0.005000 0.009036
0 0.585000 0.543047 0.005714 0.022843
0 0.394643 0.394670 0.005000 0.007766
0 0.399286 0.408629 0.005704 0.017766
0 0.340786 0.391497 0.006429 0.021574
0 0.427857 0.527909 0.005714 0.020305
0 0.430071 0.520305 0.005000 0.020305
0 0.450429 0.381345 0.005714 0.019036
0 0.509643 0.258883 0.003571 0.017766
0 0.579643 0.265228 0.005000 0.007766
0 0.598570 0.177665 0.002857 0.015228
0 0.526070 0.161802 0.003571 0.016497
0 0.063929 0.350523 0.006429 0.020305
0 0.056786 0.350523 0.007857 0.020305
0 0.050704 0.351523 0.007143 0.020305
0 0.503571 0.149746 0.002857 0.015228
0 0.501429 0.137056 0.002857 0.017766
0 0.505357 0.135152 0.003571 0.013959
0 0.620000 0.204949 0.002857 0.006497
0 0.605000 0.198604 0.002857 0.013959
0 0.692500 0.240751 0.003571 0.016497
0 0.704286 0.430838 0.004286 0.016497
0 0.696429 0.335660 0.002857 0.009036
0 0.698929 0.336294 0.002043 0.015228
0 0.680429 0.274112 0.004286 0.017766
0 0.686429 0.208756 0.002857 0.006497
0 0.688929 0.200025 0.003571 0.013959
0 0.675704 0.193528 0.004286 0.013959
0 0.673204 0.178299 0.003571 0.013959
0 0.678570 0.186548 0.004286 0.015228
0 0.678570 0.180838 0.004286 0.016497
0 0.680357 0.046574 0.003571 0.013959
0 0.703570 0.226523 0.004286 0.016497
0 0.688570 0.189086 0.002857 0.015228
0 0.673570 0.126269 0.002857 0.011421
0 0.670704 0.125635 0.002857 0.010152
0 0.630071 0.104695 0.002143 0.013959
0 0.629286 0.004061 0.002857 0.015228
0 0.667857 0.050760 0.002857 0.012690
0 0.663204 0.021574 0.003571 0.012690
0 0.662500 0.077401 0.003571 0.015228
0 0.673204 0.083756 0.003571 0.015228
0 0.670704 0.083756 0.002857 0.012690
0 0.596786 0.028553 0.003570 0.013959
0 0.595704 0.037437 0.002857 0.013959
0 0.577500 0.067259 0.003571 0.010152
0 0.670071 0.010787 0.002143 0.011421
0 0.668570 0.006980 0.002857 0.011421
0 0.666070 0.005711 0.002143 0.011421
0 0.663570 0.007614 0.002857 0.010152
0 0.660704 0.008249 0.002857 0.008883
0 0.658570 0.009518 0.002857 0.011421
0 0.656070 0.053299 0.003571 0.015228
0 0.655357 0.047589 0.003570 0.016497
0 0.670071 0.114848 0.002143 0.013959
0 0.689286 0.166878 0.005714 0.013959
0 0.637857 0.640863 0.005704 0.025381
0 0.732857 0.687807 0.005714 0.022843
0 0.738570 0.688452 0.005714 0.021574
0 0.692857 0.697335 0.007043 0.024112
0 0.687857 0.692893 0.005704 0.022843
0 0.737857 0.772843 0.007043 0.027919
0 0.564643 0.947335 0.006429 0.029088
0 0.557857 0.960025 0.007043 0.026650
0 0.756429 0.990117 0.007143 0.015228
0 0.803929 0.958122 0.009286 0.025381
0 0.801786 0.949873 0.009286 0.026650
0 0.852857 0.906878 0.008571 0.021574
0 0.850071 0.905457 0.009286 0.021574
0 0.848204 0.905457 0.006429 0.021574
0 0.868929 0.873730 0.009286 0.029188
0 0.939286 0.934645 0.000000 0.026650
0 0.940786 0.836929 0.010714 0.026650
0 0.957500 0.847706 0.010714 0.025381
0 0.900714 0.840736 0.007143 0.024112
0 0.898570 0.810279 0.007143 0.024112
0 0.900357 0.810279 0.010714 0.021574
0 0.668570 0.117386 0.002857 0.011421
