0 0.783570 0.401429 0.020000 0.025714
0 0.575000 0.028095 0.010000 0.033333
0 0.632043 0.271429 0.012857 0.026667
0 0.682500 0.223333 0.003571 0.033333
0 0.706786 0.334286 0.002143 0.026667
0 0.779643 0.333333 0.009286 0.026667
0 0.622857 0.058095 0.012857 0.026667
0 0.225357 0.330905 0.020714 0.031429
0 0.027500 0.351905 0.022143 0.025714
0 0.027857 0.903333 0.037143 0.023810
0 0.092857 0.490000 0.017143 0.023810
0 0.607143 0.668095 0.018571 0.021905
0 0.642857 0.702381 0.014286 0.023810
0 0.661429 0.350000 0.012857 0.025714
