0 0.001071 0.166667 0.010714 0.026667
0 0.084286 0.069048 0.001429 0.020000
0 0.094643 0.055238 0.009286 0.022857
0 0.306786 0.015238 0.009286 0.020952
0 0.341429 0.144762 0.008571 0.017143
0 0.416786 0.104762 0.007857 0.022857
0 0.413929 0.262857 0.013571 0.036190
0 0.483571 0.173333 0.007143 0.026667
0 0.451429 0.159524 0.008571 0.023810
0 0.443571 0.157619 0.008571 0.027619
0 0.440357 0.192857 0.009286 0.029524
0 0.840000 0.093333 0.000000 0.019048
0 0.530786 0.443333 0.010714 0.037143
0 0.576070 0.382381 0.006429 0.035238
0 0.596786 0.395238 0.000714 0.032381
0 0.590429 0.377619 0.014286 0.025714
0 0.450786 0.444286 0.009286 0.039048
