0 0.599286 0.205102 0.002857 0.011421
0 0.607857 0.204467 0.002857 0.010152
0 0.628929 0.202563 0.003571 0.011421
0 0.684643 0.206208 0.002143 0.011421
0 0.697500 0.206853 0.002043 0.010152
0 0.725704 0.203046 0.002857 0.010152
0 0.708214 0.204949 0.002143 0.011421
0 0.786070 0.279188 0.003571 0.015228
0 0.790000 0.279088 0.002857 0.012690
0 0.709643 0.369924 0.003571 0.016497
0 0.720071 0.371827 0.003571 0.012690
0 0.723570 0.393401 0.004286 0.015228
0 0.735357 0.397843 0.003570 0.019036
0 0.736070 0.398477 0.003571 0.017766
0 0.838929 0.350523 0.003571 0.015228
0 0.840786 0.350254 0.003571 0.012690
0 0.973204 0.536802 0.009286 0.020305
0 0.911786 0.536802 0.007857 0.015228
0 0.840357 0.531091 0.005000 0.013959
0 0.869286 0.503173 0.005714 0.016497
0 0.872500 0.501269 0.005000 0.015228
0 0.797143 0.492386 0.005714 0.015228
0 0.432500 0.352057 0.003571 0.011421
0 0.443929 0.419416 0.003571 0.006345
0 0.444643 0.423858 0.003571 0.010152
0 0.083929 0.350888 0.002143 0.008883
0 0.005714 0.365482 0.004286 0.012690
0 0.113571 0.215102 0.004286 0.011421
0 0.027857 0.206218 0.002857 0.013959
0 0.233571 0.199239 0.002857 0.007614
0 0.900000 0.704949 0.010000 0.024112
0 0.837857 0.706208 0.007143 0.021574
