0 0.296786 0.640497 0.016429 0.041878
0 0.323570 0.605330 0.018571 0.038071
0 0.017500 0.096447 0.012143 0.035533
0 0.306429 0.008883 0.005704 0.017766
0 0.343570 0.014594 0.008571 0.029188
0 0.353204 0.037437 0.009286 0.039340
0 0.397500 0.022208 0.007857 0.036802
0 0.325000 0.006980 0.004286 0.003959
0 0.406071 0.029822 0.010714 0.039340
0 0.460071 0.431472 0.007857 0.043147
0 0.474643 0.464467 0.009286 0.032995
0 0.527857 0.397208 0.001429 0.032995
0 0.484643 0.436548 0.005000 0.038071
0 0.497857 0.450142 0.014286 0.041878
0 0.505704 0.427030 0.010000 0.036802
0 0.509643 0.437807 0.007857 0.025381
0 0.520429 0.435279 0.008571 0.040609
0 0.480786 0.470178 0.010714 0.044416
0 0.467857 0.502690 0.008571 0.043147
0 0.464643 0.540878 0.006429 0.038071
0 0.006070 0.930838 0.012143 0.026650
0 0.038570 0.883883 0.022857 0.029188
0 0.044643 0.854060 0.022143 0.038071
0 0.037500 0.830218 0.023571 0.038071
0 0.023204 0.752538 0.020714 0.035533
0 0.009643 0.743020 0.009286 0.044416
