0 0.622750 0.904000 0.016500 0.029333
0 0.553750 0.839667 0.000500 0.044667
0 0.543000 0.838667 0.001000 0.046667
0 0.530000 0.822000 0.014000 0.052000
0 0.555000 0.684333 0.008000 0.030333
0 0.540250 0.697667 0.008500 0.032667
0 0.540000 0.688000 0.008000 0.032000
0 0.550500 0.648333 0.007000 0.023333
0 0.563750 0.668000 0.005500 0.020333
0 0.550000 0.597333 0.005000 0.021333
0 0.570750 0.573667 0.004500 0.020667
0 0.503250 0.600000 0.005500 0.020333
0 0.499250 0.633667 0.007500 0.024667
0 0.511500 0.632000 0.006000 0.021333
0 0.484750 0.558000 0.004500 0.007333
0 0.529250 0.550333 0.004500 0.018667
0 0.522750 0.602333 0.005500 0.015333
0 0.536250 0.553000 0.004500 0.008000
0 0.540500 0.552333 0.005000 0.020667
0 0.531500 0.582000 0.005000 0.016000
0 0.503000 0.506000 0.003000 0.003333
0 0.505500 0.499667 0.004000 0.002667
0 0.508500 0.520333 0.003000 0.011333
0 0.553250 0.524667 0.003500 0.007333
0 0.535000 0.528000 0.005000 0.014667
0 0.530750 0.509667 0.004500 0.014000
0 0.535500 0.503333 0.004000 0.012000
0 0.524500 0.505000 0.003000 0.002667
0 0.507250 0.445667 0.002500 0.008667
0 0.600500 0.473333 0.004000 0.009333
