0 0.260357 0.850905 0.015000 0.016190
0 0.431786 0.700000 0.016429 0.020952
0 0.336429 0.657143 0.015714 0.020952
0 0.198929 0.692381 0.015000 0.017143
0 0.231071 0.703810 0.015000 0.017143
0 0.004643 0.278095 0.009286 0.019048
0 0.186071 0.391905 0.015000 0.020000
0 0.250000 0.272381 0.011429 0.017143
0 0.258929 0.220429 0.015000 0.029524
0 0.033214 0.196667 0.017857 0.027619
0 0.046786 0.188095 0.016429 0.025714
0 0.037857 0.030476 0.011429 0.019048
0 0.067143 0.080476 0.011429 0.018095
0 0.105000 0.084762 0.014286 0.020952
0 0.387857 0.513333 0.015714 0.022857
0 0.390714 0.488095 0.014286 0.020000
0 0.622857 0.905238 0.017143 0.021905
0 0.718571 0.392857 0.015714 0.021905
0 0.755000 0.440952 0.002857 0.020952
0 0.704286 0.404286 0.010000 0.021905
0 0.934643 0.366190 0.015000 0.021905
0 0.935000 0.507619 0.021429 0.022857
0 0.961429 0.535238 0.015714 0.020952
0 0.930786 0.758571 0.020714 0.016190
