0 0.096071 0.854695 0.016429 0.034264
0 0.206786 0.816624 0.013571 0.031726
0 0.022500 0.744924 0.016429 0.032995
0 0.033571 0.731599 0.014286 0.031726
0 0.033929 0.674492 0.002143 0.026650
0 0.032043 0.585660 0.014286 0.031726
0 0.008204 0.543147 0.012143 0.030457
0 0.008570 0.711294 0.014286 0.031726
0 0.022857 0.686548 0.005714 0.038071
0 0.009643 0.620193 0.013571 0.031726
0 0.091429 0.627538 0.012857 0.029188
0 0.320000 0.470802 0.011429 0.027919
0 0.478570 0.716371 0.011429 0.034264
0 0.532500 0.603426 0.007857 0.036802
0 0.526070 0.600254 0.005000 0.030457
0 0.509286 0.598985 0.007143 0.025381
0 0.544643 0.725888 0.007857 0.035533
0 0.463570 0.276650 0.007143 0.030457
0 0.407857 0.329315 0.008571 0.029188
0 0.370786 0.397208 0.009286 0.030457
0 0.364286 0.378807 0.005704 0.031726
0 0.357043 0.377538 0.008571 0.031726
0 0.339286 0.373730 0.010000 0.036802
0 0.438204 0.289340 0.006429 0.035533
0 0.449643 0.289975 0.007857 0.026650
0 0.385000 0.352792 0.007043 0.032995
0 0.429643 0.293047 0.007857 0.027919
0 0.076429 0.609772 0.011429 0.031726
0 0.608214 0.938452 0.012143 0.036802
0 0.525357 0.572970 0.007857 0.034264
0 0.537857 0.572335 0.008570 0.030457
0 0.497500 0.630345 0.007857 0.029188
0 0.490429 0.625635 0.007143 0.030457
0 0.537857 0.057360 0.007143 0.025381
0 0.527857 0.075761 0.007143 0.026650
0 0.560786 0.125635 0.005000 0.027919
0 0.450000 0.277284 0.007043 0.026650
0 0.443929 0.276005 0.007857 0.026650
0 0.458929 0.275380 0.007857 0.027919
0 0.522043 0.168147 0.005714 0.029188
0 0.534643 0.051650 0.005000 0.029188
0 0.404643 0.344543 0.009286 0.029088
0 0.040357 0.772208 0.009286 0.020574
0 0.002143 0.668147 0.011429 0.031726
0 0.070714 0.595812 0.010000 0.029188
0 0.085714 0.612310 0.008571 0.031726
0 0.077143 0.576142 0.008571 0.032995
0 0.007500 0.675760 0.015000 0.034264
0 0.670071 0.987310 0.012143 0.022843
0 0.627500 0.993020 0.009286 0.001421
0 0.498929 0.204949 0.006429 0.030726
0 0.494286 0.203680 0.008570 0.021574
0 0.505357 0.205584 0.007857 0.025380
0 0.574643 0.014848 0.007857 0.026650
