0 0.569643 0.624762 0.002143 0.043810
0 0.503570 0.077143 0.004286 0.019048
0 0.497043 0.075238 0.004286 0.017143
0 0.492857 0.097043 0.004286 0.017143
0 0.488204 0.083333 0.005000 0.020000
0 0.480357 0.082857 0.005000 0.007143
0 0.473204 0.092381 0.005000 0.015238
0 0.506071 0.112381 0.005000 0.024762
0 0.522043 0.113333 0.002857 0.015238
0 0.404643 0.179048 0.005000 0.026667
0 0.404643 0.072857 0.005000 0.020000
0 0.397500 0.074286 0.005000 0.020952
0 0.392043 0.159524 0.004286 0.020000
0 0.602143 0.249524 0.007143 0.034286
0 0.393929 0.227043 0.003571 0.016190
0 0.400071 0.218095 0.003571 0.009524
0 0.842857 0.089524 0.007043 0.022857
0 0.850357 0.085704 0.005000 0.019048
