0 0.735000 0.746000 0.000000 0.036000
0 0.740500 0.744333 0.007000 0.020667
0 0.807750 0.685000 0.011500 0.039333
0 0.644250 0.364333 0.008500 0.024667
0 0.808000 0.329333 0.001000 0.024000
0 0.350250 0.280000 0.007500 0.023333
0 0.415000 0.349667 0.009000 0.023333
0 0.410000 0.264667 0.007000 0.021333
0 0.959000 0.247333 0.005000 0.020000
0 0.997250 0.406667 0.005500 0.024000
0 0.345250 0.163333 0.003500 0.014667
0 0.227500 0.122000 0.004000 0.013333
0 0.177750 0.079667 0.004500 0.010000
0 0.043000 0.057333 0.005000 0.013333
0 0.350250 0.098333 0.003500 0.011333
0 0.336750 0.072000 0.005500 0.006000
0 0.306000 0.060333 0.004000 0.002667
0 0.300250 0.059667 0.003500 0.014000
0 0.355000 0.065667 0.003000 0.002667
0 0.352250 0.083000 0.004500 0.004000
0 0.242250 0.032333 0.003500 0.001333
0 0.247500 0.035000 0.003000 0.000000
