0 0.507043 0.080584 0.002857 0.011421
0 0.588929 0.048223 0.003571 0.010152
0 0.608571 0.047589 0.001429 0.011421
0 0.528570 0.199239 0.002857 0.012690
0 0.530000 0.287437 0.002857 0.001421
0 0.540429 0.418782 0.002857 0.012690
0 0.538570 0.423223 0.002857 0.013959
0 0.540786 0.455584 0.003571 0.012690
0 0.544286 0.453046 0.002857 0.005228
0 0.703571 0.373731 0.002857 0.011421
0 0.705357 0.376904 0.003571 0.012690
0 0.403929 0.457487 0.005000 0.006497
0 0.326070 0.579315 0.005000 0.016497
0 0.326429 0.574873 0.004286 0.020305
0 0.300000 0.502538 0.002857 0.005228
0 0.300429 0.496827 0.002857 0.016497
0 0.305357 0.493020 0.003570 0.013959
0 0.307857 0.489848 0.004286 0.005228
0 0.260357 0.588098 0.003571 0.016497
0 0.280357 0.557740 0.003571 0.016497
0 0.286070 0.574873 0.003571 0.015228
0 0.279286 0.586929 0.004286 0.006497
0 0.272043 0.585660 0.004286 0.013959
0 0.266786 0.583756 0.003570 0.012690
0 0.276070 0.554569 0.003571 0.015228
0 0.273929 0.559645 0.005000 0.002690
0 0.286786 0.554569 0.003570 0.025381
0 0.008929 0.480964 0.005000 0.005228
