0 0.070000 0.533333 0.004286 0.047619
0 0.292043 0.104286 0.005714 0.020000
0 0.285704 0.103810 0.005714 0.020952
0 0.048570 0.533333 0.017143 0.045714
0 0.455000 0.009048 0.007143 0.021905
0 0.440704 0.108571 0.007143 0.020952
0 0.432857 0.008095 0.005714 0.021905
0 0.663570 0.109524 0.004286 0.019048
0 0.670000 0.009524 0.007143 0.020952
0 0.742043 0.109524 0.007143 0.024762
0 0.768929 0.433333 0.002143 0.041905
0 0.898929 0.575704 0.017857 0.039048
0 0.980000 0.669524 0.022857 0.059048
0 0.860357 0.011429 0.009286 0.022857
0 0.890704 0.115714 0.011429 0.027619
