0 0.337500 0.740000 0.008000 0.057333
0 0.346250 0.707333 0.010500 0.017333
0 0.443000 0.370667 0.005000 0.044000
0 0.477000 0.328667 0.001000 0.040000
0 0.453500 0.302333 0.011000 0.026000
0 0.434500 0.237667 0.008000 0.032667
0 0.482500 0.043667 0.007000 0.030000
0 0.474750 0.131667 0.007500 0.018000
0 0.503000 0.971333 0.024000 0.053333
0 0.494500 0.978000 0.020000 0.044000
0 0.542250 0.626000 0.014500 0.028000
0 0.530250 0.619333 0.016500 0.045333
0 0.562000 0.580333 0.015000 0.048000
0 0.588000 0.604333 0.008000 0.050000
0 0.668000 0.560333 0.017000 0.032667
0 0.566500 0.452000 0.005000 0.041333
0 0.579000 0.330333 0.011000 0.036000
0 0.589500 0.262000 0.018000 0.022667
0 0.591000 0.249333 0.015000 0.020000
0 0.522000 0.208333 0.010000 0.030000
0 0.550500 0.220000 0.009000 0.030667
0 0.556750 0.202667 0.008500 0.029333
0 0.552250 0.087333 0.006500 0.029333
0 0.543750 0.073667 0.007500 0.026000
0 0.492250 0.180667 0.008500 0.033333
0 0.495750 0.057333 0.009500 0.030667
0 0.479500 0.096333 0.008000 0.016667
0 0.504250 0.092667 0.006500 0.025333
0 0.494750 0.086333 0.007500 0.009333
0 0.498500 0.076667 0.006000 0.012000
0 0.490000 0.077000 0.009000 0.006667
0 0.545250 0.104333 0.007500 0.028667
0 0.549500 0.079000 0.008000 0.019333
0 0.545000 0.073000 0.006000 0.023333
0 0.499750 0.030333 0.006500 0.018667
0 0.543500 0.044667 0.006000 0.017333
0 0.552500 0.024667 0.005000 0.020000
0 0.547250 0.000667 0.003500 0.017333
0 0.554750 0.006667 0.003500 0.003333
0 0.506750 0.034000 0.004500 0.007333
0 0.505000 0.019667 0.006000 0.020667
0 0.500000 0.019667 0.004000 0.019333
0 0.694250 0.505000 0.017500 0.054000
0 0.735750 0.327333 0.004500 0.040000
0 0.750000 0.392667 0.017000 0.033333
0 0.804750 0.407667 0.020500 0.039333
0 0.684500 0.061667 0.009000 0.030000
0 0.738000 0.007000 0.012000 0.022000
0 0.685250 0.038333 0.006500 0.015333
0 0.675250 0.028333 0.004500 0.016667
0 0.678250 0.029333 0.004500 0.013333
0 0.704500 0.066333 0.008000 0.023333
0 0.700750 0.045000 0.006500 0.023333
