0 0.380429 0.024762 0.008571 0.030476
0 0.307500 0.001429 0.009286 0.022857
0 0.666429 0.289524 0.004286 0.038095
0 0.652500 0.333800 0.012143 0.020000
0 0.685357 0.003333 0.009286 0.026667
0 0.702500 0.030000 0.007857 0.029524
0 0.705714 0.087143 0.008571 0.033333
0 0.760429 0.262857 0.010000 0.043810
0 0.774286 0.260000 0.001429 0.053333
0 0.855357 0.379048 0.022043 0.057143
0 0.798570 0.498095 0.024286 0.060952
0 0.827500 0.475704 0.015000 0.056190
0 0.749286 0.477043 0.020000 0.055238
0 0.762500 0.484286 0.005000 0.040952
0 0.801071 0.462857 0.019286 0.047619
0 0.985704 0.599524 0.028571 0.060000
