0 0.090000 0.239048 0.002857 0.001429
0 0.268929 0.256090 0.005000 0.015238
0 0.522857 0.580000 0.005704 0.020952
0 0.629643 0.068570 0.002143 0.007619
0 0.606429 0.120952 0.001429 0.009524
0 0.788929 0.320952 0.003570 0.011429
0 0.763570 0.200000 0.002857 0.007619
0 0.825357 0.393800 0.006429 0.029524
0 0.823204 0.453333 0.005000 0.020952
0 0.801071 0.456190 0.005000 0.017143
0 0.682500 0.024286 0.002143 0.002857
0 0.692500 0.095714 0.002143 0.004762
0 0.700714 0.123333 0.001429 0.004762
0 0.601786 0.254762 0.003571 0.006667
0 0.736071 0.346190 0.006429 0.010476
0 0.571429 0.585238 0.004286 0.014286
