0 0.470071 0.065714 0.002143 0.005714
0 0.470429 0.057619 0.002857 0.006667
0 0.474643 0.045238 0.002043 0.008571
0 0.677500 0.288570 0.006429 0.015238
0 0.683204 0.347619 0.005000 0.019048
0 0.674643 0.345704 0.006429 0.019048
0 0.337500 0.338570 0.006429 0.018095
0 0.381429 0.486190 0.007143 0.010476
0 0.411429 0.279524 0.005714 0.008571
0 0.446786 0.209048 0.003571 0.004762
0 0.461071 0.189524 0.005000 0.007619
0 0.436429 0.201429 0.005714 0.006667
0 0.409286 0.230000 0.004286 0.012381
0 0.604286 0.283810 0.002857 0.005714
0 0.472500 0.127619 0.003571 0.005714
0 0.655000 0.488095 0.005714 0.012381
