0 0.456680 0.483302 0.007307 0.025974
0 0.445720 0.478664 0.007307 0.022263
0 0.360386 0.685529 0.007829 0.030540
0 0.561326 0.592301 0.009916 0.025046
0 0.528967 0.354824 0.006785 0.019481
0 0.584029 0.298237 0.005219 0.019481
0 0.598382 0.203618 0.004697 0.012059
0 0.602296 0.164657 0.004175 0.013915
0 0.482506 0.348794 0.006785 0.022263
0 0.595501 0.269017 0.005219 0.022263
0 0.599948 0.266234 0.005740 0.018553
0 0.628132 0.332560 0.007829 0.013915
0 0.611430 0.108534 0.004697 0.009276
0 0.650357 0.060761 0.002088 0.006494
0 0.598904 0.009740 0.002600 0.012059
0 0.603601 0.006030 0.002610 0.006494
0 0.672495 0.021800 0.002610 0.008349
0 0.743476 0.120594 0.003653 0.012987
0 0.780532 0.129870 0.003653 0.007421
0 0.784447 0.128942 0.004175 0.011132
