0 0.694643 0.427043 0.005000 0.012381
0 0.632043 0.474762 0.005714 0.014286
0 0.606786 0.420000 0.005000 0.013333
0 0.633570 0.411905 0.002857 0.014286
0 0.662857 0.429048 0.004286 0.002381
0 0.670071 0.400000 0.003571 0.009524
0 0.688204 0.423333 0.005000 0.010476
0 0.657857 0.386090 0.004286 0.012381
0 0.646429 0.406667 0.004286 0.001429
0 0.580704 0.393333 0.007143 0.015238
0 0.566429 0.440476 0.004286 0.004286
0 0.542043 0.457143 0.005714 0.015238
0 0.570357 0.473800 0.005000 0.012381
0 0.568929 0.466090 0.003571 0.014286
0 0.606429 0.410476 0.002857 0.011429
0 0.646429 0.399048 0.002857 0.001429
0 0.693929 0.422380 0.003571 0.012381
0 0.523570 0.441429 0.004286 0.012381
0 0.680704 0.353333 0.004286 0.011429
0 0.353929 0.274286 0.003570 0.011429
0 0.363204 0.262381 0.003571 0.012381
0 0.352500 0.260000 0.003570 0.009524
0 0.346429 0.279524 0.002857 0.002381
0 0.350000 0.280905 0.002857 0.011429
0 0.498929 0.287609 0.005000 0.011429
0 0.542500 0.290000 0.003570 0.010476
0 0.540357 0.252380 0.002143 0.009524
