0 0.255704 0.931429 0.022857 0.045714
0 0.276786 0.903333 0.033571 0.066667
0 0.097500 0.763800 0.025000 0.055238
0 0.092500 0.749524 0.009286 0.057143
0 0.587043 0.678571 0.021429 0.058095
0 0.607857 0.619048 0.021429 0.062857
0 0.408929 0.622857 0.023571 0.038095
0 0.408571 0.617143 0.021429 0.038095
0 0.020429 0.525238 0.020000 0.037143
0 0.270429 0.504286 0.017143 0.033333
0 0.273570 0.495238 0.015714 0.038095
0 0.373929 0.470000 0.005000 0.037143
0 0.504286 0.444762 0.012857 0.034286
0 0.533570 0.446667 0.011429 0.032381
0 0.541429 0.469524 0.020000 0.036190
0 0.679643 0.479048 0.003571 0.043810
0 0.661071 0.529524 0.023571 0.041905
0 0.790357 0.507143 0.016429 0.041905
0 0.807857 0.529524 0.004286 0.045714
0 0.785357 0.553810 0.017857 0.031429
0 0.911786 0.575714 0.019286 0.033333
0 0.917143 0.504762 0.010000 0.020952
0 0.902500 0.483800 0.013571 0.038095
0 0.938204 0.504762 0.016429 0.041905
0 0.936070 0.495238 0.017857 0.043810
0 0.920429 0.399048 0.012857 0.034286
0 0.695357 0.404762 0.009286 0.033333
0 0.676070 0.441905 0.012143 0.030476
0 0.667500 0.440476 0.002143 0.035238
0 0.650786 0.430952 0.010714 0.035238
0 0.640000 0.430476 0.008570 0.034286
0 0.628929 0.438570 0.007857 0.035238
0 0.620357 0.440429 0.013571 0.035238
0 0.600000 0.440952 0.008571 0.038095
0 0.649643 0.424286 0.009286 0.033333
0 0.654643 0.422380 0.007857 0.035238
0 0.634286 0.470952 0.015714 0.023810
0 0.630071 0.424286 0.007857 0.033333
0 0.629643 0.423333 0.009286 0.025704
0 0.595357 0.459048 0.002143 0.036190
0 0.589643 0.444286 0.009286 0.035238
0 0.583929 0.442380 0.012143 0.029524
0 0.208929 0.348571 0.005000 0.019048
0 0.225704 0.349048 0.008571 0.021905
0 0.274286 0.320952 0.007043 0.019048
0 0.279286 0.308571 0.007143 0.018095
0 0.309643 0.315714 0.005000 0.014286
0 0.302500 0.322857 0.005000 0.017143
0 0.249286 0.322857 0.008570 0.022857
0 0.536429 0.298570 0.005714 0.020000
0 0.532500 0.297043 0.006429 0.019048
0 0.540704 0.297143 0.008571 0.020952
0 0.796070 0.236667 0.005000 0.016190
0 0.854286 0.280952 0.005714 0.017143
0 0.800000 0.227143 0.004286 0.016190
0 0.887500 0.250905 0.005000 0.014286
