0 0.442857 0.050027 0.002857 0.013959
0 0.450704 0.065355 0.005714 0.016497
0 0.468570 0.058376 0.005714 0.015228
0 0.466070 0.099619 0.003571 0.016497
0 0.476786 0.098985 0.003570 0.015228
0 0.453570 0.045685 0.004286 0.012690
0 0.456070 0.041244 0.003571 0.011421
0 0.523204 0.081853 0.005000 0.013959
0 0.528204 0.072970 0.003571 0.016497
0 0.507857 0.036168 0.004286 0.019036
0 0.522857 0.033629 0.004286 0.009036
0 0.586429 0.040244 0.002857 0.016497
0 0.465704 0.029188 0.002857 0.015228
0 0.508204 0.015863 0.003571 0.013959
0 0.506786 0.013325 0.003571 0.013959
0 0.527500 0.026005 0.003571 0.019036
0 0.530357 0.024746 0.003570 0.016497
0 0.532500 0.022208 0.003570 0.016497
0 0.460704 0.027284 0.002857 0.016497
0 0.455357 0.028553 0.003570 0.013959
0 0.452043 0.022843 0.004286 0.020305
0 0.460704 0.019036 0.002857 0.012690
0 0.460786 0.015228 0.002143 0.012690
0 0.505000 0.005076 0.002857 0.000152
0 0.522857 0.236040 0.004286 0.017766
0 0.575000 0.080203 0.004286 0.017766
0 0.540071 0.290609 0.005000 0.017766
0 0.536429 0.309645 0.004286 0.002690
0 0.585000 0.389594 0.002857 0.000152
0 0.584643 0.383883 0.003570 0.011421
0 0.598570 0.365482 0.004286 0.015228
0 0.596786 0.376904 0.003570 0.012690
0 0.602857 0.385052 0.002857 0.011421
0 0.600704 0.380711 0.004286 0.012690
0 0.596786 0.389594 0.005000 0.007604
0 0.602857 0.408629 0.005704 0.017766
0 0.607857 0.389594 0.004286 0.000152
0 0.620786 0.380711 0.007857 0.017766
0 0.625357 0.406090 0.005000 0.012690
0 0.632857 0.442893 0.004286 0.002690
0 0.636070 0.444162 0.003571 0.017766
0 0.623929 0.460660 0.005000 0.002690
0 0.630429 0.476523 0.007143 0.019036
0 0.748929 0.403553 0.005000 0.005228
0 0.750071 0.397843 0.003571 0.013959
0 0.750786 0.401650 0.005000 0.013959
0 0.756786 0.400015 0.003571 0.012690
0 0.759643 0.407360 0.005000 0.000152
0 0.760071 0.401650 0.003571 0.008883
0 0.763204 0.385787 0.005000 0.010152
0 0.762500 0.320066 0.005000 0.010152
0 0.775000 0.277909 0.005714 0.012690
0 0.788204 0.292513 0.006429 0.016497
0 0.795000 0.286068 0.005714 0.013959
0 0.725000 0.244924 0.007043 0.015228
0 0.703204 0.197335 0.005000 0.013959
0 0.707857 0.203680 0.004286 0.001421
0 0.700714 0.209391 0.004286 0.012690
0 0.702857 0.214467 0.004286 0.012690
0 0.720786 0.202411 0.007857 0.021574
0 0.708929 0.198604 0.005000 0.016497
0 0.722500 0.098604 0.003571 0.019036
0 0.708929 0.189721 0.003571 0.011421
0 0.777500 0.078934 0.006429 0.022843
0 0.668570 0.027284 0.007143 0.024112
0 0.703929 0.092005 0.007857 0.016497
0 0.657857 0.008883 0.005704 0.012690
0 0.605357 0.007614 0.006429 0.015228
0 0.409286 0.032614 0.005714 0.019036
0 0.402043 0.112310 0.004286 0.013959
