0 0.292857 0.907619 0.012857 0.020000
0 0.309286 0.900905 0.010000 0.017143
0 0.308214 0.924762 0.010714 0.015238
0 0.415714 0.899524 0.012857 0.023810
0 0.422500 0.892381 0.009286 0.030476
0 0.378929 0.737609 0.010714 0.023810
0 0.450429 0.639048 0.007143 0.022857
0 0.457043 0.639524 0.005714 0.021905
0 0.462500 0.643800 0.007857 0.022857
0 0.474286 0.606090 0.007143 0.021905
0 0.537857 0.604286 0.008571 0.020000
0 0.488929 0.570000 0.007857 0.020000
0 0.498570 0.570000 0.005714 0.023810
0 0.504643 0.572857 0.006429 0.020000
0 0.520357 0.577609 0.007857 0.021905
0 0.495357 0.554286 0.007857 0.020952
0 0.503214 0.524762 0.007857 0.020952
0 0.505357 0.520905 0.006429 0.020952
0 0.500071 0.518095 0.006429 0.022857
0 0.507043 0.504762 0.005714 0.019048
0 0.544286 0.526667 0.007043 0.022857
0 0.550704 0.526190 0.007143 0.021905
0 0.558214 0.469524 0.003571 0.011429
0 0.556786 0.464762 0.005000 0.011429
0 0.500000 0.460000 0.005714 0.020952
0 0.503204 0.461429 0.006429 0.020000
0 0.655000 0.430905 0.008571 0.020000
0 0.475704 0.383333 0.005714 0.018095
0 0.449286 0.350000 0.005704 0.018095
0 0.453929 0.350000 0.005000 0.008095
0 0.493204 0.288571 0.005000 0.017143
0 0.498204 0.290476 0.005000 0.017143
0 0.563570 0.377619 0.007143 0.018095
0 0.568929 0.376667 0.005000 0.008095
0 0.572043 0.373810 0.004286 0.020000
0 0.792500 0.767043 0.016429 0.025714
0 0.844286 0.776090 0.015714 0.022857
0 0.852043 0.762857 0.012857 0.019048
0 0.707500 0.987143 0.009286 0.023810
0 0.703214 0.981905 0.009286 0.019048
0 0.698929 0.977619 0.010714 0.021905
