0 0.778750 0.799333 0.020500 0.040000
0 0.047500 0.700667 0.021000 0.029333
0 0.043500 0.680000 0.016000 0.026000
0 0.000500 0.566000 0.014000 0.024000
0 0.010250 0.662000 0.015500 0.018667
0 0.449750 0.805333 0.013500 0.033333
0 0.588000 0.757667 0.002000 0.032667
0 0.414250 0.695333 0.012500 0.022667
0 0.429750 0.702333 0.012500 0.026000
0 0.698250 0.889667 0.003500 0.036667
0 0.509000 0.959667 0.009000 0.034000
0 0.886250 0.720333 0.012500 0.027333
0 0.676750 0.872000 0.015500 0.029333
0 0.754250 0.906000 0.016500 0.032000
0 0.910000 0.811000 0.014000 0.027333
0 0.665750 0.656667 0.000500 0.029333
0 0.902000 0.387000 0.008000 0.020667
0 0.884250 0.378667 0.006500 0.013333
0 0.955750 0.611333 0.011500 0.026667
0 0.968750 0.584667 0.011500 0.025333
0 0.973000 0.558333 0.000000 0.024667
0 0.839250 0.896000 0.013500 0.029333
0 0.862750 0.484000 0.003500 0.026667
0 0.845750 0.495000 0.009500 0.024667
0 0.846750 0.520000 0.009500 0.024000
0 0.855750 0.523667 0.009500 0.026000
