0 0.264500 0.992000 0.012000 0.014667
0 0.427000 0.665333 0.008000 0.020000
0 0.393750 0.328333 0.005500 0.010000
0 0.507500 0.290000 0.005000 0.013333
0 0.394500 0.263000 0.006000 0.008667
0 0.349500 0.270667 0.006000 0.016667
0 0.427250 0.237000 0.004500 0.004000
0 0.378500 0.233333 0.005000 0.008000
0 0.400500 0.217333 0.004000 0.008000
0 0.400250 0.067333 0.003500 0.008000
0 0.603250 0.808333 0.009500 0.020667
0 0.665000 0.818667 0.006000 0.016000
0 0.650000 0.324000 0.006000 0.006000
0 0.726750 0.478667 0.005500 0.002000
0 0.729750 0.476000 0.006500 0.003333
0 0.907750 0.769667 0.010500 0.012667
