0 0.303500 0.652333 0.026000 0.046000
0 0.394000 0.534333 0.004000 0.043333
0 0.403750 0.536000 0.011500 0.036000
0 0.395250 0.458667 0.007500 0.041333
0 0.448500 0.445667 0.005000 0.038000
0 0.454000 0.427333 0.007000 0.038667
0 0.500000 0.827333 0.021000 0.026667
0 0.550750 0.774000 0.024500 0.040000
0 0.544000 0.634667 0.020000 0.036000
0 0.584750 0.646667 0.004500 0.040000
0 0.786250 0.467667 0.019500 0.036667
0 0.268250 0.250333 0.001500 0.030000
0 0.349750 0.232000 0.012500 0.033333
0 0.301750 0.203000 0.013500 0.035333
0 0.400750 0.194333 0.009500 0.026000
0 0.394500 0.074667 0.008000 0.032000
0 0.374250 0.035333 0.009500 0.038667
0 0.298250 0.097333 0.010500 0.020000
0 0.379500 0.117333 0.010000 0.032000
0 0.373000 0.003000 0.007000 0.030000
0 0.378000 0.089333 0.007000 0.022667
0 0.384000 0.085667 0.008000 0.030000
0 0.362000 0.080000 0.009000 0.033333
0 0.390500 0.073333 0.006000 0.029333
0 0.299750 0.040000 0.009500 0.016000
0 0.320750 0.030333 0.008500 0.030000
0 0.367750 0.047000 0.009500 0.030333
0 0.377250 0.050667 0.008500 0.031333
0 0.332500 0.020333 0.008000 0.030333
0 0.303750 0.004000 0.011500 0.020000
0 0.361750 0.014333 0.010500 0.026000
