0 0.275704 0.731429 0.017143 0.078095
0 0.288929 0.822857 0.039286 0.002857
0 0.323204 0.845714 0.043571 0.100952
0 0.358204 0.810952 0.022143 0.100000
0 0.380429 0.769524 0.017143 0.081905
0 0.244286 0.606090 0.014286 0.052381
0 0.450071 0.675714 0.015000 0.067619
0 0.570786 0.630476 0.012143 0.057143
0 0.586786 0.627609 0.016429 0.060952
0 0.640357 0.684762 0.009286 0.076190
0 0.656070 0.678095 0.017857 0.078095
0 0.666429 0.697043 0.025714 0.076190
0 0.243570 0.431905 0.004286 0.010476
0 0.566786 0.527043 0.007857 0.033333
0 0.558570 0.520476 0.008571 0.031429
0 0.596429 0.540476 0.000000 0.033333
0 0.620704 0.544762 0.008571 0.032381
0 0.600714 0.540952 0.011429 0.028571
0 0.634286 0.547043 0.011429 0.040952
0 0.645704 0.540000 0.008571 0.030476
0 0.640071 0.533333 0.006429 0.030476
0 0.607143 0.533333 0.007143 0.034286
0 0.600357 0.522381 0.007857 0.031429
0 0.593204 0.512857 0.006429 0.031429
0 0.596429 0.502857 0.004286 0.027619
0 0.632857 0.522380 0.007143 0.031429
0 0.566429 0.477609 0.004286 0.020000
0 0.560071 0.475238 0.005000 0.019048
0 0.586429 0.476090 0.004286 0.019048
0 0.583570 0.474762 0.002857 0.018095
0 0.252500 0.600476 0.000714 0.054286
