0 0.066070 0.100888 0.019286 0.029188
0 0.066429 0.076777 0.002857 0.016497
0 0.033204 0.055838 0.012143 0.017766
0 0.038929 0.029822 0.003571 0.019036
0 0.476070 0.176396 0.007857 0.017766
0 0.462857 0.063706 0.004286 0.012690
0 0.450704 0.234772 0.007143 0.015228
0 0.440704 0.130076 0.008571 0.021574
0 0.438204 0.181472 0.006429 0.015228
0 0.443570 0.175127 0.005714 0.012690
0 0.445704 0.165609 0.007143 0.011421
0 0.444286 0.057360 0.005714 0.010152
0 0.442857 0.046574 0.007143 0.013959
0 0.463204 0.251269 0.006429 0.015228
0 0.406070 0.246193 0.007857 0.012690
0 0.388570 0.345178 0.005714 0.012690
0 0.378204 0.344543 0.005000 0.008883
0 0.368929 0.288706 0.002143 0.013959
0 0.395704 0.279822 0.007143 0.011421
0 0.399643 0.299492 0.007857 0.002690
0 0.426786 0.366750 0.007857 0.015228
0 0.436070 0.353426 0.006429 0.008883
0 0.430000 0.345078 0.005714 0.012690
0 0.434643 0.322970 0.005000 0.001421
0 0.429643 0.305203 0.006429 0.001421
0 0.437043 0.279822 0.005714 0.013959
0 0.438570 0.371193 0.005714 0.011421
0 0.452043 0.376269 0.005714 0.008883
0 0.445704 0.375000 0.007143 0.008883
0 0.444286 0.362944 0.005704 0.010152
0 0.470071 0.376269 0.007857 0.011421
0 0.490786 0.381980 0.007857 0.020305
0 0.500429 0.381345 0.008571 0.024112
0 0.734286 0.706853 0.000000 0.015228
0 0.709286 0.629442 0.010000 0.025381
0 0.564643 0.098604 0.009286 0.021574
0 0.546429 0.077030 0.011429 0.013959
0 0.626429 0.006980 0.002857 0.013959
