0 0.042500 0.430952 0.000714 0.021905
0 0.053570 0.429524 0.011429 0.028571
0 0.260071 0.394762 0.010714 0.020000
0 0.270357 0.395238 0.013571 0.019048
0 0.368929 0.400476 0.013571 0.016190
0 0.238214 0.373810 0.007857 0.014286
0 0.230357 0.375714 0.007857 0.014286
0 0.557500 0.436090 0.009286 0.022857
0 0.540786 0.524762 0.010714 0.030476
0 0.509643 0.519048 0.012143 0.032381
0 0.601071 0.611905 0.017857 0.044762
0 0.698929 0.606190 0.016429 0.034286
0 0.707043 0.628571 0.011429 0.038095
0 0.732500 0.555704 0.013571 0.042857
0 0.723570 0.497143 0.014286 0.030476
0 0.746070 0.590476 0.010714 0.038095
0 0.754643 0.609524 0.007857 0.045704
0 0.770071 0.628095 0.012143 0.023810
0 0.766429 0.593333 0.000000 0.038095
0 0.697143 0.555714 0.011429 0.029524
0 0.791429 0.564762 0.011429 0.028571
0 0.810000 0.597143 0.010000 0.036190
0 0.809286 0.659048 0.014286 0.043810
0 0.830000 0.670905 0.010000 0.044762
0 0.848570 0.683333 0.012857 0.056190
0 0.882857 0.604286 0.011429 0.043810
0 0.864286 0.608571 0.015714 0.035238
0 0.840071 0.610000 0.010714 0.039048
0 0.850071 0.622381 0.013571 0.044762
0 0.853929 0.603333 0.003571 0.031429
0 0.876429 0.574762 0.000000 0.046667
0 0.860786 0.573810 0.013571 0.037143
0 0.825357 0.570000 0.009286 0.025714
0 0.832500 0.576667 0.013571 0.029524
0 0.832143 0.588095 0.014286 0.027619
0 0.828204 0.561429 0.013571 0.035238
0 0.828570 0.548571 0.011429 0.040000
0 0.840429 0.555714 0.010000 0.035238
0 0.848929 0.560429 0.013571 0.039048
0 0.855000 0.546090 0.010000 0.035238
0 0.864286 0.541905 0.012857 0.026667
0 0.802043 0.529048 0.008571 0.040952
0 0.786429 0.529048 0.001429 0.037143
0 0.870357 0.503333 0.000714 0.037143
0 0.883570 0.502857 0.012857 0.040000
0 0.868570 0.484286 0.010000 0.031429
0 0.964286 0.576667 0.004286 0.040952
