0 0.323570 0.434645 0.008571 0.034264
0 0.265357 0.385052 0.009286 0.031726
0 0.260704 0.388959 0.005714 0.019036
0 0.300000 0.361675 0.008571 0.030457
0 0.302043 0.338198 0.005714 0.029188
0 0.071429 0.938452 0.014286 0.034264
0 0.050786 0.970812 0.012143 0.027919
0 0.064643 0.979060 0.016429 0.039340
0 0.048929 0.950777 0.019286 0.032995
0 0.285357 0.300279 0.007857 0.026650
0 0.278570 0.309010 0.008571 0.029188
0 0.200357 0.175127 0.009286 0.025381
0 0.227500 0.065609 0.009286 0.024112
0 0.200704 0.166244 0.008571 0.025381
0 0.260357 0.037056 0.007857 0.025381
0 0.253204 0.130711 0.005000 0.025381
0 0.282043 0.101523 0.005714 0.022843
0 0.275000 0.004695 0.007143 0.026650
0 0.304286 0.123096 0.007143 0.025381
0 0.325704 0.121193 0.004286 0.021574
0 0.300786 0.109772 0.007857 0.024112
0 0.350071 0.118020 0.005000 0.022843
0 0.376429 0.015482 0.004286 0.022843
0 0.372500 0.012310 0.006429 0.026650
0 0.388204 0.123096 0.006429 0.025381
0 0.390071 0.113579 0.005000 0.021574
0 0.399286 0.004695 0.005714 0.026650
0 0.403204 0.094543 0.005000 0.024112
0 0.363204 0.128173 0.005000 0.027919
0 0.402500 0.082487 0.005000 0.025380
0 0.346786 0.034518 0.006429 0.025381
0 0.340071 0.128173 0.003571 0.017766
0 0.345000 0.018020 0.005714 0.022843
0 0.327043 0.118020 0.005714 0.022843
0 0.268929 0.042766 0.005000 0.024112
0 0.278929 0.032614 0.005000 0.024112
0 0.270000 0.033883 0.005714 0.021574
0 0.246786 0.051650 0.005000 0.021574
0 0.250071 0.159264 0.006429 0.024112
0 0.202500 0.082107 0.007857 0.029188
0 0.397857 0.038959 0.005714 0.029188
0 0.604643 0.390863 0.007857 0.035533
0 0.597043 0.432107 0.007143 0.034264
0 0.630786 0.126269 0.006429 0.029188
0 0.607857 0.033249 0.007143 0.025381
0 0.593570 0.147208 0.005714 0.025381
0 0.599286 0.029442 0.005714 0.025381
0 0.530000 0.019289 0.005714 0.025381
0 0.649286 0.085279 0.005714 0.025381
0 0.655357 0.085279 0.006429 0.027919
0 0.645357 0.049112 0.006429 0.026650
0 0.654286 0.049746 0.005714 0.027919
0 0.660000 0.050381 0.005714 0.026650
0 0.635000 0.082487 0.004286 0.020305
0 0.623929 0.087563 0.006429 0.025380
0 0.620704 0.114848 0.004286 0.029188
0 0.606786 0.111041 0.006429 0.024112
0 0.600357 0.079949 0.006429 0.025381
0 0.600000 0.090371 0.004286 0.020305
0 0.594643 0.001523 0.005000 0.022843
0 0.699643 0.073223 0.007857 0.026650
0 0.638929 0.053299 0.005000 0.022843
0 0.650000 0.050760 0.004286 0.022843
0 0.647500 0.050396 0.005000 0.021574
0 0.632043 0.032995 0.005714 0.020305
0 0.629286 0.003325 0.005714 0.021574
0 0.626070 0.015863 0.005000 0.016497
0 0.645704 0.009518 0.004286 0.016497
0 0.602143 0.161168 0.005714 0.022843
0 0.707857 0.182107 0.004286 0.026650
0 0.733570 0.184645 0.008571 0.029188
0 0.645357 0.034264 0.005000 0.007766
0 0.639286 0.036802 0.004286 0.007766
0 0.638570 0.019670 0.005714 0.019036
0 0.635000 0.024746 0.004286 0.020574
0 0.622500 0.072335 0.005000 0.020305
0 0.472500 0.039594 0.005000 0.027919
0 0.770429 0.189086 0.005714 0.027919
0 0.775704 0.184645 0.004286 0.024112
0 0.783929 0.083376 0.005000 0.021574
0 0.788570 0.182107 0.004286 0.019036
0 0.797857 0.089721 0.007143 0.034264
0 0.836786 0.090355 0.006429 0.025381
0 0.860786 0.192893 0.007857 0.025381
0 0.868570 0.190990 0.007143 0.026650
0 0.866070 0.184010 0.009286 0.030457
0 0.888570 0.189086 0.008571 0.027919
0 0.908214 0.189721 0.007857 0.026650
0 0.932857 0.085279 0.010000 0.025381
0 0.854643 0.373096 0.007857 0.027909
0 0.806429 0.549492 0.005714 0.022843
0 0.870000 0.347706 0.008571 0.027919
0 0.878570 0.354061 0.008571 0.022843
0 0.803214 0.355964 0.007857 0.026650
0 0.808929 0.595802 0.007857 0.031726
0 0.800786 0.580584 0.005000 0.026650
0 0.877043 0.682741 0.012857 0.017766
0 0.879643 0.700142 0.007857 0.026650
0 0.922500 0.769670 0.002143 0.039340
0 0.847500 0.535533 0.009286 0.035533
0 0.800714 0.553299 0.008571 0.032995
0 0.838929 0.482868 0.009286 0.029088
0 0.820000 0.436548 0.001429 0.032995
0 0.807857 0.470812 0.011429 0.035533
0 0.843204 0.364848 0.009286 0.024112
0 0.853570 0.347081 0.008571 0.026650
0 0.854643 0.378073 0.009286 0.027919
0 0.805000 0.362310 0.011429 0.029188
0 0.876429 0.386420 0.008571 0.026650
0 0.836070 0.595812 0.010714 0.021574
