0 0.307500 0.248571 0.022143 0.041905
0 0.345704 0.241429 0.024286 0.044762
0 0.297043 0.032857 0.014286 0.046667
0 0.537500 0.017143 0.010714 0.045714
0 0.722500 0.202380 0.020714 0.048571
0 0.743929 0.200000 0.017857 0.048571
0 0.770071 0.310952 0.025000 0.050476
0 0.770357 0.364762 0.023570 0.055238
0 0.690429 0.101429 0.012857 0.048571
0 0.663929 0.005238 0.013571 0.052381
0 0.677500 0.000476 0.009286 0.046667
0 0.704643 0.032857 0.013571 0.056190
0 0.800714 0.224286 0.021429 0.056190
0 0.840000 0.233800 0.028571 0.058095
0 0.832043 0.172381 0.022857 0.051429
0 0.803214 0.175714 0.017857 0.052381
0 0.796070 0.042381 0.017857 0.052381
0 0.808204 0.054286 0.016429 0.049524
0 0.824286 0.045238 0.020000 0.054286
0 0.862500 0.039048 0.023570 0.053333
0 0.805357 0.382857 0.025000 0.050429
0 0.922857 0.474762 0.035704 0.054286
0 0.885000 0.288570 0.027143 0.051429
0 0.902500 0.290476 0.029286 0.059048
0 0.907857 0.099048 0.022857 0.055238
0 0.890786 0.181429 0.020714 0.050476
0 0.873204 0.198571 0.023571 0.050476
0 0.880000 0.056190 0.021429 0.051429
0 0.936786 0.040952 0.027857 0.050429
0 0.089643 0.680476 0.049286 0.040952
0 0.077043 0.611905 0.051429 0.042857
0 0.028204 0.754762 0.049286 0.033333
0 0.992043 0.476667 0.015714 0.042857
