0 0.305000 0.267619 0.002857 0.007619
0 0.320000 0.270905 0.004286 0.008571
0 0.305357 0.293810 0.005000 0.010476
0 0.304643 0.280000 0.003571 0.007619
0 0.302857 0.280476 0.004286 0.000476
0 0.297857 0.284762 0.004286 0.009524
0 0.293929 0.292857 0.005000 0.008570
0 0.270429 0.326667 0.004286 0.011429
0 0.266429 0.326090 0.004286 0.012381
0 0.260357 0.333800 0.006429 0.012381
0 0.256070 0.334286 0.005000 0.011429
0 0.250704 0.337143 0.004286 0.011429
0 0.263570 0.391429 0.004286 0.011429
0 0.262500 0.380000 0.005000 0.003333
0 0.269643 0.369048 0.005000 0.002381
0 0.278204 0.354286 0.003571 0.011429
0 0.282043 0.353810 0.004286 0.010476
0 0.290704 0.359524 0.004286 0.014286
0 0.287500 0.360476 0.003570 0.014286
0 0.077857 0.407619 0.007143 0.012381
0 0.045357 0.373333 0.005000 0.013333
0 0.042500 0.371905 0.003571 0.012381
0 0.025357 0.418571 0.006429 0.014286
