0 0.223570 0.832487 0.010000 0.025381
0 0.207857 0.825508 0.005714 0.024112
0 0.269643 0.773477 0.006429 0.020574
0 0.262500 0.770939 0.006429 0.024012
0 0.303929 0.753073 0.006429 0.029188
0 0.206429 0.976523 0.011429 0.024112
0 0.200357 0.980330 0.007857 0.024112
0 0.350071 0.484772 0.006429 0.022843
0 0.667500 0.440990 0.006429 0.024012
0 0.692500 0.303452 0.003571 0.012690
0 0.698570 0.312183 0.004286 0.022843
0 0.705000 0.294406 0.007143 0.020305
0 0.940071 0.496193 0.007857 0.025381
0 0.902143 0.479061 0.005714 0.021574
