0 0.069937 0.023377 0.008351 0.022263
0 0.004697 0.254638 0.009395 0.030602
0 0.532880 0.180891 0.005219 0.024119
0 0.544363 0.080891 0.005219 0.024119
0 0.523486 0.060946 0.008351 0.026902
0 0.565501 0.143785 0.004697 0.018553
0 0.556628 0.870030 0.013048 0.040816
0 0.576200 0.900019 0.016701 0.037106
0 0.832463 0.735622 0.019833 0.024119
0 0.735386 0.591373 0.010438 0.017625
0 0.691806 0.207792 0.006785 0.024119
0 0.725470 0.064007 0.004075 0.020408
0 0.665449 0.003915 0.007307 0.020408
0 0.668309 0.011132 0.003653 0.016698
