0 0.570357 0.750905 0.016429 0.029524
0 0.527043 0.456190 0.007143 0.022857
0 0.495357 0.337609 0.006429 0.021905
0 0.486429 0.344762 0.007043 0.022857
0 0.430786 0.426190 0.007857 0.023810
0 0.428204 0.431429 0.005000 0.017143
0 0.330000 0.400952 0.007043 0.020952
0 0.327857 0.397043 0.007143 0.022857
0 0.200000 0.440905 0.010000 0.024762
0 0.097500 0.445714 0.012143 0.024762
0 0.053570 0.479048 0.012857 0.028571
0 0.042143 0.381905 0.011429 0.024762
0 0.043214 0.567619 0.010714 0.026667
0 0.074286 0.567143 0.011429 0.025714
0 0.091786 0.301905 0.006429 0.019048
0 0.406429 0.256190 0.004286 0.017143
0 0.499286 0.273800 0.005714 0.016190
0 0.502500 0.285238 0.005000 0.006190
0 0.506429 0.279524 0.004286 0.006190
0 0.463570 0.187619 0.004286 0.013333
0 0.464643 0.085238 0.003571 0.012381
0 0.449643 0.680952 0.013571 0.030476
0 0.548929 0.701429 0.016429 0.027619
