0 0.565704 0.429524 0.002857 0.011429
0 0.407857 0.320952 0.002857 0.003333
0 0.452043 0.284762 0.002857 0.011429
0 0.409286 0.301429 0.002857 0.012381
0 0.402143 0.291429 0.002857 0.011429
0 0.404643 0.275238 0.002143 0.011429
0 0.407500 0.272381 0.003571 0.011429
0 0.400000 0.259524 0.002857 0.012381
0 0.405704 0.262381 0.002857 0.012381
0 0.409286 0.302381 0.002857 0.013333
0 0.471429 0.592381 0.004286 0.011429
0 0.466429 0.600952 0.002857 0.009524
0 0.470714 0.615714 0.004286 0.010476
0 0.591071 0.689524 0.005000 0.009524
0 0.230786 0.878095 0.006429 0.019048
