0 0.608204 0.440476 0.013571 0.040952
0 0.723570 0.390476 0.011429 0.028571
0 0.904643 0.513333 0.020714 0.080000
0 0.944286 0.524762 0.027043 0.081905
0 0.805714 0.465714 0.021429 0.047619
0 0.415714 0.460000 0.020000 0.036190
0 0.877500 0.464286 0.019286 0.035238
0 0.245357 0.458570 0.016429 0.040952
0 0.205357 0.424762 0.015000 0.040000
0 0.164286 0.455238 0.021429 0.030476
0 0.081071 0.473810 0.022143 0.033333
0 0.060000 0.478571 0.017143 0.029524
0 0.035000 0.488095 0.021429 0.035238
0 0.007857 0.496090 0.015714 0.059048
