0 0.289643 0.672380 0.003571 0.013333
0 0.090357 0.436190 0.003571 0.009524
0 0.243929 0.440000 0.005000 0.009524
0 0.095714 0.432857 0.002857 0.008571
0 0.258571 0.683810 0.004286 0.005714
0 0.259286 0.692381 0.004286 0.005714
0 0.272500 0.689048 0.005000 0.004762
0 0.286786 0.690476 0.005000 0.005714
0 0.309286 0.690952 0.005714 0.006667
0 0.321786 0.690476 0.005000 0.007619
0 0.552500 0.541905 0.005000 0.007619
0 0.597500 0.520000 0.005000 0.007619
0 0.307043 0.703810 0.004286 0.005714
0 0.307500 0.735238 0.007857 0.009524
0 0.356786 0.724762 0.003570 0.011429
0 0.344643 0.722380 0.005000 0.012381
0 0.401071 0.465238 0.005000 0.014286
0 0.375000 0.406190 0.004286 0.009524
0 0.520071 0.077619 0.003571 0.010476
0 0.418214 0.440476 0.002143 0.006667
0 0.427500 0.460476 0.002143 0.004762
0 0.607500 0.710000 0.005000 0.014286
0 0.592500 0.744286 0.005000 0.006190
0 0.595704 0.750952 0.004286 0.010476
0 0.566786 0.462857 0.003570 0.013333
0 0.592043 0.490476 0.002857 0.011429
0 0.578204 0.425238 0.003571 0.008571
0 0.696786 0.620429 0.003571 0.012381
