0 0.546429 0.874762 0.014286 0.020000
0 0.575000 0.209524 0.004286 0.005714
0 0.459643 0.250000 0.003570 0.012381
0 0.603929 0.159048 0.002143 0.007619
0 0.569286 0.033333 0.002857 0.009524
0 0.624643 0.024762 0.002143 0.005714
0 0.508571 0.155714 0.004286 0.004762
0 0.531429 0.154286 0.002857 0.007619
0 0.525357 0.002381 0.002143 0.006667
0 0.521786 0.098095 0.002143 0.005714
0 0.985357 0.160476 0.003571 0.006667
0 0.968571 0.155714 0.002857 0.008571
0 0.860704 0.134286 0.004286 0.007619
0 0.754286 0.162381 0.002857 0.006667
0 0.748214 0.168095 0.003571 0.008571
0 0.762143 0.156667 0.002857 0.006667
0 0.728214 0.117143 0.002143 0.003810
0 0.714643 0.147143 0.003571 0.004762
0 0.808929 0.127143 0.003571 0.008571
0 0.862043 0.119048 0.002857 0.007619
0 0.842043 0.090952 0.002857 0.006667
0 0.950071 0.222857 0.006429 0.015238
