0 0.640704 0.159898 0.007143 0.025381
0 0.626429 0.059898 0.007143 0.027919
0 0.725704 0.483503 0.005714 0.025381
0 0.778929 0.495558 0.000714 0.031726
0 0.799286 0.503807 0.000000 0.032995
0 0.854643 0.509670 0.009286 0.024112
0 0.876070 0.500000 0.010714 0.025381
0 0.867857 0.490751 0.008571 0.024112
0 0.886429 0.506345 0.008570 0.022843
0 0.892043 0.493655 0.005714 0.025381
0 0.726786 0.478426 0.009286 0.025380
0 0.854286 0.508883 0.008570 0.017766
0 0.939643 0.533629 0.009286 0.026650
0 0.932857 0.522843 0.000000 0.030457
0 0.853204 0.407995 0.007857 0.031726
