0 0.070250 0.248333 0.012500 0.027333
0 0.245750 0.534333 0.020500 0.039333
0 0.327500 0.706667 0.019000 0.049333
0 0.404750 0.623333 0.017500 0.038667
0 0.454500 0.603000 0.019000 0.042000
0 0.536500 0.628667 0.008000 0.048000
0 0.440750 0.560333 0.017500 0.038667
0 0.507250 0.579000 0.005500 0.039333
0 0.572000 0.460333 0.013000 0.040000
0 0.440250 0.214333 0.008500 0.020667
0 0.452500 0.226000 0.007000 0.026667
0 0.444000 0.229333 0.007000 0.024000
0 0.679250 0.444667 0.015500 0.036000
0 0.688750 0.442667 0.010500 0.028000
0 0.501250 0.365667 0.006500 0.024667
0 0.526250 0.362667 0.009500 0.033333
0 0.602250 0.346000 0.013500 0.028000
0 0.600250 0.334333 0.010500 0.022000
0 0.990000 0.654333 0.020000 0.038000
0 0.737250 0.459333 0.007500 0.036000
0 0.938500 0.306000 0.018000 0.033333
0 0.943750 0.306667 0.006500 0.032000
0 0.959250 0.311667 0.016500 0.019333
0 0.956000 0.294000 0.004000 0.030667
0 0.955000 0.280333 0.016000 0.032000
0 0.964500 0.268333 0.014000 0.023333
0 0.956500 0.257000 0.015000 0.023333
0 0.948500 0.234333 0.006000 0.032667
0 0.908750 0.269667 0.002500 0.027333
0 0.907000 0.275000 0.013000 0.031333
0 0.925250 0.270333 0.011500 0.034667
0 0.993250 0.300000 0.003500 0.036000
0 0.994500 0.286667 0.001000 0.032000
0 0.909750 0.204667 0.002500 0.024000
0 0.850750 0.385667 0.001500 0.023333
0 0.868500 0.284667 0.004000 0.033333
0 0.828000 0.293000 0.005000 0.030000
0 0.809000 0.382000 0.015000 0.022667
0 0.627000 0.260667 0.008000 0.029333
0 0.660500 0.258667 0.011000 0.033333
0 0.673000 0.254000 0.000000 0.028000
0 0.663500 0.242667 0.009000 0.026667
0 0.633750 0.222667 0.002500 0.033333
0 0.640000 0.185333 0.007000 0.029333
0 0.654250 0.092667 0.009500 0.030667
0 0.599750 0.098000 0.008500 0.030667
0 0.593250 0.204000 0.005500 0.008667
0 0.592250 0.091000 0.008500 0.023333
0 0.577750 0.082667 0.007500 0.028000
0 0.583000 0.082000 0.007000 0.029333
0 0.626750 0.070333 0.007500 0.030000
0 0.595250 0.065000 0.008500 0.031333
0 0.598750 0.044000 0.007500 0.025333
0 0.570250 0.148333 0.007500 0.026000
0 0.575750 0.044000 0.005500 0.018667
0 0.580000 0.038667 0.005000 0.021333
0 0.584500 0.134333 0.007000 0.019333
0 0.777000 0.043667 0.008000 0.015333
0 0.794250 0.044333 0.007500 0.016667
0 0.837250 0.149333 0.010500 0.013333
0 0.844750 0.145667 0.008500 0.012667
0 0.960750 0.229667 0.000500 0.027333
0 0.788750 0.104667 0.006500 0.012000
0 0.768250 0.003333 0.008500 0.024000
0 0.783750 0.089333 0.007500 0.022667
0 0.746500 0.086000 0.008000 0.025333
0 0.656000 0.009333 0.014000 0.016000
0 0.620500 0.128667 0.005000 0.020000
0 0.493500 0.033333 0.005000 0.024000
0 0.561250 0.112333 0.007500 0.018000
0 0.573250 0.070000 0.005500 0.020000
0 0.572250 0.062667 0.005500 0.006000
0 0.564750 0.056667 0.007500 0.013333
0 0.556000 0.058333 0.005000 0.022000
0 0.601000 0.047000 0.007000 0.019333
0 0.582000 0.054000 0.007000 0.020333
0 0.528500 0.028333 0.005000 0.008000
