0 0.017143 0.904762 0.027143 0.034286
0 0.003204 0.423333 0.006429 0.012381
0 0.002857 0.419048 0.014286 0.017143
0 0.265704 0.697143 0.012857 0.020952
0 0.240429 0.708571 0.010000 0.017143
0 0.340429 0.512857 0.010000 0.027619
0 0.299643 0.580952 0.007857 0.022857
0 0.565357 0.429048 0.009286 0.020905
0 0.663204 0.464286 0.007857 0.027619
0 0.527500 0.450952 0.007857 0.020905
0 0.522043 0.449048 0.005714 0.023810
0 0.528929 0.496667 0.006429 0.023800
0 0.525000 0.490429 0.007143 0.022857
0 0.504643 0.464286 0.010714 0.020000
0 0.553570 0.422381 0.005714 0.023810
0 0.547500 0.423333 0.007857 0.025704
0 0.434286 0.470476 0.007043 0.022857
0 0.436070 0.461429 0.007857 0.016190
0 0.810714 0.420476 0.007143 0.014286
0 0.824286 0.422857 0.005714 0.011429
