0 0.545000 0.540476 0.027043 0.069524
0 0.488929 0.536667 0.023570 0.067619
0 0.454286 0.409524 0.011429 0.044762
0 0.466429 0.409524 0.014286 0.040952
0 0.088204 0.355714 0.012143 0.027619
0 0.011429 0.347143 0.010000 0.029524
0 0.022857 0.342381 0.011429 0.027619
0 0.707143 0.408571 0.010000 0.041905
0 0.728204 0.408571 0.010714 0.047619
0 0.377500 0.378570 0.006429 0.035238
0 0.380429 0.373333 0.004286 0.030476
0 0.395000 0.375704 0.010000 0.037143
0 0.404643 0.370905 0.009286 0.029524
0 0.010357 0.320476 0.006429 0.021905
0 0.017857 0.319048 0.004286 0.019048
0 0.021786 0.319524 0.005000 0.020000
0 0.027500 0.320476 0.003571 0.020000
0 0.030357 0.322381 0.005000 0.018095
0 0.035714 0.319524 0.007143 0.021905
0 0.043214 0.320000 0.006429 0.020952
0 0.071786 0.319524 0.006429 0.020000
0 0.082143 0.318095 0.005714 0.019048
0 0.053570 0.299048 0.005714 0.015238
0 0.067500 0.302380 0.006429 0.014286
0 0.002857 0.299048 0.005714 0.015238
0 0.944286 0.382857 0.005714 0.030476
0 0.985000 0.397043 0.012857 0.034286
0 0.995357 0.403800 0.009286 0.045714
0 0.582043 0.388095 0.014286 0.042857
0 0.625357 0.523810 0.023571 0.060952
0 0.305000 0.435238 0.015714 0.040000
0 0.229286 0.383810 0.011429 0.020952
