0 0.643570 0.708122 0.007143 0.027919
0 0.605000 0.550396 0.005714 0.024112
0 0.609286 0.548858 0.005704 0.024112
0 0.540429 0.361041 0.005714 0.019036
0 0.508929 0.307107 0.003571 0.015228
0 0.523929 0.298223 0.003570 0.015228
0 0.507143 0.293782 0.004286 0.013959
0 0.499286 0.267032 0.004286 0.016497
0 0.506786 0.255076 0.003570 0.015228
0 0.437857 0.338832 0.002857 0.002690
0 0.373204 0.317893 0.003571 0.013959
0 0.370000 0.307259 0.005714 0.015228
0 0.430071 0.256345 0.003571 0.010152
0 0.161429 0.727792 0.011429 0.029188
0 0.055704 0.463198 0.007143 0.012690
0 0.060357 0.447335 0.005000 0.006497
0 0.064643 0.442259 0.003570 0.016497
0 0.070357 0.433376 0.005000 0.006497
0 0.076429 0.424492 0.005704 0.019036
0 0.083929 0.423858 0.005000 0.007766
0 0.092857 0.395305 0.004286 0.009036
0 0.029286 0.370558 0.004286 0.010152
0 0.045357 0.347716 0.002143 0.010152
0 0.048214 0.347716 0.003571 0.012690
0 0.065714 0.295051 0.002857 0.016497
0 0.088571 0.291878 0.005714 0.010152
0 0.091429 0.271574 0.002857 0.012690
0 0.093571 0.272208 0.002857 0.013959
0 0.096786 0.264594 0.003571 0.013959
0 0.200714 0.239848 0.002857 0.012690
0 0.240000 0.205102 0.002857 0.013959
0 0.220429 0.228426 0.002857 0.012690
0 0.236429 0.202563 0.002857 0.011421
0 0.258204 0.190990 0.003571 0.013959
