0 0.449250 0.750000 0.023500 0.045333
0 0.450750 0.737667 0.020500 0.050000
0 0.368750 0.380000 0.001500 0.038667
0 0.402500 0.373000 0.004000 0.040667
0 0.409000 0.354667 0.004000 0.038667
0 0.340500 0.217333 0.008000 0.022667
0 0.353000 0.201667 0.008000 0.034000
0 0.364000 0.045000 0.008000 0.027333
0 0.368000 0.027667 0.008000 0.026000
0 0.300250 0.107333 0.009500 0.026667
0 0.293250 0.019667 0.007500 0.020667
0 0.289000 0.012333 0.009000 0.026000
0 0.289750 0.010333 0.007500 0.026000
0 0.382750 0.065667 0.006500 0.022000
0 0.346750 0.049333 0.005500 0.020000
0 0.342250 0.029333 0.006500 0.016000
0 0.495500 0.310000 0.015000 0.028000
0 0.600250 0.696000 0.009500 0.022667
0 0.597750 0.670000 0.005500 0.025333
0 0.627000 0.626333 0.026000 0.059333
0 0.598500 0.644000 0.007000 0.049333
0 0.438500 0.085000 0.007000 0.027333
0 0.440000 0.079333 0.007000 0.029333
0 0.455500 0.099333 0.010000 0.018667
0 0.454500 0.096000 0.008000 0.018667
0 0.375250 0.008000 0.006500 0.006000
0 0.392000 0.024333 0.007000 0.010000
