0 0.284286 0.456667 0.007043 0.006667
0 0.334286 0.494286 0.005704 0.013333
0 0.399643 0.556090 0.007857 0.015238
0 0.402857 0.511429 0.005714 0.011429
0 0.382500 0.522857 0.003570 0.015238
0 0.405000 0.502380 0.005714 0.012381
0 0.432043 0.502857 0.004286 0.013333
0 0.420357 0.490476 0.003570 0.013333
0 0.360357 0.494762 0.003570 0.012381
0 0.348570 0.477619 0.005714 0.014286
0 0.332857 0.480476 0.005704 0.014286
0 0.407500 0.477043 0.005000 0.013333
0 0.401071 0.497143 0.005000 0.013333
0 0.423570 0.497619 0.002857 0.012381
0 0.427500 0.498095 0.003570 0.011429
0 0.409286 0.489524 0.004286 0.001429
0 0.430357 0.496090 0.003571 0.013333
0 0.433204 0.495714 0.003571 0.012381
0 0.263204 0.469524 0.005000 0.011429
