0 0.012500 0.254286 0.017857 0.030476
0 0.046071 0.153810 0.006429 0.016190
0 0.008214 0.084762 0.003571 0.009524
0 0.059643 0.069048 0.005000 0.008570
0 0.342143 0.145238 0.008571 0.018095
0 0.328929 0.045714 0.007857 0.017143
0 0.278570 0.245238 0.015714 0.037143
0 0.437143 0.151429 0.007143 0.011429
0 0.460786 0.147619 0.007857 0.020952
0 0.440786 0.146190 0.005000 0.018095
0 0.520357 0.140000 0.003571 0.011429
0 0.665000 0.038095 0.005714 0.019048
0 0.697500 0.074286 0.007857 0.022857
0 0.599643 0.224762 0.007857 0.026667
0 0.603204 0.222857 0.006429 0.024762
