0 0.438052 0.858534 0.032881 0.188312
0 0.392745 0.629406 0.009311 0.121521
0 0.353079 0.654907 0.018267 0.116883
0 0.373434 0.579304 0.039144 0.086271
0 0.406576 0.602245 0.025052 0.105751
0 0.505919 0.524119 0.026618 0.081633
0 0.500260 0.512059 0.013048 0.079777
0 0.462061 0.408163 0.015136 0.055659
0 0.447808 0.400019 0.014614 0.051948
0 0.387265 0.445269 0.000438 0.051948
0 0.394050 0.409759 0.011482 0.058442
0 0.589248 0.330169 0.003132 0.014842
0 0.586378 0.330633 0.002610 0.013915
0 0.699113 0.400742 0.006785 0.016698
0 0.889875 0.370058 0.005219 0.018553
0 0.902317 0.370594 0.004175 0.017625
0 0.930367 0.373840 0.003653 0.018553
0 0.956942 0.373377 0.003653 0.009481
0 0.964509 0.375696 0.003032 0.012987
0 0.829332 0.306327 0.002088 0.011132
0 0.827244 0.306327 0.002088 0.012987
0 0.836378 0.304935 0.002610 0.010204
0 0.834290 0.304935 0.002610 0.012059
0 0.876827 0.303080 0.002088 0.010204
0 0.632829 0.327458 0.002600 0.012987
0 0.635077 0.323748 0.002088 0.012987
0 0.627600 0.327922 0.003653 0.012059
0 0.623956 0.327922 0.000566 0.010204
0 0.566545 0.333952 0.003653 0.002987
0 0.580159 0.333488 0.002610 0.008349
0 0.555063 0.336270 0.002610 0.013915
0 0.552975 0.334879 0.002600 0.014842
0 0.088674 0.303803 0.003653 0.019481
0 0.091023 0.305195 0.003132 0.020408
