0 0.342857 0.022843 0.004286 0.007766
0 0.306429 0.060279 0.005714 0.016497
0 0.307500 0.079949 0.006429 0.005228
0 0.353929 0.009772 0.006429 0.019036
0 0.346429 0.065609 0.004286 0.013959
0 0.307857 0.131980 0.004286 0.015228
0 0.328570 0.196066 0.007143 0.016497
0 0.303929 0.290609 0.007857 0.022843
0 0.299643 0.236040 0.005000 0.012690
0 0.263570 0.381345 0.008571 0.019036
0 0.266070 0.410533 0.006429 0.013959
0 0.092143 0.772208 0.007143 0.026650
0 0.604286 0.708022 0.012857 0.022843
0 0.648929 0.699239 0.009286 0.025380
0 0.705714 0.656091 0.007143 0.020305
0 0.753929 0.666244 0.006429 0.022843
0 0.763570 0.687183 0.007143 0.024112
0 0.752043 0.720812 0.010000 0.022843
0 0.672043 0.739848 0.007143 0.017766
0 0.670357 0.755701 0.006429 0.019036
0 0.663570 0.766497 0.007143 0.020305
0 0.655357 0.769670 0.006429 0.024012
0 0.701429 0.907995 0.010000 0.019036
0 0.696429 0.905609 0.007143 0.021574
0 0.805357 0.901168 0.007857 0.027919
0 0.793204 0.849619 0.010714 0.019036
0 0.777043 0.769670 0.008571 0.016497
0 0.350704 0.166244 0.005714 0.022843
0 0.097857 0.776650 0.008571 0.022843
0 0.780357 0.777284 0.002143 0.019036
0 0.790357 0.840002 0.009286 0.020305
0 0.708204 0.922589 0.006429 0.015228
0 0.256070 0.299492 0.007857 0.027919
