0 0.254643 0.091429 0.003571 0.011429
0 0.297857 0.098571 0.002857 0.008571
0 0.306786 0.200952 0.003570 0.011429
0 0.337857 0.205714 0.002857 0.008571
0 0.345357 0.205714 0.002143 0.008571
0 0.302857 0.381905 0.002857 0.007619
0 0.306071 0.381429 0.002143 0.008571
0 0.260714 0.436190 0.007143 0.011429
0 0.300704 0.450952 0.005714 0.025714
0 0.309643 0.499524 0.005000 0.016190
0 0.333570 0.586190 0.007143 0.021905
0 0.287043 0.575714 0.004286 0.018095
0 0.277043 0.577619 0.007143 0.025714
0 0.279643 0.695238 0.006429 0.020952
0 0.287857 0.700476 0.007043 0.023810
0 0.260357 0.605238 0.005000 0.017143
0 0.206786 0.657619 0.005000 0.014286
0 0.086429 0.729048 0.010000 0.021905
0 0.240429 0.810952 0.011429 0.037143
0 0.391786 0.467619 0.005000 0.011429
0 0.458929 0.320476 0.003570 0.014286
0 0.465357 0.306667 0.003571 0.014286
0 0.472043 0.316667 0.004286 0.016190
0 0.508214 0.348571 0.003571 0.015238
0 0.523570 0.313333 0.002857 0.009524
0 0.562857 0.340476 0.004286 0.002381
0 0.673570 0.061905 0.001429 0.007619
0 0.686786 0.074286 0.002043 0.009524
0 0.690704 0.073810 0.001429 0.008571
0 0.632500 0.059524 0.002143 0.010476
0 0.627500 0.057619 0.002143 0.008571
0 0.606786 0.164286 0.002143 0.008571
0 0.602143 0.185238 0.002857 0.012381
0 0.607500 0.083810 0.002143 0.009524
0 0.622043 0.192857 0.002857 0.010476
0 0.620000 0.200952 0.002857 0.010476
0 0.605357 0.210952 0.002143 0.010476
0 0.600357 0.257043 0.002143 0.013333
0 0.603570 0.255238 0.001429 0.009524
0 0.607043 0.255238 0.002857 0.007619
0 0.822857 0.316667 0.002857 0.006667
0 0.805357 0.343810 0.003571 0.007619
0 0.795357 0.382381 0.006429 0.008571
0 0.813214 0.366190 0.005000 0.006667
0 0.844643 0.427619 0.007857 0.007619
0 0.870000 0.413333 0.004286 0.009524
0 0.880071 0.407619 0.003571 0.013333
0 0.887500 0.403333 0.003571 0.011429
0 0.853204 0.362381 0.003571 0.014286
0 0.874286 0.333333 0.002857 0.003333
0 0.863929 0.300952 0.003571 0.014286
0 0.900357 0.324286 0.003571 0.012381
0 0.908214 0.340952 0.003571 0.013333
0 0.857043 0.283333 0.004286 0.016190
0 0.867857 0.270429 0.002857 0.015238
0 0.880786 0.253810 0.002143 0.012381
0 0.862857 0.254762 0.000429 0.006667
0 0.866429 0.256090 0.002857 0.009524
0 0.924643 0.406667 0.005000 0.018095
0 0.930786 0.347143 0.003571 0.012381
0 0.925704 0.333810 0.004286 0.010476
0 0.930704 0.324286 0.002857 0.010476
0 0.937857 0.330476 0.004286 0.003333
0 0.942043 0.343333 0.002857 0.012381
0 0.945357 0.333800 0.003571 0.010476
0 0.956070 0.339048 0.003571 0.011429
0 0.952500 0.355704 0.003571 0.014286
0 0.959643 0.350000 0.002043 0.010476
0 0.965704 0.335238 0.002857 0.011429
0 0.969643 0.359048 0.003570 0.017143
0 0.989643 0.339524 0.002043 0.012381
0 0.974643 0.346090 0.002143 0.010476
0 0.990704 0.353333 0.004286 0.009524
0 0.988929 0.364762 0.003570 0.011429
0 0.996786 0.352380 0.003571 0.011429
0 0.847043 0.561905 0.007143 0.017143
0 0.973570 0.655714 0.004286 0.016190
0 0.966786 0.650429 0.006429 0.022857
0 0.730000 0.472857 0.007143 0.010476
0 0.782500 0.368570 0.005000 0.015238
0 0.538570 0.460952 0.002857 0.019048
0 0.532043 0.476190 0.004286 0.017143
0 0.527857 0.474286 0.004286 0.005238
0 0.490429 0.451905 0.004286 0.014286
0 0.527857 0.447609 0.002857 0.011429
0 0.350429 0.262857 0.005714 0.015238
