0 0.265000 0.188095 0.014286 0.029524
0 0.228929 0.044762 0.025000 0.032381
0 0.366429 0.076190 0.012857 0.034286
0 0.087143 0.505714 0.014286 0.017143
0 0.496070 0.967619 0.013571 0.028571
0 0.403214 0.690952 0.019286 0.016190
0 0.356070 0.362381 0.012143 0.025714
0 0.298204 0.713810 0.013571 0.014286
0 0.300704 0.692381 0.015714 0.019048
0 0.267043 0.661905 0.017143 0.017143
0 0.532500 0.013810 0.010714 0.035238
0 0.532043 0.219048 0.010000 0.028571
0 0.524643 0.326090 0.013571 0.023810
0 0.523204 0.406190 0.010714 0.025714
0 0.555704 0.457143 0.010000 0.022857
0 0.573570 0.455238 0.012857 0.032381
0 0.528929 0.770000 0.003571 0.020000
0 0.252043 0.239524 0.020000 0.033333
0 0.205704 0.218095 0.008571 0.020952
