0 0.852500 0.909416 0.026429 0.074873
0 0.923929 0.888325 0.027857 0.065990
0 0.700714 0.512056 0.012857 0.039340
0 0.636070 0.534264 0.009286 0.040609
0 0.787500 0.489848 0.023570 0.050761
0 0.808204 0.504442 0.010714 0.036802
0 0.856070 0.522208 0.015000 0.034264
0 0.840429 0.468909 0.015714 0.052030
0 0.607043 0.458756 0.007143 0.031726
0 0.538570 0.477157 0.010000 0.030457
0 0.629643 0.404340 0.010714 0.034264
0 0.272857 0.509508 0.012857 0.034264
0 0.255357 0.545050 0.016429 0.054569
0 0.320357 0.506345 0.000714 0.035533
0 0.060714 0.542513 0.020000 0.059645
0 0.456429 0.399012 0.012857 0.039340
0 0.466786 0.476523 0.003571 0.031726
0 0.737857 0.477792 0.002857 0.029188
0 0.807143 0.446701 0.008571 0.035533
0 0.822043 0.453680 0.018571 0.052030
0 0.827500 0.357868 0.003571 0.053299
0 0.873570 0.428299 0.017143 0.054569
0 0.607857 0.393400 0.014286 0.053299
0 0.584286 0.359772 0.001429 0.046954
0 0.555357 0.466370 0.009286 0.029188
0 0.030786 0.536168 0.013571 0.054569
0 0.080357 0.525380 0.016429 0.045685
0 0.034286 0.515863 0.015714 0.049492
0 0.077857 0.523477 0.012857 0.034264
0 0.222857 0.506345 0.020429 0.058376
0 0.233929 0.498730 0.013571 0.038071
0 0.255704 0.423223 0.014286 0.039340
0 0.202500 0.430203 0.005000 0.050761
0 0.550071 0.435279 0.007857 0.045685
0 0.490000 0.533629 0.004286 0.039340
0 0.492500 0.502056 0.013571 0.054569
0 0.488204 0.491117 0.006429 0.015228
0 0.353204 0.560914 0.013571 0.032995
0 0.360786 0.549492 0.016429 0.050761
0 0.372857 0.440990 0.004286 0.024112
0 0.347043 0.466371 0.017143 0.057107
0 0.083929 0.501904 0.015000 0.044416
0 0.470429 0.467640 0.008571 0.031726
0 0.203571 0.479695 0.012857 0.022843
0 0.202857 0.499365 0.004286 0.041878
0 0.776070 0.380711 0.013571 0.043147
0 0.743204 0.381345 0.016429 0.046954
0 0.607857 0.370558 0.011429 0.048223
0 0.570786 0.349619 0.015000 0.064721
0 0.650000 0.330218 0.007143 0.048223
0 0.636429 0.326777 0.000000 0.041878
0 0.663570 0.321066 0.010000 0.030457
0 0.386429 0.377538 0.000000 0.034264
0 0.263570 0.399746 0.011429 0.035533
0 0.252857 0.406090 0.008571 0.035533
0 0.245000 0.390863 0.001429 0.050761
0 0.082143 0.434010 0.020000 0.045685
0 0.004286 0.540609 0.008570 0.050761
0 0.745357 0.303934 0.002143 0.046954
