0 0.002143 0.041429 0.011429 0.029524
0 0.012857 0.042381 0.011429 0.023810
0 0.006786 0.073810 0.010714 0.029524
0 0.015714 0.073333 0.011429 0.032381
0 0.040000 0.104762 0.007143 0.032381
0 0.405714 0.128571 0.008571 0.020952
0 0.430071 0.369048 0.012143 0.033333
0 0.560000 0.064762 0.007143 0.026667
0 0.574643 0.056190 0.007857 0.024762
0 0.564286 0.057619 0.007143 0.021905
0 0.608214 0.085238 0.005000 0.014286
0 0.626429 0.083800 0.008571 0.020952
0 0.767500 0.404762 0.019286 0.037143
0 0.693929 0.432857 0.007857 0.048571
0 0.608204 0.603333 0.019286 0.063810
0 0.986429 0.576667 0.025704 0.056190
