0 0.080250 0.820000 0.010500 0.020000
0 0.109000 0.875667 0.010000 0.018000
0 0.100250 0.812000 0.010500 0.020000
0 0.077250 0.710333 0.008500 0.016667
0 0.078000 0.693667 0.008000 0.016667
0 0.035500 0.607667 0.007000 0.015333
0 0.096000 0.880667 0.009000 0.020000
0 0.136000 0.704000 0.009000 0.016000
0 0.047000 0.693000 0.008000 0.019333
0 0.053750 0.699333 0.007500 0.017333
0 0.109000 0.589333 0.009000 0.013333
0 0.052000 0.474667 0.007000 0.013333
0 0.102250 0.507000 0.006500 0.011333
0 0.082250 0.490333 0.005500 0.004000
0 0.012250 0.454667 0.004500 0.013333
0 0.018500 0.439000 0.004000 0.010000
0 0.013500 0.453333 0.005000 0.009333
0 0.026000 0.474000 0.006000 0.010667
0 0.032500 0.490667 0.005000 0.012000
