0 0.053571 0.909898 0.011429 0.027919
0 0.039286 0.736675 0.012857 0.026650
0 0.066429 0.657995 0.008571 0.024112
0 0.082857 0.609772 0.011429 0.029188
0 0.203929 0.576777 0.009286 0.024112
0 0.203204 0.593909 0.009286 0.020305
0 0.091786 0.583756 0.009286 0.027919
0 0.265357 0.287437 0.006429 0.006497
0 0.248204 0.274112 0.006429 0.022843
0 0.262500 0.230599 0.006429 0.024112
0 0.247043 0.184645 0.011429 0.029188
0 0.320000 0.054188 0.005714 0.021574
0 0.307143 0.169416 0.007143 0.019036
0 0.337043 0.146574 0.008571 0.021574
0 0.329286 0.040228 0.004286 0.013959
0 0.327043 0.148477 0.005714 0.017766
0 0.293929 0.077030 0.005000 0.019036
0 0.300357 0.070051 0.007857 0.020305
0 0.300071 0.158629 0.007857 0.017766
0 0.297043 0.154188 0.005714 0.016497
0 0.286786 0.052919 0.005000 0.011421
0 0.292043 0.161168 0.005714 0.015228
0 0.280000 0.059898 0.007143 0.020305
0 0.274286 0.066244 0.005714 0.017766
0 0.277500 0.075127 0.005000 0.022843
0 0.283204 0.180203 0.009286 0.025381
0 0.284643 0.220078 0.006429 0.019036
0 0.270071 0.214467 0.006429 0.015228
0 0.270357 0.230599 0.005000 0.011421
0 0.275000 0.228426 0.007043 0.015228
0 0.278929 0.224609 0.006429 0.020305
0 0.292500 0.307259 0.006429 0.020305
0 0.306786 0.264594 0.007857 0.019036
0 0.297500 0.303299 0.006429 0.007766
0 0.300429 0.350254 0.008571 0.020305
0 0.234286 0.307259 0.007143 0.017766
0 0.073571 0.654188 0.008571 0.024112
0 0.207857 0.666244 0.010000 0.025381
0 0.299286 0.763325 0.008570 0.029188
0 0.287043 0.823604 0.014286 0.025381
0 0.020714 0.989848 0.012857 0.017766
