0 0.696786 0.892857 0.019286 0.033333
0 0.655357 0.835238 0.017857 0.026667
0 0.587500 0.884286 0.012143 0.027619
0 0.645714 0.740952 0.014286 0.022857
0 0.570357 0.602381 0.013571 0.025714
0 0.097143 0.647619 0.012857 0.024762
0 0.042143 0.577619 0.011429 0.021905
0 0.029286 0.571429 0.012857 0.022857
0 0.111071 0.531905 0.017857 0.020000
0 0.104643 0.519524 0.013571 0.018095
0 0.047857 0.486190 0.010000 0.023810
0 0.088214 0.467619 0.010714 0.024762
0 0.082500 0.457619 0.010714 0.021905
0 0.228204 0.337143 0.009286 0.020952
0 0.240429 0.331905 0.008571 0.020000
0 0.371786 0.590000 0.012143 0.025714
0 0.382500 0.612857 0.012143 0.020000
0 0.436071 0.585238 0.010714 0.020000
0 0.457500 0.593333 0.010714 0.022857
0 0.455714 0.588571 0.011429 0.022857
0 0.471429 0.583333 0.011429 0.025714
0 0.488214 0.609048 0.012143 0.021905
0 0.486429 0.607619 0.012857 0.024762
0 0.485000 0.574286 0.011429 0.019048
0 0.484643 0.571905 0.010714 0.021905
0 0.502500 0.574286 0.012143 0.020952
0 0.476429 0.541905 0.011429 0.022857
0 0.414286 0.490476 0.011429 0.017143
0 0.533214 0.490476 0.010714 0.022857
0 0.510357 0.417619 0.010714 0.018095
0 0.381429 0.430000 0.008571 0.018095
0 0.301071 0.315238 0.009286 0.020952
0 0.326786 0.125238 0.006429 0.014286
0 0.923929 0.806190 0.019286 0.027619
0 0.907500 0.777143 0.015000 0.030476
0 0.918571 0.777143 0.008571 0.015238
0 0.828929 0.434286 0.002143 0.024762
0 0.803204 0.454762 0.009286 0.018095
0 0.796429 0.453800 0.010000 0.021905
0 0.847043 0.380000 0.011429 0.020952
0 0.836070 0.377143 0.013571 0.020952
0 0.827043 0.337619 0.010000 0.020000
0 0.799286 0.359048 0.010000 0.019048
0 0.801429 0.313810 0.010000 0.020000
0 0.786070 0.326190 0.010714 0.023810
0 0.757500 0.370952 0.010714 0.021905
0 0.604643 0.420000 0.007857 0.020952
0 0.776070 0.316190 0.009286 0.020952
0 0.723570 0.326190 0.007143 0.018095
0 0.714286 0.318571 0.005714 0.008571
0 0.722143 0.318095 0.007143 0.011429
0 0.664286 0.287619 0.010000 0.017143
0 0.630786 0.261905 0.009286 0.020952
0 0.678204 0.257143 0.007857 0.022857
0 0.685000 0.255704 0.010000 0.021905
0 0.630357 0.220905 0.006429 0.020952
0 0.595714 0.209048 0.008571 0.020000
0 0.609286 0.468570 0.010000 0.020952
0 0.742500 0.569048 0.015000 0.018095
0 0.548929 0.308095 0.005000 0.008095
0 0.497500 0.213333 0.007857 0.017143
0 0.482857 0.203810 0.008571 0.017143
0 0.477857 0.093810 0.007143 0.020000
0 0.506429 0.091905 0.008571 0.018095
0 0.475704 0.180476 0.007143 0.020000
0 0.390704 0.205238 0.007143 0.020000
0 0.436071 0.155714 0.009286 0.016190
0 0.453929 0.046667 0.007857 0.019048
0 0.484286 0.033333 0.005714 0.015238
0 0.422500 0.021905 0.007857 0.019048
0 0.401429 0.096190 0.007143 0.011429
