0 0.349286 0.049492 0.000429 0.005076
0 0.350071 0.048223 0.002143 0.005076
0 0.354286 0.047589 0.000429 0.003807
0 0.348929 0.011675 0.002143 0.007614
0 0.357857 0.004061 0.002857 0.002538
0 0.260786 0.736041 0.003571 0.010152
0 0.258929 0.738579 0.002043 0.007614
0 0.446429 0.853426 0.002857 0.006345
0 0.448929 0.850523 0.002143 0.007614
0 0.463204 0.910533 0.002143 0.006345
0 0.473570 0.898477 0.002857 0.007614
0 0.442043 0.789340 0.002857 0.007614
0 0.436070 0.779822 0.003571 0.008883
0 0.420429 0.729695 0.002857 0.007614
0 0.406786 0.728426 0.003571 0.005076
0 0.426070 0.725888 0.002143 0.007614
0 0.400429 0.681472 0.002857 0.010152
0 0.393570 0.623731 0.002857 0.006345
0 0.390071 0.625635 0.002143 0.010152
0 0.378929 0.583756 0.002043 0.007614
0 0.350429 0.503173 0.002857 0.006345
0 0.345704 0.497462 0.002857 0.007614
0 0.347043 0.484137 0.002857 0.008883
0 0.333204 0.432107 0.002143 0.006345
0 0.334643 0.403706 0.002143 0.010152
0 0.320786 0.410533 0.002143 0.008883
0 0.322043 0.381980 0.001429 0.005076
0 0.304643 0.341371 0.002143 0.005076
0 0.283204 0.253807 0.002143 0.007614
0 0.302500 0.360406 0.002143 0.007614
0 0.306786 0.364848 0.002143 0.008883
0 0.890071 0.393401 0.003571 0.007614
0 0.885357 0.390863 0.002043 0.007614
0 0.862500 0.369289 0.002043 0.002538
0 0.860786 0.364213 0.002143 0.002538
0 0.840071 0.342640 0.002143 0.007614
0 0.824643 0.330853 0.002143 0.006345
0 0.825000 0.336929 0.000429 0.003807
0 0.827857 0.330853 0.002857 0.003807
