0 0.505357 0.970178 0.010714 0.024112
0 0.523570 0.963832 0.011429 0.039340
0 0.468570 0.866751 0.015714 0.035533
0 0.565357 0.930838 0.015000 0.021574
0 0.566786 0.912437 0.013571 0.017766
0 0.598214 0.770939 0.022143 0.029188
0 0.672857 0.814721 0.014286 0.022843
0 0.669286 0.836294 0.010000 0.022843
0 0.638929 0.520574 0.010714 0.035533
0 0.626070 0.524746 0.009286 0.034264
0 0.558571 0.554569 0.008571 0.025381
0 0.556429 0.571701 0.008571 0.019036
0 0.465714 0.659264 0.011429 0.019036
0 0.470000 0.647843 0.011429 0.019036
0 0.404286 0.493020 0.000000 0.034264
0 0.403929 0.449239 0.009286 0.035533
0 0.571786 0.422589 0.025000 0.015228
0 0.725000 0.609924 0.011429 0.039340
0 0.700714 0.620558 0.010000 0.032995
0 0.804643 0.855964 0.017857 0.024112
0 0.805000 0.869289 0.008571 0.020305
0 0.773929 0.651015 0.015000 0.032995
0 0.452043 0.440355 0.005714 0.017766
0 0.459286 0.432740 0.008571 0.025381
0 0.455704 0.416878 0.007143 0.026650
0 0.450704 0.420051 0.008571 0.030457
0 0.546786 0.345802 0.010714 0.019036
0 0.537857 0.222081 0.022857 0.012690
0 0.538929 0.212563 0.006429 0.019036
0 0.408204 0.383883 0.006429 0.024112
0 0.408929 0.375635 0.007857 0.027909
0 0.405357 0.208756 0.007857 0.034264
0 0.633570 0.111041 0.007143 0.029188
0 0.637500 0.009772 0.007857 0.029188
0 0.629643 0.054569 0.005000 0.027909
0 0.633570 0.052030 0.005714 0.027919
0 0.423570 0.114848 0.005714 0.029188
0 0.449286 0.033629 0.005704 0.031726
0 0.452857 0.034898 0.005704 0.026650
0 0.467500 0.029088 0.006429 0.020305
0 0.535357 0.132614 0.006429 0.019036
0 0.422043 0.103426 0.007143 0.024112
0 0.559286 0.284264 0.007043 0.020305
