0 0.418571 0.765238 0.007143 0.020000
0 0.433571 0.695238 0.007143 0.013333
0 0.468929 0.689524 0.005000 0.015238
0 0.490357 0.681429 0.005000 0.016190
0 0.508214 0.678571 0.005000 0.016190
0 0.552143 0.593333 0.004286 0.015238
0 0.556429 0.592857 0.004286 0.016190
0 0.521429 0.601905 0.005714 0.013333
0 0.678214 0.486190 0.005000 0.012381
0 0.675357 0.509048 0.005000 0.012381
0 0.788929 0.572381 0.006429 0.013333
0 0.578570 0.621905 0.005714 0.013333
0 0.567857 0.630476 0.005704 0.015238
0 0.333929 0.658570 0.007857 0.018095
