0 0.834500 0.820000 0.039000 0.079333
0 0.869250 0.805667 0.030500 0.064667
0 0.940750 0.708667 0.030500 0.070667
0 0.927000 0.706000 0.016000 0.030667
0 0.846000 0.708000 0.032000 0.070667
0 0.840000 0.687000 0.028000 0.066000
0 0.823000 0.690667 0.020000 0.041333
0 0.695500 0.840667 0.038000 0.060000
0 0.804250 0.639333 0.027500 0.057333
0 0.803000 0.585333 0.022000 0.058667
0 0.749500 0.572000 0.026000 0.060333
0 0.692500 0.532333 0.025000 0.040667
0 0.707000 0.517667 0.017000 0.054000
0 0.702750 0.500667 0.006500 0.057333
0 0.792000 0.479667 0.030000 0.054000
0 0.860250 0.470000 0.019500 0.046000
0 0.840250 0.450000 0.019500 0.046667
0 0.779250 0.443333 0.001500 0.046667
0 0.740000 0.446667 0.007000 0.052000
0 0.747250 0.444000 0.006500 0.048000
0 0.650250 0.507667 0.003500 0.056667
0 0.665750 0.484667 0.019500 0.050667
0 0.577750 0.486667 0.018500 0.050667
0 0.575250 0.433667 0.004500 0.051333
0 0.596250 0.429667 0.016500 0.043333
0 0.694250 0.399000 0.002500 0.044667
0 0.670750 0.381333 0.014500 0.041333
0 0.702000 0.389333 0.016000 0.037333
0 0.599250 0.853333 0.017500 0.040000
0 0.600000 0.795000 0.021000 0.068667
0 0.570750 0.785667 0.019500 0.066000
0 0.591250 0.552667 0.022500 0.052000
0 0.452000 0.577667 0.024000 0.054000
0 0.420500 0.572667 0.005000 0.053333
0 0.405500 0.596667 0.006000 0.056000
0 0.392000 0.580667 0.022000 0.052000
0 0.402500 0.538333 0.022000 0.055333
0 0.322500 0.523667 0.023000 0.051333
0 0.260000 0.497000 0.018000 0.048667
0 0.248000 0.590333 0.022000 0.047333
0 0.230000 0.593000 0.016000 0.038000
0 0.078750 0.596333 0.023500 0.056667
0 0.035500 0.603000 0.026000 0.051333
0 0.018250 0.628333 0.033500 0.044667
0 0.011250 0.589667 0.035500 0.054000
0 0.090750 0.566000 0.023500 0.048000
0 0.209750 0.505333 0.021500 0.049333
0 0.043250 0.530000 0.032500 0.051333
0 0.050250 0.505333 0.034500 0.046667
0 0.023500 0.489333 0.024000 0.052000
0 0.036000 0.487333 0.024000 0.049333
0 0.050250 0.485000 0.025500 0.044667
0 0.511000 0.426000 0.017000 0.030667
0 0.540250 0.406333 0.009500 0.043333
0 0.574250 0.395000 0.004500 0.040667
0 0.583500 0.373667 0.005000 0.043333
0 0.583000 0.347667 0.002000 0.038000
0 0.553250 0.353667 0.001500 0.043333
0 0.595250 0.345667 0.001500 0.042000
0 0.545250 0.342000 0.001500 0.038667
0 0.503750 0.333667 0.010500 0.034000
0 0.508750 0.326667 0.009500 0.030667
0 0.508250 0.306667 0.009500 0.029333
0 0.499500 0.333333 0.007000 0.010667
0 0.496500 0.309333 0.009000 0.029333
0 0.477500 0.295000 0.001000 0.034000
0 0.660250 0.310333 0.011500 0.038000
0 0.660250 0.293333 0.011500 0.036000
0 0.656000 0.292000 0.003000 0.034667
0 0.677500 0.259000 0.009000 0.024667
0 0.675750 0.253667 0.008500 0.026000
0 0.600250 0.288000 0.012500 0.026667
0 0.606750 0.265667 0.008500 0.030000
0 0.620000 0.262000 0.008000 0.030667
0 0.607750 0.249667 0.009500 0.028667
0 0.605750 0.257000 0.007500 0.024667
0 0.597000 0.256667 0.010000 0.021333
0 0.589750 0.260333 0.009500 0.033333
0 0.577750 0.260333 0.008500 0.033333
0 0.505000 0.272667 0.010000 0.036000
0 0.479750 0.253667 0.000500 0.028667
0 0.545250 0.233000 0.007500 0.028667
0 0.555000 0.235000 0.008000 0.024667
0 0.532250 0.220000 0.008500 0.024667
0 0.547500 0.215667 0.008000 0.019333
0 0.556500 0.215000 0.008000 0.018000
0 0.977250 0.322667 0.015500 0.028000
0 0.986750 0.249000 0.002500 0.028667
0 0.996500 0.250000 0.007000 0.028667
0 0.969000 0.245333 0.003000 0.033333
0 0.960500 0.242333 0.011000 0.030000
0 0.949000 0.229667 0.006000 0.032667
0 0.949000 0.208333 0.011000 0.030000
0 0.959750 0.207667 0.009500 0.031333
0 0.860250 0.249667 0.010500 0.015333
0 0.830500 0.250667 0.010000 0.025333
0 0.709500 0.250667 0.007000 0.024000
0 0.702000 0.253333 0.009000 0.003333
0 0.676750 0.258667 0.007500 0.024000
0 0.688500 0.250000 0.009000 0.025333
0 0.700000 0.175000 0.007000 0.020667
0 0.709250 0.176000 0.005500 0.020000
0 0.628500 0.082333 0.007000 0.018000
0 0.320000 0.324667 0.011000 0.034667
0 0.303000 0.322000 0.013000 0.037333
0 0.305250 0.309000 0.012500 0.038000
0 0.326750 0.302667 0.013500 0.037333
0 0.339500 0.280333 0.013000 0.033333
0 0.029000 0.380000 0.019000 0.036667
0 0.056250 0.377000 0.015500 0.031333
0 0.420250 0.224333 0.008500 0.023333
0 0.427250 0.226333 0.006500 0.009333
0 0.578250 0.074333 0.004500 0.004000
0 0.405250 0.056000 0.007500 0.021333
0 0.345000 0.025667 0.005000 0.012667
0 0.355000 0.021667 0.006000 0.015333
0 0.323250 0.046333 0.006500 0.016667
