0 0.047495 0.766234 0.013570 0.022263
0 0.049322 0.761132 0.010960 0.010204
0 0.110386 0.558905 0.012004 0.025046
0 0.162056 0.493970 0.008873 0.023191
0 0.057098 0.249536 0.007307 0.024119
0 0.058142 0.244898 0.007307 0.024119
0 0.071451 0.186456 0.007829 0.018553
0 0.204770 0.132653 0.006785 0.024119
0 0.202683 0.039889 0.004697 0.016698
0 0.206336 0.042208 0.004697 0.013915
0 0.223643 0.037570 0.006785 0.007625
0 0.224948 0.043135 0.007307 0.015770
0 0.271138 0.139610 0.005741 0.017625
0 0.263309 0.191095 0.005741 0.018553
0 0.504697 0.766234 0.009395 0.024119
0 0.502610 0.756030 0.012526 0.025974
0 0.485125 0.618738 0.010960 0.031540
0 0.466336 0.551020 0.005741 0.016698
0 0.471033 0.545455 0.006785 0.016698
0 0.452766 0.463822 0.008873 0.020408
0 0.375261 0.011596 0.004175 0.015770
0 0.480994 0.075603 0.005741 0.019481
0 0.509395 0.037570 0.004075 0.021336
0 0.540700 0.053340 0.004175 0.017625
0 0.544624 0.052876 0.004697 0.008553
0 0.521399 0.163265 0.004175 0.012987
