0 0.013929 0.331429 0.012143 0.015238
0 0.050429 0.445714 0.011429 0.011429
0 0.036786 0.459524 0.002143 0.010476
0 0.029643 0.470000 0.007857 0.006667
0 0.040000 0.473800 0.011429 0.010476
0 0.033929 0.478095 0.002143 0.011429
0 0.660704 0.960952 0.008571 0.017143
0 0.646429 0.890952 0.007043 0.012381
0 0.645000 0.849048 0.005704 0.012381
0 0.650704 0.847619 0.007143 0.013333
0 0.654286 0.887609 0.007143 0.009524
0 0.652043 0.900476 0.007143 0.010476
0 0.657500 0.903333 0.005000 0.000476
0 0.640786 0.778095 0.006429 0.009524
0 0.578929 0.090000 0.007857 0.012381
0 0.566786 0.093333 0.006429 0.013333
0 0.574643 0.295704 0.005000 0.012381
0 0.570071 0.289524 0.005000 0.011429
0 0.559643 0.260905 0.006429 0.013333
0 0.562043 0.239524 0.004286 0.012381
0 0.557043 0.236667 0.004286 0.012381
0 0.542857 0.230000 0.007043 0.016190
0 0.553570 0.215238 0.005714 0.015238
0 0.548570 0.211429 0.004286 0.013333
0 0.555704 0.192381 0.005714 0.015238
0 0.539286 0.089048 0.005714 0.014286
0 0.603929 0.364286 0.006429 0.000476
0 0.630000 0.356667 0.007043 0.010476
0 0.600714 0.395238 0.002857 0.009524
0 0.537500 0.357609 0.005000 0.012381
0 0.504286 0.232857 0.005714 0.010476
0 0.508929 0.250952 0.006429 0.004286
0 0.522500 0.238570 0.006429 0.014286
0 0.524286 0.233800 0.005714 0.014286
0 0.501429 0.247143 0.005714 0.012381
0 0.524643 0.072857 0.003570 0.014286
0 0.458204 0.198095 0.005000 0.017143
0 0.440000 0.237609 0.005714 0.012381
0 0.440786 0.220952 0.006429 0.013333
0 0.439643 0.233800 0.005000 0.010476
0 0.436070 0.213810 0.003571 0.008571
0 0.433204 0.217619 0.006429 0.012381
