0 0.292143 0.573604 0.014286 0.022843
0 0.272043 0.583122 0.008571 0.024112
0 0.282043 0.593274 0.008571 0.019036
0 0.272500 0.602310 0.012143 0.021574
0 0.258929 0.600254 0.009286 0.022843
0 0.270704 0.563452 0.012857 0.017766
0 0.262043 0.557741 0.010000 0.021574
0 0.250704 0.554569 0.011429 0.022843
0 0.032500 0.505863 0.015000 0.021574
0 0.040357 0.428934 0.003571 0.025381
0 0.409643 0.230599 0.007857 0.026650
0 0.407857 0.229695 0.008571 0.027919
0 0.423929 0.223985 0.007857 0.036802
0 0.077043 0.751904 0.015714 0.021574
0 0.028570 0.724619 0.017143 0.022843
