0 0.234643 0.075761 0.013571 0.041878
0 0.226429 0.080838 0.008571 0.036802
0 0.040357 0.341371 0.015000 0.027919
0 0.063929 0.388325 0.015000 0.043147
0 0.056071 0.388959 0.012143 0.039340
0 0.042857 0.898477 0.008571 0.040609
0 0.030704 0.902919 0.020000 0.039340
0 0.472043 0.749365 0.014286 0.052030
0 0.399643 0.643400 0.012143 0.055838
0 0.480704 0.552665 0.010000 0.049492
0 0.405704 0.182107 0.007143 0.029188
0 0.400429 0.180838 0.005714 0.029188
0 0.400714 0.143401 0.007143 0.030457
0 0.406429 0.035787 0.005714 0.032995
0 0.400357 0.027538 0.007857 0.029188
0 0.406070 0.121193 0.006429 0.031726
0 0.420071 0.154188 0.009286 0.039340
0 0.430704 0.147843 0.010000 0.036802
0 0.422500 0.013579 0.006429 0.031726
0 0.405000 0.108503 0.007143 0.029188
0 0.376786 0.089467 0.009286 0.036802
0 0.430704 0.115482 0.007143 0.030457
0 0.502043 0.138325 0.007143 0.040609
0 0.494286 0.071954 0.022857 0.041878
0 0.504643 0.084390 0.009286 0.036802
0 0.492500 0.069062 0.006429 0.039340
0 0.493929 0.062083 0.006429 0.032995
0 0.494286 0.058376 0.007043 0.040609
0 0.505704 0.053299 0.005714 0.027919
0 0.505704 0.060279 0.004286 0.026650
