0 0.202857 0.217619 0.035714 0.067619
0 0.306429 0.205704 0.032857 0.060952
0 0.220000 0.257043 0.031429 0.055238
0 0.038214 0.301429 0.032143 0.058095
0 0.392500 0.072381 0.020714 0.047619
0 0.094643 0.427619 0.050714 0.078095
0 0.200000 0.488095 0.040000 0.075238
0 0.265357 0.569524 0.037857 0.076090
0 0.342857 0.468095 0.040429 0.069524
0 0.420071 0.406190 0.033571 0.075238
0 0.602500 0.286667 0.020714 0.074286
0 0.430786 0.184762 0.026429 0.068571
0 0.443929 0.200476 0.009286 0.073333
0 0.460704 0.147619 0.024286 0.051429
0 0.538570 0.116190 0.018571 0.047619
0 0.684643 0.244762 0.027857 0.070476
0 0.762857 0.326090 0.028571 0.069524
0 0.693929 0.390476 0.026429 0.085704
0 0.633204 0.478095 0.025000 0.078095
0 0.588204 0.172381 0.019286 0.064762
0 0.560704 0.282381 0.028571 0.079048
0 0.500000 0.223333 0.030429 0.065714
0 0.423929 0.256090 0.029286 0.072381
0 0.340000 0.305714 0.034286 0.073333
0 0.243570 0.359048 0.025714 0.076190
0 0.151071 0.330952 0.032143 0.052381
0 0.170714 0.368095 0.054286 0.054286
0 0.295000 0.634286 0.055714 0.051429
0 0.384286 0.658570 0.057143 0.090476
0 0.504643 0.732857 0.033571 0.082857
0 0.483929 0.560476 0.040704 0.111429
0 0.581786 0.114286 0.020714 0.045714
0 0.595714 0.130000 0.017143 0.048571
