0 0.275357 0.840002 0.005000 0.017766
0 0.286429 0.853426 0.007043 0.019036
0 0.295357 0.796954 0.007857 0.007766
0 0.309286 0.762056 0.005714 0.019036
0 0.284643 0.623730 0.007857 0.024112
0 0.273204 0.250000 0.006429 0.017766
0 0.502500 0.536168 0.006429 0.026650
0 0.568570 0.781726 0.007143 0.025381
0 0.733929 0.885787 0.007857 0.022843
0 0.730429 0.901015 0.005714 0.022843
0 0.280357 0.842640 0.006429 0.007766
0 0.294643 0.805838 0.007857 0.020305
0 0.308214 0.769036 0.006429 0.017766
0 0.277857 0.706371 0.008571 0.024112
0 0.560786 0.789975 0.007857 0.024112
0 0.752500 0.899012 0.012143 0.019036
0 0.703929 0.992386 0.009286 0.002690
