0 0.344250 0.932333 0.004500 0.006667
0 0.362250 0.775000 0.007500 0.008000
0 0.379250 0.746333 0.005500 0.014000
0 0.406250 0.615667 0.003500 0.012667
0 0.390000 0.596000 0.004000 0.012000
0 0.391750 0.589000 0.004500 0.014000
0 0.388250 0.571000 0.003500 0.011333
0 0.394500 0.552667 0.004000 0.009333
0 0.395000 0.553000 0.006000 0.011333
0 0.396000 0.580000 0.003000 0.015333
0 0.315250 0.525333 0.003500 0.006667
0 0.404000 0.475000 0.004000 0.012667
0 0.379500 0.447667 0.003000 0.001333
0 0.382500 0.447667 0.003000 0.008667
0 0.362750 0.402000 0.002500 0.008000
0 0.394750 0.384000 0.002500 0.009333
0 0.393250 0.406000 0.002500 0.000667
0 0.390250 0.303333 0.002500 0.008000
0 0.386000 0.298000 0.002000 0.006667
0 0.373500 0.270667 0.000000 0.006667
0 0.396750 0.259000 0.000500 0.006000
0 0.399750 0.268667 0.000500 0.006667
0 0.582750 0.795000 0.004500 0.010000
0 0.570250 0.463333 0.003500 0.003333
0 0.537500 0.506667 0.003000 0.002000
0 0.544750 0.392333 0.002500 0.000000
0 0.512250 0.325333 0.001500 0.005333
0 0.510000 0.282667 0.002000 0.005333
0 0.507500 0.293000 0.002000 0.007333
0 0.504000 0.270333 0.002000 0.006667
0 0.501250 0.265667 0.001500 0.007333
0 0.508500 0.259000 0.001000 0.006000
0 0.427500 0.362000 0.002000 0.006667
0 0.427000 0.351333 0.003000 0.008000
0 0.432750 0.351333 0.003500 0.006667
0 0.432750 0.357000 0.002500 0.006000
0 0.008000 0.694333 0.007000 0.006667
