0 0.454643 0.404762 0.002043 0.011429
0 0.450429 0.403810 0.002857 0.013333
0 0.447857 0.405238 0.002857 0.002381
0 0.444286 0.408095 0.004286 0.000476
0 0.623570 0.449048 0.005714 0.020000
0 0.767500 0.434286 0.005000 0.009048
0 0.830071 0.025714 0.002143 0.007619
0 0.836786 0.025704 0.002143 0.005714
0 0.850429 0.101905 0.002857 0.007619
0 0.863570 0.192857 0.002857 0.010476
0 0.857857 0.092381 0.002857 0.009524
0 0.870071 0.207143 0.005000 0.014286
0 0.872043 0.240000 0.005714 0.011429
0 0.863570 0.240476 0.005714 0.012381
0 0.697857 0.330952 0.007143 0.006667
0 0.661429 0.472857 0.005714 0.012381
0 0.798929 0.545238 0.006429 0.012381
0 0.782143 0.556190 0.005714 0.011429
0 0.780000 0.580952 0.007143 0.011429
0 0.738571 0.633333 0.007143 0.011429
0 0.707500 0.623810 0.006429 0.007619
0 0.794643 0.623333 0.005000 0.014286
0 0.803929 0.672381 0.007857 0.015238
0 0.533929 0.423810 0.007857 0.017143
0 0.624643 0.292857 0.003571 0.010476
0 0.598214 0.302381 0.005000 0.012381
