0 0.153250 0.255333 0.003500 0.006667
0 0.292250 0.275000 0.004500 0.005333
0 0.376250 0.300333 0.003500 0.015333
0 0.343500 0.396667 0.009000 0.034667
0 0.465250 0.390667 0.009500 0.026667
0 0.470000 0.393667 0.010000 0.027333
0 0.439000 0.285333 0.005000 0.013333
0 0.524500 0.295667 0.004000 0.006667
0 0.535750 0.295000 0.005500 0.001333
0 0.556500 0.336000 0.005000 0.012000
0 0.536750 0.340000 0.005500 0.010667
0 0.595750 0.363667 0.006500 0.022000
0 0.600000 0.362000 0.006000 0.020000
0 0.601250 0.369333 0.004500 0.018667
0 0.605000 0.295667 0.004000 0.008000
0 0.740250 0.378000 0.006500 0.029333
0 0.748000 0.395333 0.009000 0.030667
0 0.700500 0.280667 0.003000 0.014667
0 0.708000 0.280667 0.003000 0.012667
0 0.701500 0.282000 0.003000 0.012000
0 0.705250 0.282333 0.004500 0.012667
0 0.841250 0.260000 0.003500 0.005333
0 0.300250 0.308667 0.006500 0.012000
0 0.374250 0.277000 0.004500 0.004000
0 0.993000 0.301000 0.004000 0.014000
0 0.857500 0.482667 0.004000 0.038667
0 0.366750 0.750667 0.022500 0.071333
0 0.348000 0.550333 0.011000 0.044000
