0 0.203204 0.481429 0.030714 0.058095
0 0.446786 0.589524 0.030704 0.064762
0 0.505704 0.633810 0.017143 0.073333
0 0.606070 0.503810 0.015000 0.051429
0 0.583204 0.516190 0.013571 0.059048
0 0.604286 0.483333 0.007143 0.052381
0 0.585357 0.477043 0.015000 0.057143
0 0.650357 0.520476 0.017857 0.050476
0 0.682143 0.612857 0.022857 0.063810
0 0.890714 0.744762 0.041429 0.070476
0 0.472500 0.428095 0.010714 0.042857
0 0.561786 0.499048 0.019286 0.047619
0 0.373571 0.290476 0.012857 0.026667
0 0.407857 0.319048 0.008571 0.028571
0 0.396071 0.313810 0.009286 0.023810
0 0.370714 0.269048 0.008571 0.020000
0 0.331429 0.228095 0.005714 0.012381
0 0.312857 0.185714 0.004286 0.009524
0 0.315000 0.174762 0.004286 0.010476
0 0.307500 0.177143 0.003571 0.007619
0 0.542043 0.435714 0.012857 0.048571
0 0.540071 0.470952 0.012143 0.050476
0 0.546429 0.470476 0.008570 0.034286
0 0.566070 0.460952 0.012143 0.045714
0 0.565357 0.447043 0.010714 0.046667
0 0.574286 0.448570 0.007143 0.045714
0 0.463570 0.375238 0.011429 0.040000
0 0.455000 0.373333 0.001429 0.038095
0 0.392043 0.350476 0.012857 0.032381
0 0.399286 0.347609 0.012857 0.034286
0 0.406070 0.343810 0.009286 0.036190
0 0.388204 0.319524 0.010714 0.033333
0 0.373571 0.334762 0.012857 0.029524
0 0.370714 0.329524 0.012857 0.026667
0 0.397857 0.292380 0.010000 0.026667
0 0.350429 0.290000 0.008571 0.029524
0 0.356786 0.287609 0.006429 0.026667
0 0.382500 0.262380 0.005000 0.023810
0 0.378571 0.267619 0.007143 0.017143
0 0.337500 0.247043 0.007857 0.020000
0 0.326429 0.247143 0.008571 0.016190
0 0.306786 0.225714 0.006429 0.019048
0 0.320000 0.220952 0.005704 0.019048
0 0.330357 0.220905 0.005000 0.019048
0 0.342500 0.224286 0.006429 0.020000
0 0.346786 0.224762 0.006429 0.009048
0 0.356429 0.234286 0.007043 0.017143
0 0.358929 0.230429 0.005000 0.019048
0 0.355704 0.219524 0.004286 0.018095
0 0.346429 0.204286 0.005704 0.016190
0 0.307500 0.095714 0.006429 0.016190
0 0.343570 0.220952 0.005714 0.020952
0 0.320704 0.177619 0.004286 0.012381
0 0.308929 0.067619 0.003571 0.009524
0 0.306429 0.060952 0.004286 0.009524
0 0.290704 0.154762 0.002857 0.008571
0 0.288929 0.055238 0.003571 0.009524
0 0.256429 0.057143 0.004286 0.011429
0 0.290071 0.181429 0.002143 0.010476
0 0.287043 0.181905 0.002857 0.011429
0 0.296786 0.060476 0.002143 0.008571
0 0.297857 0.060000 0.002857 0.009524
0 0.322857 0.254286 0.007043 0.020952
0 0.432857 0.267619 0.004286 0.019048
0 0.528571 0.312381 0.010000 0.019048
0 0.802500 0.257143 0.009286 0.030476
0 0.787500 0.269524 0.007857 0.024762
0 0.770071 0.273333 0.009286 0.026667
0 0.795714 0.300952 0.011429 0.019048
0 0.705000 0.225704 0.004286 0.019048
0 0.926070 0.273333 0.005000 0.022857
0 0.656071 0.233333 0.005000 0.015238
0 0.579286 0.213333 0.004286 0.011429
0 0.609643 0.202380 0.003571 0.016190
0 0.602143 0.200000 0.004286 0.013333
0 0.587043 0.195714 0.004286 0.012381
0 0.567043 0.196190 0.002857 0.013333
0 0.498571 0.169524 0.001429 0.007619
