0 0.394286 0.709048 0.000000 0.020000
0 0.555357 0.399524 0.007857 0.020000
0 0.464643 0.395238 0.006429 0.024762
0 0.457500 0.394286 0.006429 0.024762
0 0.448204 0.392381 0.007857 0.024762
0 0.443204 0.389524 0.007857 0.024762
0 0.436429 0.392380 0.008571 0.024762
0 0.564286 0.364762 0.007043 0.026667
0 0.563570 0.308571 0.007143 0.022857
0 0.542500 0.224286 0.006429 0.020000
0 0.550786 0.225714 0.007857 0.020952
0 0.571071 0.203333 0.005000 0.010476
0 0.505000 0.049524 0.005714 0.017143
0 0.505357 0.004762 0.003571 0.015238
0 0.486786 0.101429 0.003571 0.014286
0 0.468570 0.086190 0.004286 0.014286
0 0.432500 0.074286 0.003570 0.013333
0 0.422500 0.064762 0.003570 0.011429
0 0.398570 0.072857 0.005714 0.012381
0 0.388570 0.074762 0.004286 0.012381
0 0.337857 0.080000 0.005704 0.013333
0 0.333929 0.079524 0.005000 0.002381
0 0.326786 0.080952 0.005000 0.001429
0 0.323929 0.080429 0.003571 0.010476
0 0.409286 0.037619 0.004286 0.010476
0 0.402500 0.038095 0.003571 0.009524
0 0.460429 0.083810 0.005714 0.013333
0 0.553570 0.175238 0.005714 0.019048
0 0.559286 0.075238 0.004286 0.017143
0 0.563204 0.033333 0.003571 0.011429
0 0.589286 0.033800 0.004286 0.010476
0 0.806786 0.376667 0.002143 0.021905
