0 0.272500 0.126190 0.005000 0.018095
0 0.376786 0.037619 0.007857 0.021905
0 0.620357 0.044286 0.003571 0.020000
0 0.004286 0.209048 0.008571 0.028571
0 0.014643 0.228095 0.010714 0.027619
0 0.054643 0.290952 0.010714 0.035238
0 0.042500 0.512381 0.020714 0.049524
0 0.070000 0.754286 0.025714 0.059048
0 0.602500 0.978095 0.036429 0.043810
0 0.633204 0.972857 0.019286 0.054286
0 0.656071 0.771905 0.026429 0.061905
0 0.729286 0.358095 0.001429 0.032381
0 0.736786 0.330952 0.009286 0.027609
0 0.929643 0.114286 0.006429 0.013333
0 0.937857 0.100952 0.005714 0.017143
0 0.987500 0.292380 0.013571 0.030476
0 0.871786 0.213810 0.007857 0.023810
0 0.703571 0.084762 0.004286 0.013333
0 0.502857 0.293810 0.014286 0.037143
0 0.483929 0.302857 0.007857 0.038095
0 0.476786 0.285238 0.007857 0.035238
0 0.424643 0.298571 0.016429 0.029524
0 0.333929 0.300476 0.019286 0.029524
0 0.328571 0.288571 0.015714 0.032381
0 0.300429 0.272857 0.012857 0.035238
0 0.228214 0.292381 0.012143 0.032381
0 0.382500 0.427609 0.012143 0.041905
0 0.422043 0.435238 0.010000 0.040000
0 0.250786 0.763810 0.025000 0.062857
0 0.747043 0.676190 0.018571 0.062857
0 0.766070 0.679048 0.016429 0.064762
