0 0.018214 0.574762 0.016429 0.023810
0 0.021071 0.513333 0.023571 0.036190
0 0.323204 0.096190 0.012143 0.028571
0 0.962500 0.579524 0.009286 0.031429
0 0.959643 0.664762 0.022043 0.024762
0 0.988204 0.704762 0.022143 0.022857
0 0.293570 0.186667 0.011429 0.032381
0 0.223570 0.309048 0.015714 0.023810
0 0.207857 0.302857 0.015714 0.028571
0 0.205357 0.010952 0.015000 0.029524
0 0.126786 0.636190 0.019286 0.019048
0 0.200714 0.324762 0.010000 0.015238
0 0.200357 0.313333 0.015000 0.013333
0 0.468204 0.987143 0.019286 0.020000
0 0.468929 0.969048 0.007857 0.020000
0 0.920000 0.495704 0.017143 0.029524
0 0.979286 0.815238 0.015714 0.026667
