0 0.342857 0.804762 0.005714 0.012381
0 0.309286 0.800000 0.004286 0.010476
0 0.304643 0.710476 0.003571 0.007619
0 0.307143 0.709048 0.002857 0.008571
0 0.350357 0.693333 0.003570 0.005714
0 0.346786 0.692857 0.002043 0.006667
0 0.345000 0.695238 0.002857 0.005704
0 0.403929 0.678571 0.002143 0.006667
0 0.405714 0.681905 0.002857 0.007619
0 0.452500 0.673333 0.003570 0.007619
0 0.474643 0.656090 0.002143 0.007619
0 0.477500 0.653800 0.002143 0.006667
0 0.533204 0.567619 0.002143 0.007619
0 0.535357 0.569048 0.002043 0.006667
0 0.556070 0.527619 0.002143 0.005714
0 0.557500 0.528570 0.002143 0.005714
0 0.560071 0.526190 0.002143 0.006667
0 0.596070 0.461429 0.002143 0.006667
0 0.598929 0.462380 0.002143 0.006667
0 0.600071 0.456190 0.002143 0.007619
0 0.603929 0.457043 0.002143 0.007619
0 0.606429 0.455704 0.002857 0.006667
0 0.608571 0.435714 0.002857 0.006667
0 0.620786 0.437143 0.002143 0.005714
0 0.629286 0.422380 0.001429 0.006667
0 0.630704 0.423333 0.002857 0.006667
0 0.640357 0.394286 0.002043 0.005714
0 0.645000 0.395238 0.002857 0.007609
0 0.646786 0.396090 0.002143 0.007619
