0 0.068214 0.815238 0.026429 0.019048
0 0.363929 0.802857 0.017857 0.020000
0 0.730071 0.655238 0.019286 0.015238
0 0.725000 0.642857 0.008571 0.020952
0 0.700000 0.635714 0.014286 0.018095
0 0.587500 0.507143 0.013571 0.024762
0 0.508929 0.538571 0.009286 0.020000
0 0.629643 0.434762 0.003571 0.021905
0 0.670071 0.436190 0.015000 0.019048
0 0.580429 0.300952 0.010000 0.022857
0 0.604643 0.300000 0.010714 0.025714
0 0.605357 0.367043 0.010714 0.023810
0 0.602500 0.328570 0.015000 0.022857
0 0.630786 0.406190 0.015000 0.021905
0 0.693204 0.395238 0.016429 0.019048
0 0.738929 0.358095 0.003571 0.019048
0 0.728570 0.350952 0.018571 0.023810
0 0.702500 0.348571 0.015000 0.022857
0 0.656786 0.408095 0.016429 0.022857
0 0.651786 0.439524 0.019286 0.027619
0 0.562043 0.322857 0.011429 0.028571
0 0.457500 0.424762 0.002143 0.022857
0 0.502857 0.439524 0.011429 0.018095
0 0.528929 0.470905 0.012143 0.020000
0 0.536429 0.469048 0.005704 0.014286
0 0.520071 0.452381 0.015000 0.020952
0 0.888570 0.977143 0.018571 0.020952
0 0.928929 0.954286 0.022043 0.028571
