0 0.397043 0.859048 0.010000 0.015238
0 0.406071 0.854286 0.010714 0.015238
0 0.393929 0.654286 0.002143 0.015238
0 0.422143 0.555714 0.010000 0.018095
0 0.343570 0.639524 0.010000 0.012381
0 0.320071 0.595714 0.010714 0.010476
0 0.332043 0.578571 0.014286 0.012381
0 0.357500 0.433800 0.010714 0.010476
0 0.350704 0.389048 0.011429 0.008571
0 0.404643 0.308571 0.009286 0.012381
0 0.488570 0.349048 0.010000 0.010476
0 0.494286 0.423800 0.008571 0.009524
0 0.480000 0.437609 0.010000 0.014286
0 0.355704 0.187619 0.010000 0.015238
0 0.398204 0.191905 0.010714 0.018095
0 0.401786 0.152381 0.012143 0.020952
0 0.345704 0.109524 0.007143 0.015238
0 0.342500 0.005714 0.007857 0.023810
0 0.354286 0.025704 0.010000 0.019048
0 0.503570 0.100952 0.008571 0.024762
0 0.507857 0.470000 0.010000 0.014286
0 0.522143 0.462857 0.010000 0.011429
0 0.520714 0.512857 0.012857 0.012381
0 0.526071 0.547143 0.009286 0.010476
