0 0.307043 0.441429 0.011429 0.010476
0 0.287043 0.441429 0.012857 0.014286
0 0.320429 0.391429 0.007143 0.013333
0 0.400071 0.540000 0.009286 0.017143
0 0.372857 0.722380 0.007143 0.010476
0 0.383929 0.689524 0.007857 0.003333
0 0.344286 0.828570 0.008571 0.013333
0 0.377500 0.559524 0.006429 0.000476
0 0.368570 0.553333 0.010000 0.009524
0 0.490357 0.435704 0.007857 0.010476
0 0.418571 0.904762 0.008571 0.017143
0 0.370000 0.899048 0.008571 0.015238
0 0.441071 0.879048 0.006429 0.015238
0 0.434643 0.710476 0.007857 0.017143
0 0.437143 0.826667 0.007143 0.015238
0 0.433214 0.558095 0.007857 0.013333
0 0.442143 0.346667 0.008571 0.019048
0 0.405714 0.139048 0.010000 0.017143
0 0.452857 0.163810 0.007143 0.019048
