0 0.081420 0.395640 0.009395 0.017625
0 0.103601 0.368275 0.007829 0.014842
0 0.094990 0.371985 0.008351 0.016698
0 0.085856 0.369666 0.008873 0.017625
0 0.450461 0.678108 0.005219 0.016698
0 0.462422 0.663265 0.007307 0.027829
0 0.461900 0.660482 0.006263 0.011132
0 0.486952 0.676706 0.007307 0.028757
0 0.484864 0.671614 0.005219 0.014842
0 0.480689 0.703054 0.006263 0.025974
0 0.460856 0.688312 0.005219 0.016698
0 0.464248 0.691558 0.005741 0.021336
0 0.469207 0.669759 0.006263 0.014842
0 0.473382 0.674397 0.008351 0.012987
0 0.473382 0.694341 0.008351 0.021336
