0 0.025000 0.038570 0.018571 0.029524
0 0.033214 0.368095 0.016429 0.023810
0 0.043214 0.371905 0.010714 0.014286
0 0.022500 0.600952 0.019286 0.020952
0 0.049286 0.723333 0.030000 0.000476
0 0.443929 0.690000 0.007857 0.021905
0 0.367857 0.500952 0.000000 0.024762
0 0.366070 0.487619 0.009286 0.020952
0 0.766070 0.973333 0.017857 0.017143
0 0.706429 0.820952 0.012857 0.017143
0 0.737043 0.785714 0.010000 0.017143
0 0.708214 0.614762 0.012143 0.018095
0 0.833204 0.467143 0.016429 0.018095
0 0.837500 0.483333 0.006429 0.023810
0 0.847857 0.473333 0.001429 0.028571
0 0.883204 0.486667 0.019286 0.020952
0 0.871429 0.456667 0.024286 0.027619
0 0.976786 0.356667 0.022043 0.023810
0 0.902043 0.378095 0.017143 0.022857
0 0.947043 0.390952 0.020000 0.021905
0 0.928929 0.406090 0.017857 0.023810
0 0.882143 0.043810 0.010000 0.024762
