0 0.404286 0.248571 0.004286 0.009524
0 0.403571 0.241905 0.004286 0.007619
0 0.408214 0.231905 0.005000 0.010476
0 0.422857 0.227609 0.004286 0.009524
0 0.420786 0.223333 0.003571 0.010476
0 0.420071 0.220000 0.003571 0.011429
0 0.308570 0.270952 0.004286 0.008571
0 0.300714 0.269048 0.004286 0.008571
0 0.298929 0.250429 0.005000 0.009524
0 0.296786 0.255704 0.003571 0.008571
0 0.290704 0.251429 0.004286 0.007619
0 0.288204 0.249048 0.003571 0.010476
0 0.680357 0.023800 0.005000 0.013333
0 0.699643 0.028095 0.003570 0.008571
0 0.703929 0.025704 0.003571 0.013333
0 0.706429 0.023333 0.004286 0.002381
