0 0.472500 0.656090 0.007857 0.025381
0 0.383570 0.517766 0.007143 0.025381
0 0.379286 0.502690 0.005714 0.025381
0 0.680000 0.668782 0.007043 0.035533
0 0.593204 0.449239 0.007857 0.022843
0 0.600786 0.428934 0.006429 0.025381
0 0.601071 0.444797 0.006429 0.024112
0 0.607500 0.437183 0.005000 0.026650
0 0.626070 0.427665 0.005000 0.030457
0 0.627043 0.461294 0.005714 0.026650
0 0.633204 0.461294 0.005000 0.024112
0 0.550704 0.348985 0.005714 0.020305
0 0.537857 0.352792 0.005704 0.017766
0 0.532043 0.353426 0.004286 0.016497
0 0.008570 0.443528 0.008571 0.026650
0 0.005000 0.439720 0.005714 0.021574
0 0.047143 0.269670 0.005714 0.016497
0 0.042500 0.266497 0.005000 0.017766
0 0.038214 0.262690 0.003571 0.015228
0 0.051429 0.241117 0.005714 0.015228
0 0.053214 0.238579 0.005000 0.017766
0 0.056071 0.237310 0.005000 0.015228
0 0.083214 0.208122 0.005000 0.017766
0 0.098571 0.194162 0.004286 0.017766
0 0.067043 0.357234 0.004286 0.019036
0 0.236786 0.045305 0.003571 0.013959
0 0.220071 0.156726 0.003571 0.013959
0 0.294286 0.075508 0.002857 0.001421
0 0.282857 0.093909 0.002857 0.002690
