0 0.280429 0.647143 0.008571 0.023810
0 0.283204 0.728095 0.012143 0.027619
0 0.309286 0.770952 0.011429 0.027619
0 0.325000 0.864286 0.000000 0.027619
0 0.333570 0.838571 0.011429 0.021905
0 0.339643 0.783800 0.012143 0.028571
0 0.237857 0.397609 0.005714 0.012381
0 0.240429 0.395238 0.005714 0.013333
0 0.248204 0.455238 0.006429 0.015238
0 0.270429 0.387143 0.005714 0.014286
0 0.276429 0.389048 0.005704 0.012381
0 0.325714 0.506667 0.005714 0.011429
0 0.346786 0.560476 0.006429 0.018095
0 0.371429 0.559048 0.008571 0.017143
0 0.360000 0.782857 0.010000 0.024762
0 0.360357 0.683800 0.007857 0.022857
0 0.800000 0.794762 0.001429 0.031429
0 0.787857 0.794286 0.001429 0.020952
0 0.752500 0.728095 0.002143 0.025714
0 0.629286 0.543800 0.008571 0.019048
0 0.626429 0.538095 0.007043 0.019048
0 0.623929 0.534762 0.009286 0.020000
0 0.658204 0.372857 0.005000 0.010476
0 0.590357 0.591905 0.007857 0.020000
0 0.474286 0.360000 0.004286 0.005238
0 0.480429 0.351429 0.005714 0.013333
0 0.462043 0.353810 0.004286 0.012381
0 0.502500 0.406667 0.005000 0.017143
0 0.533570 0.403810 0.005714 0.017143
0 0.402500 0.311429 0.003571 0.011429
