0 0.327043 0.294762 0.004286 0.012381
0 0.335000 0.290905 0.004286 0.012381
0 0.340786 0.289524 0.003571 0.011429
0 0.356070 0.301429 0.003571 0.014286
0 0.350704 0.301429 0.002857 0.014286
0 0.270071 0.357143 0.003571 0.015238
0 0.260786 0.349048 0.003571 0.010476
0 0.252043 0.340952 0.004286 0.011429
0 0.302143 0.382857 0.004286 0.015238
0 0.308570 0.361905 0.004286 0.015238
0 0.265704 0.312381 0.002857 0.011429
0 0.298204 0.420952 0.003571 0.011429
0 0.262043 0.516667 0.004286 0.014286
0 0.268570 0.512857 0.002857 0.014286
0 0.275704 0.501429 0.004286 0.014286
0 0.286429 0.468570 0.002857 0.013333
0 0.250071 0.501905 0.003571 0.013333
0 0.401071 0.095714 0.002143 0.004762
0 0.386070 0.126190 0.002143 0.006667
0 0.387500 0.037619 0.002143 0.006667
0 0.390429 0.138095 0.001429 0.005714
0 0.390429 0.144762 0.001429 0.003810
0 0.377043 0.167619 0.001429 0.007619
0 0.372500 0.065238 0.002143 0.008571
0 0.414286 0.233333 0.002857 0.005714
0 0.406429 0.236667 0.004286 0.006667
0 0.533929 0.240952 0.002043 0.007619
0 0.533929 0.086090 0.002143 0.004762
0 0.544286 0.005238 0.001429 0.006667
0 0.640357 0.402857 0.003570 0.013333
0 0.635357 0.402380 0.003571 0.012381
0 0.630704 0.382381 0.002857 0.014286
0 0.624643 0.383800 0.003571 0.011429
0 0.592043 0.254286 0.002857 0.011429
0 0.565000 0.043810 0.002857 0.007619
0 0.560357 0.150000 0.002143 0.006667
0 0.670000 0.286190 0.007143 0.010476
0 0.747500 0.209524 0.002143 0.006667
0 0.701071 0.303333 0.003571 0.010476
0 0.724286 0.258095 0.002857 0.007609
0 0.680429 0.444286 0.005714 0.018095
0 0.656429 0.442857 0.005704 0.015238
0 0.796070 0.849048 0.007857 0.033333
0 0.808204 0.849048 0.006429 0.033333
0 0.832043 0.852857 0.008571 0.025714
0 0.796429 0.796090 0.005714 0.019048
0 0.787500 0.793333 0.006429 0.020952
0 0.801429 0.735238 0.007143 0.024762
0 0.802857 0.740000 0.005704 0.024762
0 0.767857 0.742380 0.007143 0.018095
0 0.796070 0.493333 0.003571 0.009524
0 0.820357 0.259048 0.002043 0.009524
0 0.867500 0.258570 0.002143 0.006667
0 0.862500 0.643800 0.006429 0.028571
0 0.882500 0.205238 0.002143 0.009524
