0 0.061786 0.901650 0.010714 0.024112
0 0.010000 0.964467 0.014286 0.027919
0 0.274286 0.697335 0.000000 0.029188
0 0.297857 0.500904 0.005714 0.029188
0 0.300000 0.490751 0.007143 0.029188
0 0.308929 0.347706 0.007857 0.022843
0 0.288570 0.355330 0.007143 0.027919
0 0.031429 0.295051 0.005714 0.019036
0 0.406429 0.187183 0.005714 0.026650
0 0.304643 0.046954 0.005000 0.022843
0 0.442500 0.033883 0.006429 0.024112
0 0.520704 0.123731 0.005714 0.024112
0 0.031071 0.288706 0.006429 0.021574
0 0.242857 0.262056 0.005704 0.021574
0 0.280000 0.356599 0.005704 0.025381
0 0.568204 0.194797 0.005000 0.026650
0 0.700429 0.217640 0.004286 0.021574
0 0.703929 0.205102 0.005000 0.021574
0 0.768570 0.774746 0.010000 0.031726
0 0.806429 0.957487 0.012857 0.034264
0 0.788570 0.779188 0.010000 0.038071
0 0.775357 0.775380 0.009286 0.022843
0 0.274286 0.692893 0.007043 0.015228
