0 0.656750 0.123000 0.006500 0.014000
0 0.558250 0.097667 0.004500 0.009333
0 0.537750 0.002333 0.006500 0.016667
0 0.524000 0.090333 0.005000 0.015333
0 0.500750 0.075333 0.003500 0.006000
0 0.507250 0.085000 0.004500 0.011333
0 0.483000 0.044000 0.006000 0.021333
0 0.530500 0.035667 0.005000 0.023333
0 0.540000 0.038000 0.006000 0.022667
0 0.545250 0.037000 0.005500 0.023333
0 0.552500 0.076667 0.006000 0.025333
0 0.492000 0.081000 0.007000 0.024667
0 0.532500 0.186000 0.007000 0.021333
0 0.534750 0.204000 0.007500 0.014667
0 0.556250 0.230667 0.006500 0.025333
0 0.498750 0.205000 0.008500 0.024667
0 0.509250 0.202333 0.007500 0.023333
0 0.539750 0.278333 0.008500 0.032667
0 0.540250 0.268667 0.008500 0.033333
0 0.554000 0.275333 0.008000 0.030667
0 0.563750 0.260667 0.006500 0.026000
0 0.489750 0.642000 0.019500 0.046667
0 0.530000 0.428000 0.013000 0.046667
0 0.542000 0.444000 0.000000 0.041333
0 0.555000 0.447333 0.000000 0.042667
0 0.608750 0.470667 0.004500 0.024000
0 0.623500 0.590333 0.017000 0.028667
0 0.560000 0.779333 0.017000 0.038667
0 0.570500 0.819333 0.017000 0.049333
0 0.700250 0.979333 0.028500 0.041333
0 0.403000 0.960333 0.022000 0.060667
0 0.473250 0.983333 0.025500 0.033333
0 0.569250 0.046667 0.005500 0.025333
0 0.574250 0.058000 0.006500 0.026667
