0 0.252250 0.840000 0.000500 0.024000
0 0.262750 0.793333 0.008500 0.007333
0 0.307500 0.809667 0.008000 0.019333
0 0.332000 0.748667 0.009000 0.007333
0 0.376250 0.748000 0.007500 0.020000
0 0.396250 0.765000 0.008500 0.023333
0 0.387500 0.791333 0.009000 0.017333
0 0.488500 0.666333 0.005000 0.009333
0 0.483250 0.527000 0.004500 0.006667
0 0.445250 0.272333 0.002500 0.007333
0 0.453000 0.234667 0.002000 0.009333
0 0.473000 0.220667 0.002000 0.009333
0 0.507500 0.206667 0.002000 0.009333
0 0.404500 0.091667 0.003000 0.008667
0 0.408750 0.092667 0.002500 0.009333
0 0.434750 0.186000 0.002500 0.005333
0 0.420750 0.086667 0.001500 0.009333
0 0.454250 0.030333 0.001500 0.007333
0 0.455000 0.027333 0.001000 0.006667
0 0.478500 0.142667 0.002000 0.006667
0 0.354000 0.233667 0.003000 0.000000
0 0.340250 0.234667 0.002500 0.009333
0 0.204500 0.208000 0.003000 0.009333
0 0.248500 0.026333 0.003000 0.006000
0 0.262000 0.036000 0.002000 0.006667
0 0.234750 0.004000 0.002500 0.005333
0 0.085750 0.252000 0.003500 0.010667
0 0.082250 0.256667 0.003500 0.009333
0 0.967250 0.937333 0.004500 0.018667
0 0.962750 0.895667 0.001500 0.020667
0 0.956250 0.901667 0.010500 0.011333
0 0.875000 0.726333 0.009000 0.020667
0 0.867750 0.662333 0.009500 0.008000
0 0.875000 0.679000 0.012000 0.011333
0 0.885750 0.660667 0.009500 0.015333
0 0.890750 0.626000 0.008500 0.007333
0 0.902500 0.651333 0.009000 0.017333
0 0.934000 0.642000 0.001000 0.014667
0 0.946250 0.662333 0.011500 0.011333
0 0.904000 0.610333 0.007000 0.008667
0 0.907250 0.611667 0.006500 0.010000
0 0.746500 0.475333 0.005000 0.009333
0 0.086250 0.348333 0.005500 0.002667
0 0.166500 0.264333 0.003000 0.006000
0 0.043500 0.099000 0.004000 0.010000
0 0.304000 0.472333 0.005000 0.006000
0 0.290500 0.473667 0.005000 0.010000
0 0.202000 0.499667 0.006000 0.018000
0 0.301750 0.459000 0.002500 0.008667
0 0.020500 0.651667 0.009000 0.016667
0 0.009250 0.648000 0.001500 0.021333
