0 0.403929 0.900000 0.000714 0.024762
0 0.490704 0.890952 0.010000 0.016190
0 0.515357 0.873810 0.009286 0.010476
0 0.530000 0.866667 0.010000 0.013333
0 0.526786 0.915238 0.012143 0.011429
0 0.324643 0.972857 0.005000 0.023810
0 0.382500 0.852381 0.012143 0.009524
0 0.405000 0.829048 0.002857 0.023810
0 0.407500 0.800952 0.010714 0.020952
0 0.366070 0.782857 0.010714 0.015238
0 0.407500 0.704286 0.010714 0.018095
0 0.503570 0.829048 0.010000 0.012381
0 0.524643 0.766667 0.007857 0.005238
0 0.530429 0.773810 0.007143 0.012381
0 0.375704 0.582857 0.008571 0.017143
0 0.385357 0.590000 0.009286 0.002381
0 0.386429 0.539048 0.000000 0.015238
0 0.379286 0.464286 0.000000 0.012381
0 0.377500 0.405714 0.009286 0.012381
0 0.393204 0.414762 0.010714 0.014286
0 0.377857 0.384762 0.001429 0.011429
0 0.453570 0.381429 0.010000 0.012381
0 0.442500 0.338095 0.000714 0.011429
0 0.570429 0.330952 0.010000 0.012381
0 0.544286 0.297609 0.008571 0.014286
0 0.394286 0.227043 0.008571 0.018095
0 0.405704 0.168571 0.008571 0.013333
0 0.556070 0.159048 0.009286 0.019048
0 0.406786 0.017143 0.010714 0.013333
0 0.404643 0.030000 0.010714 0.023810
0 0.425000 0.040952 0.008570 0.020952
0 0.432857 0.047043 0.007143 0.021905
0 0.466786 0.005238 0.009286 0.000476
