0 0.728929 0.079524 0.003571 0.010476
0 0.742043 0.375714 0.008571 0.021905
0 0.778204 0.391429 0.007857 0.020952
0 0.790000 0.440952 0.000000 0.020952
0 0.688204 0.342381 0.006429 0.020000
0 0.700786 0.326667 0.005000 0.019048
0 0.682043 0.334762 0.005714 0.018095
0 0.436786 0.322857 0.005000 0.020952
0 0.674286 0.300000 0.005714 0.015238
0 0.675000 0.624762 0.012857 0.032381
0 0.204643 0.560000 0.010714 0.032381
0 0.307857 0.776667 0.021429 0.035238
0 0.926429 0.436667 0.001429 0.025714
0 0.069643 0.264286 0.007857 0.016190
