0 0.790405 0.481870 0.012876 0.053435
0 0.693848 0.668893 0.027082 0.076336
0 0.894492 0.820565 0.049356 0.093511
0 0.020386 0.849237 0.040773 0.095420
0 0.099571 0.683683 0.024320 0.073473
0 0.083690 0.514313 0.018598 0.051527
0 0.077396 0.491412 0.018598 0.049618
0 0.069528 0.416508 0.015737 0.041031
0 0.755007 0.643130 0.025036 0.057252
0 0.944920 0.951813 0.045780 0.079198
0 0.980044 0.947042 0.036481 0.083015
0 0.933476 0.385496 0.002876 0.045802
0 0.483090 0.585401 0.026466 0.063931
0 0.860946 0.411260 0.011445 0.040076
0 0.852647 0.406489 0.005737 0.045802
0 0.702790 0.364027 0.009299 0.046756
0 0.624006 0.255248 0.005007 0.020038
0 0.395565 0.275763 0.004292 0.020992
0 0.200359 0.321088 0.015021 0.027672
0 0.054506 0.426527 0.018598 0.040076
0 0.253934 0.505267 0.011445 0.045802
0 0.229256 0.495706 0.019313 0.035305
0 0.241059 0.494275 0.024320 0.043893
0 0.455651 0.299141 0.007153 0.018130
0 0.244278 0.274332 0.007868 0.020038
0 0.260803 0.277672 0.007153 0.019084
0 0.255722 0.278049 0.006438 0.021947
0 0.260372 0.224237 0.005722 0.003359
0 0.245350 0.242366 0.005722 0.013359
0 0.250431 0.216603 0.006438 0.013359
0 0.318312 0.249046 0.004292 0.011450
