0 0.675000 0.758095 0.032857 0.032381
0 0.058204 0.625238 0.032143 0.035238
0 0.300786 0.025714 0.013571 0.040000
0 0.276429 0.039524 0.004286 0.046667
0 0.287500 0.035238 0.005000 0.038095
0 0.286429 0.022380 0.011429 0.040952
0 0.662500 0.478095 0.007857 0.036190
0 0.322500 0.262381 0.023571 0.037143
0 0.288570 0.225238 0.021429 0.042857
0 0.266429 0.230476 0.007143 0.038095
0 0.256070 0.220952 0.013571 0.034286
0 0.290357 0.202857 0.003571 0.036190
0 0.274643 0.223800 0.019286 0.041905
0 0.273204 0.200952 0.019286 0.034286
0 0.260000 0.203333 0.004286 0.035238
0 0.979286 0.698570 0.035714 0.025714
0 0.640000 0.475238 0.004286 0.034286
0 0.637043 0.299524 0.014286 0.046667
0 0.586786 0.505704 0.017857 0.030476
0 0.615714 0.308571 0.018571 0.034286
0 0.613214 0.334286 0.016429 0.026667
0 0.615357 0.407619 0.020714 0.024762
0 0.620000 0.438095 0.017143 0.030476
0 0.613214 0.469524 0.017857 0.032381
0 0.598929 0.509524 0.017857 0.024762
0 0.617143 0.600476 0.021429 0.027619
