0 0.373500 0.494000 0.004000 0.007333
0 0.368000 0.499667 0.004000 0.001333
0 0.760250 0.436000 0.004500 0.004667
0 0.752500 0.438333 0.004000 0.005333
0 0.736000 0.387333 0.003000 0.000667
0 0.705250 0.427000 0.003500 0.004000
0 0.702500 0.420333 0.003000 0.012667
0 0.707500 0.425333 0.003000 0.014667
0 0.709750 0.437000 0.005500 0.011333
0 0.852500 0.430000 0.004000 0.015333
0 0.907250 0.430667 0.003500 0.012667
0 0.925250 0.401333 0.004500 0.010667
0 0.930750 0.401667 0.004500 0.011333
0 0.906500 0.413333 0.005000 0.009333
0 0.960000 0.424000 0.006000 0.002000
0 0.966250 0.425667 0.004500 0.000000
0 0.985500 0.424000 0.005000 0.003333
0 0.970750 0.417000 0.004500 0.010000
0 0.980500 0.411333 0.004000 0.012000
0 0.996500 0.420667 0.005000 0.011333
0 0.720500 0.423333 0.004000 0.000667
0 0.713000 0.429000 0.006000 0.008667
0 0.666750 0.372000 0.002500 0.009333
0 0.672750 0.370667 0.002500 0.010000
0 0.675500 0.373333 0.002000 0.009333
0 0.655250 0.365667 0.002500 0.000000
0 0.680000 0.374000 0.002000 0.008000
0 0.477250 0.378333 0.002500 0.007333
0 0.541000 0.388333 0.003000 0.006000
0 0.531750 0.389667 0.003500 0.004667
0 0.513750 0.384333 0.002500 0.006000
0 0.532250 0.387000 0.003500 0.006000
