0 0.509286 0.582857 0.028570 0.072381
0 0.420786 0.565714 0.036429 0.083810
0 0.362857 0.574762 0.027043 0.088571
0 0.423204 0.518095 0.019286 0.080000
0 0.287857 0.019048 0.010000 0.019048
0 0.288570 0.124762 0.010000 0.022857
0 0.270786 0.107619 0.006429 0.019048
0 0.330704 0.085714 0.011429 0.030476
0 0.255704 0.086190 0.010000 0.027619
0 0.031071 0.160952 0.012143 0.036190
0 0.062043 0.210476 0.017143 0.043810
0 0.007500 0.270905 0.015000 0.048571
0 0.247857 0.050952 0.000000 0.023810
0 0.476786 0.230000 0.005000 0.046667
0 0.303571 0.020952 0.005714 0.015238
0 0.360786 0.025714 0.006429 0.019048
0 0.428929 0.025238 0.005000 0.006190
0 0.301071 0.016667 0.005000 0.012381
0 0.297143 0.017619 0.005714 0.010476
0 0.422857 0.007609 0.004286 0.011429
0 0.405714 0.007619 0.004286 0.011429
0 0.408929 0.007619 0.003571 0.011429
0 0.395000 0.007143 0.004286 0.013333
0 0.347143 0.592857 0.042857 0.071429
0 0.906071 0.599524 0.046429 0.067619
0 0.785704 0.639048 0.042857 0.080000
0 0.763570 0.607143 0.024286 0.088571
0 0.720000 0.582857 0.030429 0.087619
0 0.723204 0.487143 0.025000 0.082857
0 0.748929 0.497609 0.032143 0.079048
0 0.670704 0.647619 0.037143 0.078095
0 0.638929 0.640905 0.030714 0.083810
0 0.665000 0.608571 0.024286 0.079048
0 0.687043 0.580952 0.022857 0.085714
0 0.660071 0.584762 0.023571 0.068571
0 0.928929 0.275238 0.009286 0.051429
0 0.958570 0.234762 0.018571 0.056190
0 0.993570 0.126190 0.012857 0.029524
0 0.954643 0.088095 0.005000 0.027619
0 0.892857 0.055238 0.008570 0.020952
0 0.727500 0.082857 0.009286 0.009048
0 0.695357 0.096667 0.002143 0.027619
0 0.639286 0.220000 0.001429 0.036190
0 0.658570 0.210000 0.012857 0.031429
0 0.658214 0.222857 0.013571 0.024762
0 0.590714 0.243333 0.014286 0.031429
0 0.656070 0.028571 0.006429 0.017143
0 0.680000 0.037043 0.005714 0.015238
0 0.627500 0.020905 0.005000 0.013333
0 0.308929 0.022381 0.003571 0.006667
0 0.320071 0.019048 0.003571 0.009524
0 0.507857 0.040429 0.007143 0.016190
0 0.504286 0.043333 0.005714 0.016190
0 0.504643 0.031905 0.003571 0.014286
0 0.494643 0.044286 0.005000 0.008571
0 0.520071 0.022857 0.003571 0.013333
0 0.503570 0.020476 0.005714 0.016190
0 0.534643 0.036090 0.005000 0.017143
0 0.553570 0.032381 0.005714 0.013333
0 0.533570 0.015714 0.004286 0.014286
0 0.542857 0.032380 0.004286 0.015238
0 0.546429 0.022857 0.004286 0.003333
0 0.341786 0.012857 0.003571 0.006667
0 0.337500 0.013810 0.003571 0.006667
0 0.452143 0.014286 0.004286 0.011429
0 0.550000 0.004762 0.004286 0.012381
0 0.565357 0.008571 0.003571 0.012381
0 0.550786 0.022381 0.003571 0.012381
0 0.539286 0.028095 0.002857 0.006667
