0 0.062500 0.704286 0.023571 0.040952
0 0.077857 0.703333 0.017143 0.037143
0 0.220357 0.608095 0.005000 0.037143
0 0.230786 0.607143 0.017857 0.040952
0 0.273570 0.552381 0.015714 0.047619
0 0.285000 0.549524 0.005714 0.045714
0 0.239286 0.508571 0.018571 0.042857
0 0.262857 0.493800 0.015714 0.040952
0 0.309286 0.457043 0.012857 0.036190
0 0.307500 0.452857 0.010714 0.037143
0 0.320786 0.417619 0.012143 0.035238
0 0.290000 0.408571 0.012857 0.037143
0 0.280429 0.416190 0.012857 0.036190
0 0.272857 0.406190 0.014286 0.038095
0 0.280429 0.404286 0.012857 0.037143
0 0.280071 0.387143 0.010714 0.039048
0 0.292500 0.380905 0.010714 0.040000
0 0.300429 0.388095 0.011429 0.039048
0 0.299286 0.330429 0.011429 0.034286
0 0.309286 0.330905 0.011429 0.035238
0 0.397143 0.329048 0.010000 0.025714
0 0.401071 0.337143 0.009286 0.034286
0 0.407857 0.334762 0.008571 0.033333
0 0.429286 0.340000 0.008570 0.030476
0 0.443570 0.317619 0.007143 0.029524
0 0.450357 0.306667 0.007857 0.031429
0 0.458204 0.315714 0.007857 0.031429
0 0.450000 0.282857 0.007043 0.026667
0 0.448570 0.275714 0.007143 0.025714
0 0.454286 0.276667 0.007043 0.027619
0 0.492500 0.263333 0.007857 0.023800
0 0.504286 0.250476 0.005714 0.020952
0 0.530071 0.246190 0.007857 0.025714
0 0.390786 0.110952 0.005000 0.016190
0 0.383570 0.116190 0.004286 0.017143
0 0.383204 0.110000 0.003571 0.014286
0 0.387857 0.014286 0.005714 0.015238
0 0.379286 0.094286 0.005704 0.015238
0 0.334286 0.072857 0.002857 0.008571
0 0.364286 0.045704 0.004286 0.011429
0 0.367857 0.044286 0.004286 0.002381
0 0.060071 0.042857 0.006429 0.013333
0 0.073929 0.040476 0.006429 0.002381
0 0.005714 0.038571 0.007143 0.014286
0 0.008214 0.042381 0.006429 0.012381
0 0.030704 0.042857 0.008571 0.013333
0 0.004643 0.047043 0.009286 0.012381
0 0.601786 0.229524 0.009286 0.020952
0 0.697500 0.207609 0.009286 0.022857
0 0.708214 0.198095 0.006429 0.022857
0 0.723929 0.099048 0.007857 0.024762
0 0.762500 0.086667 0.007857 0.022857
0 0.770704 0.187143 0.011429 0.025714
