0 0.330429 0.772857 0.010000 0.021905
0 0.092857 0.966190 0.025714 0.018095
0 0.046429 0.900476 0.017143 0.029524
0 0.077043 0.891905 0.017143 0.023810
0 0.333929 0.709524 0.015000 0.026667
0 0.370714 0.624286 0.012857 0.027619
0 0.364643 0.350905 0.005000 0.020000
0 0.406071 0.362381 0.010714 0.018095
0 0.423214 0.344286 0.010714 0.016190
0 0.376429 0.292857 0.008571 0.014286
0 0.383929 0.300905 0.007857 0.019048
0 0.390071 0.300476 0.007857 0.021905
0 0.491786 0.215714 0.006429 0.012381
0 0.810000 0.985238 0.020000 0.029524
0 0.816786 0.860476 0.019286 0.031429
0 0.886429 0.935714 0.022857 0.029524
0 0.882500 0.923810 0.013571 0.024762
0 0.554643 0.565238 0.007857 0.016190
0 0.536786 0.297619 0.006429 0.014286
0 0.534286 0.404762 0.007143 0.013333
0 0.608214 0.317619 0.010714 0.020000
0 0.598929 0.067143 0.005000 0.010476
0 0.928214 0.830476 0.022143 0.032381
0 0.906429 0.747143 0.015714 0.023810
0 0.913929 0.689524 0.013571 0.022857
0 0.817857 0.520476 0.011429 0.020000
0 0.938929 0.517143 0.015000 0.022857
0 0.972500 0.535238 0.005000 0.026667
0 0.934643 0.483800 0.015000 0.024762
0 0.900357 0.433333 0.012143 0.020952
0 0.831071 0.408095 0.010714 0.020000
0 0.729643 0.356190 0.010714 0.017143
0 0.662857 0.275238 0.005714 0.009524
0 0.661429 0.271905 0.007143 0.010476
0 0.740357 0.182857 0.006429 0.013333
0 0.590714 0.039048 0.004286 0.009524
0 0.652857 0.026090 0.004286 0.012381
