0 0.494750 0.054000 0.002500 0.008000
0 0.509000 0.057333 0.002000 0.008000
0 0.506500 0.057333 0.002000 0.008000
0 0.508750 0.063000 0.003500 0.004667
0 0.505250 0.049667 0.002500 0.004667
0 0.502250 0.053667 0.002500 0.007333
0 0.530500 0.083333 0.003000 0.006667
0 0.532000 0.095000 0.003000 0.008667
0 0.506250 0.051333 0.002500 0.008000
0 0.530500 0.060333 0.002000 0.008667
0 0.533750 0.060000 0.002500 0.008000
0 0.565500 0.090333 0.003000 0.013333
0 0.563250 0.082000 0.002500 0.000667
0 0.637500 0.066667 0.007000 0.016000
0 0.657250 0.067000 0.003500 0.016667
0 0.666750 0.047000 0.004500 0.016667
0 0.704250 0.190667 0.005500 0.021333
0 0.708250 0.191333 0.004500 0.018667
0 0.519750 0.547333 0.015500 0.038667
0 0.558000 0.043333 0.002000 0.008000
0 0.443500 0.260333 0.008000 0.027333
0 0.447000 0.300333 0.010000 0.030000
0 0.474750 0.287667 0.001500 0.030000
0 0.479500 0.276667 0.006000 0.028000
0 0.468250 0.273667 0.007500 0.028667
0 0.500000 0.154667 0.005000 0.012000
0 0.399250 0.082667 0.003500 0.000667
0 0.403000 0.080667 0.003000 0.011333
0 0.806000 0.270000 0.009000 0.029333
