0 0.039286 0.347081 0.008571 0.008883
0 0.128214 0.305203 0.006429 0.008883
0 0.150000 0.298858 0.004286 0.008883
0 0.162500 0.297589 0.003571 0.011421
0 0.177500 0.342640 0.003571 0.015228
0 0.129286 0.350888 0.002857 0.013959
0 0.083571 0.367386 0.004286 0.016497
0 0.329643 0.420954 0.003571 0.019036
0 0.360000 0.383883 0.004286 0.009036
0 0.370000 0.388959 0.002857 0.009036
0 0.409286 0.279822 0.004286 0.003959
0 0.494643 0.057360 0.002143 0.010152
0 0.447043 0.476523 0.004286 0.013959
0 0.458204 0.472716 0.003571 0.016497
0 0.589643 0.463832 0.002043 0.016497
0 0.590429 0.463832 0.002857 0.016497
