0 0.047857 0.309524 0.007143 0.018095
0 0.254643 0.313810 0.006429 0.008571
0 0.309643 0.282857 0.005000 0.013333
0 0.560000 0.325238 0.004286 0.010476
0 0.580357 0.336190 0.003571 0.005714
0 0.593929 0.350952 0.003571 0.008571
0 0.578214 0.348095 0.005000 0.008571
0 0.566071 0.358095 0.003571 0.009524
0 0.389286 0.260952 0.004286 0.007619
0 0.551071 0.256190 0.003571 0.005714
0 0.543571 0.240000 0.004286 0.007619
0 0.536429 0.234286 0.002857 0.005714
0 0.524286 0.181429 0.002857 0.006667
0 0.532500 0.182381 0.003571 0.006667
0 0.299643 0.275704 0.005000 0.010476
0 0.460786 0.187619 0.003571 0.007619
0 0.522143 0.162857 0.002857 0.003810
0 0.640000 0.307619 0.002857 0.008571
0 0.636429 0.307619 0.002857 0.010476
0 0.630000 0.307143 0.002857 0.011429
0 0.628204 0.319048 0.003571 0.011429
0 0.602857 0.285704 0.002857 0.007619
0 0.609643 0.287043 0.002143 0.008571
