0 0.260786 0.013333 0.012143 0.026667
0 0.238570 0.007619 0.005714 0.015238
0 0.233929 0.007609 0.007857 0.015238
0 0.276429 0.007609 0.008571 0.015238
0 0.863929 0.392381 0.010714 0.017143
0 0.858214 0.383810 0.016429 0.015238
0 0.227500 0.005238 0.010714 0.027619
0 0.240071 0.112381 0.013571 0.028571
0 0.208214 0.277143 0.006429 0.019048
0 0.005000 0.082857 0.011429 0.019048
0 0.292500 0.020905 0.010714 0.032381
0 0.330000 0.030476 0.000000 0.026667
0 0.342857 0.025704 0.007143 0.020952
0 0.337043 0.023333 0.005714 0.025714
0 0.323204 0.164762 0.007857 0.028571
0 0.306429 0.164762 0.008571 0.022857
0 0.307857 0.152381 0.010000 0.024762
0 0.302043 0.251429 0.010000 0.028571
0 0.223929 0.320952 0.006429 0.026667
0 0.209286 0.270429 0.014286 0.022857
0 0.082500 0.057619 0.010714 0.023810
0 0.090357 0.043810 0.010714 0.024762
0 0.007857 0.311905 0.014286 0.025714
0 0.083214 0.346190 0.010714 0.021905
0 0.187500 0.368095 0.006429 0.012381
0 0.207143 0.330000 0.008571 0.016190
0 0.240071 0.468095 0.013571 0.023810
0 0.308570 0.500476 0.012857 0.023810
0 0.327500 0.506667 0.000714 0.028571
0 0.256070 0.432857 0.016429 0.023810
0 0.301071 0.262381 0.013571 0.025714
0 0.300357 0.464286 0.015000 0.027619
0 0.330357 0.866090 0.015000 0.023810
0 0.322857 0.736090 0.012857 0.022857
0 0.092500 0.814286 0.022143 0.026667
0 0.070000 0.777143 0.021429 0.022857
0 0.084286 0.760952 0.018571 0.026667
0 0.333929 0.692857 0.007857 0.018095
0 0.330786 0.590000 0.012143 0.025714
0 0.346070 0.611905 0.015000 0.027619
0 0.320071 0.614762 0.013571 0.027619
