0 0.930429 0.975238 0.038571 0.049524
0 0.960071 0.970476 0.036429 0.059048
0 0.748571 0.380000 0.025714 0.034286
0 0.755357 0.387143 0.019286 0.031429
0 0.760714 0.392857 0.028571 0.029524
0 0.725357 0.392857 0.023571 0.042857
0 0.400000 0.502857 0.014286 0.058095
0 0.447857 0.447609 0.015714 0.055238
0 0.428204 0.443810 0.015000 0.055238
0 0.406071 0.450952 0.019286 0.054286
0 0.395357 0.450476 0.006429 0.051429
0 0.392857 0.478570 0.014286 0.050476
0 0.809643 0.208095 0.012143 0.034286
0 0.807857 0.215714 0.014286 0.035238
0 0.662043 0.139524 0.008571 0.031429
0 0.653929 0.035238 0.007857 0.026667
0 0.543214 0.323810 0.016429 0.036190
0 0.547143 0.316667 0.018571 0.039048
0 0.495714 0.229524 0.011429 0.028571
0 0.492500 0.189048 0.009286 0.031429
0 0.488214 0.152381 0.010714 0.020952
0 0.505000 0.131429 0.007143 0.028571
0 0.499643 0.030476 0.007857 0.030476
0 0.480704 0.114286 0.008571 0.028571
0 0.480000 0.090476 0.007043 0.022857
0 0.563204 0.060000 0.005000 0.024762
0 0.612857 0.112857 0.010000 0.025714
0 0.466429 0.058570 0.007143 0.023810
0 0.460714 0.040000 0.007143 0.015238
0 0.697857 0.026190 0.010000 0.027619
0 0.615357 0.220476 0.015000 0.025714
0 0.726071 0.236190 0.010714 0.022857
