0 0.012250 0.369333 0.008500 0.018667
0 0.008500 0.355667 0.007000 0.012667
0 0.015750 0.357000 0.006500 0.012667
0 0.146750 0.495667 0.010500 0.018000
0 0.027750 0.489667 0.010500 0.030000
0 0.336500 0.580667 0.006000 0.042667
0 0.644250 0.770000 0.005500 0.057333
0 0.600250 0.784000 0.020500 0.049333
0 0.600500 0.735333 0.014000 0.052000
0 0.590250 0.746333 0.004500 0.052667
0 0.702000 0.553667 0.002000 0.043333
0 0.580500 0.578333 0.011000 0.046000
0 0.560500 0.575333 0.001000 0.046667
0 0.640000 0.548667 0.016000 0.038667
0 0.480750 0.527000 0.009500 0.043333
0 0.468500 0.502667 0.009000 0.034667
0 0.497000 0.507000 0.002000 0.036667
0 0.564250 0.527667 0.004500 0.034000
0 0.763750 0.603000 0.006500 0.039333
0 0.898250 0.696000 0.023500 0.060333
0 0.908750 0.660000 0.009500 0.054667
0 0.930000 0.622667 0.022000 0.048000
0 0.855000 0.606000 0.014000 0.048000
0 0.863500 0.602667 0.008000 0.020000
0 0.790000 0.591000 0.020000 0.039333
0 0.742500 0.565333 0.007000 0.041333
0 0.737500 0.558000 0.002000 0.040000
0 0.745750 0.540667 0.002500 0.040000
0 0.587250 0.533667 0.013500 0.024667
0 0.806000 0.563000 0.020000 0.042000
0 0.733000 0.383667 0.008000 0.026000
0 0.786000 0.366000 0.009000 0.028000
0 0.785750 0.362333 0.005500 0.014000
