0 0.508929 0.732234 0.005000 0.035533
0 0.506070 0.666244 0.010714 0.035533
0 0.499286 0.653553 0.007043 0.027919
0 0.602500 0.680472 0.010714 0.032995
0 0.603571 0.684010 0.010000 0.025381
0 0.690357 0.828046 0.010714 0.029188
0 0.705357 0.762690 0.016429 0.038071
0 0.607857 0.705102 0.010000 0.024112
0 0.504643 0.644036 0.012143 0.026650
0 0.465357 0.507766 0.010714 0.017766
0 0.479643 0.395939 0.009286 0.032995
0 0.486429 0.398477 0.007043 0.025381
0 0.499643 0.390863 0.006429 0.027909
0 0.499286 0.398477 0.008570 0.030457
0 0.509643 0.284264 0.006429 0.025380
0 0.503204 0.281091 0.006429 0.034264
0 0.497857 0.255076 0.008570 0.025381
0 0.587043 0.550761 0.005714 0.022843
0 0.590786 0.556472 0.007857 0.026650
0 0.462857 0.090371 0.008571 0.027919
0 0.489643 0.050760 0.007857 0.032995
0 0.614286 0.282360 0.007143 0.021574
0 0.622143 0.284264 0.008571 0.015228
0 0.630429 0.230964 0.008571 0.025381
0 0.640357 0.202563 0.005000 0.026650
0 0.561071 0.267766 0.020714 0.015228
0 0.558214 0.248096 0.007857 0.016497
0 0.531071 0.211294 0.007857 0.019036
0 0.538929 0.210025 0.009286 0.019036
0 0.569643 0.166878 0.006429 0.016497
0 0.573204 0.130711 0.006429 0.030457
0 0.559286 0.157995 0.007143 0.016497
0 0.544286 0.096066 0.005714 0.016497
0 0.603570 0.079315 0.005714 0.013959
0 0.506070 0.166244 0.007857 0.017766
0 0.505704 0.159264 0.007143 0.019036
0 0.540357 0.053553 0.007857 0.025381
0 0.547043 0.154188 0.004286 0.016497
0 0.532500 0.737300 0.009286 0.032995
