0 0.076786 0.628807 0.015000 0.052030
0 0.200000 0.565990 0.015714 0.030457
0 0.224643 0.550396 0.010714 0.044416
0 0.290429 0.515228 0.020000 0.045685
0 0.296429 0.506980 0.000000 0.031726
0 0.330429 0.611041 0.010000 0.041878
0 0.344643 0.623096 0.002143 0.045685
0 0.362043 0.637690 0.010000 0.044416
0 0.340704 0.670051 0.010000 0.043147
0 0.327857 0.737944 0.007143 0.052030
0 0.347043 0.764594 0.015714 0.057107
0 0.350786 0.716371 0.010714 0.049492
0 0.362857 0.732234 0.000000 0.045685
0 0.380704 0.746193 0.012857 0.045685
0 0.377857 0.709390 0.011429 0.045685
0 0.369286 0.709543 0.010000 0.045685
0 0.394643 0.758883 0.003571 0.060914
0 0.406786 0.684645 0.009286 0.039340
0 0.453570 0.853426 0.012857 0.049492
0 0.460071 0.829315 0.016429 0.052030
0 0.570786 0.643401 0.016429 0.045685
0 0.668570 0.427030 0.014286 0.044416
0 0.640704 0.514594 0.014286 0.041878
0 0.645000 0.496827 0.002857 0.046954
0 0.660786 0.517132 0.010714 0.044416
0 0.708929 0.569797 0.005000 0.027919
0 0.709286 0.593274 0.021429 0.044416
0 0.730357 0.609037 0.010714 0.032995
0 0.753929 0.642766 0.009286 0.049492
0 0.773570 0.665609 0.021429 0.046954
0 0.797043 0.696066 0.017143 0.046954
0 0.808929 0.690990 0.012143 0.054569
0 0.830000 0.736675 0.008571 0.039340
0 0.877500 0.794406 0.017857 0.045685
0 0.930429 0.926396 0.025714 0.063452
0 0.953204 0.932741 0.012143 0.038071
0 0.957043 0.913071 0.022857 0.057107
0 0.980357 0.930472 0.017857 0.038071
0 0.988929 0.900015 0.016429 0.032995
0 0.990786 0.984137 0.016429 0.029188
0 0.462043 0.430838 0.010000 0.029188
0 0.554643 0.269670 0.009286 0.029088
0 0.563204 0.276650 0.007857 0.032995
0 0.586429 0.284264 0.005704 0.027919
0 0.008571 0.923223 0.020000 0.044416
0 0.070714 0.949873 0.024286 0.054569
