0 0.336429 0.139048 0.012857 0.034286
0 0.398571 0.086190 0.012857 0.025714
0 0.189643 0.170000 0.016429 0.029524
0 0.166071 0.128571 0.019286 0.022857
0 0.182143 0.270476 0.021429 0.022857
0 0.689286 0.915238 0.014286 0.022857
0 0.866786 0.016190 0.015000 0.019048
0 0.826429 0.215714 0.015714 0.021905
0 0.716429 0.253810 0.011429 0.018095
0 0.745000 0.124286 0.015714 0.021905
0 0.042500 0.100952 0.020714 0.022857
0 0.046786 0.091905 0.027857 0.021905
0 0.202500 0.007143 0.023571 0.034286
0 0.091071 0.015238 0.022143 0.030476
0 0.228570 0.143333 0.018571 0.029524
0 0.070000 0.217143 0.022857 0.026667
0 0.092500 0.217619 0.020714 0.018095
0 0.078214 0.416667 0.022143 0.016190
0 0.072500 0.552381 0.015000 0.015238
0 0.049286 0.502857 0.022857 0.013333
0 0.046071 0.159048 0.025000 0.019048
0 0.670429 0.223333 0.015714 0.018095
0 0.201071 0.320476 0.020714 0.025714
0 0.207143 0.300476 0.015714 0.012381
0 0.079643 0.587143 0.019286 0.014286
0 0.038570 0.715238 0.027143 0.019048
0 0.066786 0.734286 0.039286 0.020952
0 0.255357 0.749524 0.022043 0.019048
0 0.005000 0.556667 0.020000 0.014286
0 0.033214 0.953333 0.022143 0.013333
0 0.263570 0.956667 0.008571 0.020000
0 0.959643 0.950429 0.027857 0.036190
0 0.747500 0.252380 0.017857 0.022857
0 0.736786 0.244762 0.005000 0.022857
0 0.704643 0.064286 0.020714 0.029524
0 0.990357 0.366090 0.019286 0.021905
