0 0.907500 0.340476 0.029286 0.037143
0 0.627043 0.453810 0.015714 0.044762
0 0.669286 0.326667 0.004286 0.040000
0 0.602857 0.278571 0.018571 0.040952
0 0.599286 0.368095 0.004286 0.048571
0 0.635000 0.362857 0.002857 0.043810
0 0.608214 0.211905 0.012143 0.039048
0 0.396071 0.291429 0.015000 0.034286
0 0.408571 0.307619 0.017143 0.036190
0 0.617857 0.364286 0.017143 0.031429
0 0.639286 0.337043 0.015714 0.041905
0 0.603571 0.331905 0.015714 0.040952
0 0.604643 0.340905 0.015000 0.041905
0 0.627500 0.344762 0.003571 0.040000
0 0.372857 0.731905 0.024286 0.031429
0 0.246429 0.770905 0.024286 0.031429
0 0.250429 0.887619 0.032857 0.030476
0 0.226429 0.786090 0.021429 0.037143
0 0.113214 0.821429 0.032143 0.027619
0 0.436786 0.014286 0.015000 0.028571
