0 0.540429 0.574286 0.008571 0.028571
0 0.533204 0.550000 0.007857 0.021905
0 0.532043 0.464286 0.007143 0.023810
0 0.527043 0.473810 0.005714 0.020000
0 0.522857 0.487043 0.005714 0.023810
0 0.532043 0.563333 0.007143 0.018095
0 0.482500 0.226667 0.005000 0.009048
0 0.430357 0.058095 0.006429 0.024762
0 0.463204 0.120000 0.009286 0.020952
0 0.477857 0.028095 0.005714 0.018095
0 0.472043 0.123333 0.004286 0.018095
0 0.283214 0.158095 0.009286 0.011429
0 0.307857 0.201905 0.008571 0.015238
0 0.496071 0.940952 0.013571 0.019048
0 0.499643 0.223333 0.007857 0.012381
0 0.529286 0.325238 0.005714 0.020000
0 0.536071 0.323810 0.006429 0.022857
0 0.510714 0.301429 0.005714 0.023810
0 0.517857 0.300000 0.007143 0.020952
