0 0.306250 0.816667 0.014500 0.013333
0 0.409000 0.629000 0.009000 0.019333
0 0.140500 0.805333 0.011000 0.017333
0 0.153750 0.786667 0.017500 0.013333
0 0.136000 0.771667 0.013000 0.015333
0 0.095250 0.807667 0.018500 0.011333
0 0.107250 0.767000 0.014500 0.014000
0 0.096000 0.778667 0.014000 0.016000
0 0.010500 0.570333 0.017000 0.015333
0 0.205000 0.503333 0.005000 0.021333
0 0.383750 0.533333 0.009500 0.007333
0 0.785750 0.043333 0.005500 0.016000
0 0.755000 0.122667 0.009000 0.012000
0 0.738250 0.110667 0.008500 0.013333
0 0.746500 0.110667 0.006000 0.010667
0 0.729250 0.105667 0.006500 0.012667
0 0.677500 0.060333 0.005000 0.008000
0 0.040500 0.312667 0.013000 0.018667
0 0.067000 0.286333 0.009000 0.015333
