0 0.907500 0.237619 0.022143 0.040952
0 0.952857 0.090476 0.021429 0.043810
0 0.968929 0.075238 0.022143 0.036190
0 0.936786 0.080429 0.015000 0.033333
0 0.935000 0.080000 0.000000 0.028571
0 0.602857 0.296667 0.014286 0.044762
0 0.637043 0.271905 0.012857 0.046667
0 0.034643 0.255714 0.020714 0.046667
0 0.061429 0.239048 0.018571 0.051429
0 0.082143 0.235714 0.017143 0.048571
0 0.065357 0.226667 0.017857 0.047619
0 0.398570 0.156190 0.008571 0.040000
0 0.299286 0.004762 0.005714 0.030476
0 0.003929 0.029048 0.007857 0.021905
