0 0.252857 0.759524 0.000000 0.012381
0 0.320429 0.475714 0.004286 0.012381
0 0.308214 0.476190 0.003571 0.013333
0 0.333204 0.277619 0.003571 0.012381
0 0.383929 0.060000 0.003571 0.011429
0 0.379286 0.057619 0.002857 0.010476
0 0.376429 0.056667 0.002857 0.010476
0 0.350704 0.292857 0.007143 0.023810
0 0.514286 0.041429 0.002857 0.008571
0 0.595357 0.493810 0.006429 0.014286
0 0.576429 0.320429 0.005714 0.025714
0 0.560000 0.220476 0.004286 0.010476
0 0.603929 0.204762 0.005000 0.007143
0 0.627043 0.231429 0.004286 0.017143
0 0.666786 0.389048 0.005000 0.006190
0 0.648929 0.460000 0.005000 0.022857
0 0.623570 0.767143 0.007143 0.027619
