0 0.460071 0.043333 0.012143 0.033333
0 0.469643 0.042857 0.007857 0.034286
0 0.552500 0.203810 0.010714 0.035238
0 0.498929 0.228095 0.009286 0.040952
0 0.576786 0.260429 0.010714 0.033333
0 0.487857 0.363333 0.004286 0.033333
0 0.553204 0.402381 0.010714 0.037143
0 0.658929 0.932857 0.006429 0.027619
0 0.609286 0.910476 0.018571 0.030476
0 0.833570 0.681429 0.018571 0.021905
0 0.870071 0.742857 0.029286 0.032381
0 0.926429 0.719048 0.024286 0.036190
0 0.940071 0.297619 0.020714 0.023810
0 0.784643 0.269524 0.010714 0.022857
0 0.853570 0.260000 0.015714 0.034286
0 0.836070 0.236667 0.016429 0.039048
0 0.842500 0.236090 0.019286 0.034286
