0 0.743929 0.227043 0.012143 0.029524
0 0.650704 0.295714 0.014286 0.031429
0 0.624643 0.284286 0.000714 0.031429
0 0.826786 0.536090 0.020714 0.045714
0 0.860429 0.562381 0.024286 0.039048
0 0.886786 0.700905 0.022143 0.041905
0 0.457857 0.575238 0.007143 0.038095
0 0.526071 0.590476 0.019286 0.043810
0 0.140357 0.511905 0.019286 0.042857
0 0.856429 0.613810 0.021429 0.029524
0 0.862143 0.621905 0.022857 0.032381
0 0.450786 0.279524 0.009286 0.033333
0 0.408571 0.249048 0.014286 0.033333
0 0.267500 0.259524 0.002143 0.040952
0 0.270071 0.197619 0.010714 0.033333
0 0.297043 0.125238 0.011429 0.027619
0 0.301786 0.140952 0.009286 0.026667
0 0.205357 0.243333 0.015000 0.031429
0 0.282043 0.124286 0.011429 0.029524
0 0.336786 0.069048 0.005000 0.023800
0 0.423929 0.153333 0.009286 0.020952
0 0.000357 0.280952 0.015000 0.028571
0 0.459286 0.246667 0.008571 0.026667
0 0.988204 0.585714 0.023571 0.036190
