0 0.609286 0.710952 0.018571 0.086667
0 0.600357 0.700476 0.016429 0.072381
0 0.556070 0.619048 0.012143 0.053333
0 0.602043 0.620476 0.012857 0.048571
0 0.649286 0.625238 0.002857 0.048571
0 0.675000 0.629524 0.005714 0.055238
0 0.625000 0.600476 0.014286 0.047619
0 0.636070 0.602857 0.010714 0.049524
0 0.604643 0.581905 0.016429 0.043810
0 0.629643 0.585238 0.002143 0.048571
0 0.683929 0.590476 0.002143 0.045714
0 0.685704 0.617143 0.014286 0.041905
0 0.680357 0.580905 0.007857 0.040000
0 0.597500 0.559048 0.005000 0.034286
0 0.563204 0.503333 0.007857 0.023810
0 0.563204 0.540952 0.007857 0.034286
0 0.542500 0.506667 0.006429 0.022857
0 0.538570 0.504762 0.005714 0.020952
