0 0.295704 0.112381 0.014286 0.051429
0 0.007857 0.165714 0.021429 0.032381
0 0.265357 0.290429 0.023571 0.041905
0 0.248204 0.317619 0.022143 0.050476
0 0.036071 0.636667 0.030714 0.027619
0 0.623929 0.590952 0.009286 0.040952
0 0.573570 0.489048 0.017143 0.040952
0 0.499643 0.476667 0.005000 0.037143
0 0.555000 0.434286 0.007143 0.040000
0 0.446786 0.420000 0.009286 0.040000
0 0.508570 0.366667 0.015714 0.040000
0 0.406786 0.356667 0.017857 0.040952
0 0.470357 0.299524 0.007857 0.044762
0 0.555704 0.288095 0.014286 0.046667
0 0.575704 0.322857 0.018571 0.043810
0 0.636070 0.381905 0.017857 0.040000
0 0.650786 0.270000 0.016429 0.044762
0 0.534286 0.243333 0.007143 0.048571
0 0.439286 0.228095 0.002857 0.046667
0 0.507857 0.200476 0.015714 0.040952
0 0.706429 0.322857 0.024286 0.045714
0 0.706070 0.425238 0.023571 0.040952
0 0.668204 0.460000 0.022143 0.041905
0 0.708204 0.549048 0.027857 0.039048
