0 0.001071 0.073810 0.009286 0.010476
0 0.890000 0.228095 0.005704 0.010476
0 0.938204 0.283333 0.006429 0.008571
0 0.863204 0.577619 0.006429 0.008571
0 0.802857 0.577619 0.005714 0.004762
0 0.807500 0.576667 0.002143 0.002857
0 0.905000 0.684762 0.007043 0.005714
0 0.905357 0.680429 0.007857 0.008571
0 0.560357 0.644762 0.003570 0.007619
0 0.705714 0.415238 0.004286 0.009524
0 0.809286 0.347619 0.004286 0.007619
0 0.850786 0.334286 0.006429 0.009524
0 0.496786 0.806090 0.005000 0.004762
0 0.457500 0.486090 0.005000 0.006667
0 0.604643 0.514286 0.003571 0.005714
0 0.762043 0.021905 0.004286 0.009524
0 0.734286 0.002381 0.004286 0.010476
0 0.708571 0.130476 0.004286 0.011429
0 0.645357 0.080476 0.002143 0.008571
0 0.576786 0.278095 0.003570 0.009524
0 0.650000 0.077619 0.005714 0.010476
0 0.635714 0.175238 0.002857 0.005714
0 0.633929 0.115714 0.003571 0.006667
0 0.578929 0.254762 0.005000 0.006667
0 0.688570 0.074762 0.002857 0.008571
0 0.727043 0.013333 0.004286 0.009524
0 0.737043 0.024762 0.004286 0.009524
0 0.705704 0.132381 0.002857 0.013333
0 0.690357 0.026190 0.003571 0.012381
0 0.685000 0.022857 0.004286 0.007619
0 0.705704 0.117143 0.002857 0.007619
0 0.709286 0.008571 0.002857 0.009524
0 0.642043 0.095714 0.005714 0.010476
0 0.707500 0.079524 0.003570 0.006667
0 0.700000 0.100000 0.004286 0.011429
0 0.708929 0.085238 0.003570 0.010476
0 0.650704 0.075714 0.002857 0.014286
0 0.396786 0.208095 0.005000 0.000476
0 0.406429 0.229524 0.004286 0.011429
0 0.407857 0.225714 0.002857 0.009524
0 0.056070 0.631429 0.009286 0.007619
0 0.037500 0.700000 0.010714 0.004762
0 0.035000 0.700905 0.007143 0.003810
0 0.005357 0.707609 0.010714 0.009524
0 0.393929 0.875704 0.005000 0.006667
0 0.480071 0.409524 0.005000 0.005714
0 0.476070 0.400476 0.003571 0.004762
0 0.470429 0.398095 0.004286 0.007619
0 0.503204 0.320476 0.003571 0.010476
0 0.558929 0.243800 0.003571 0.007619
0 0.562500 0.232380 0.003571 0.007619
0 0.593570 0.018571 0.002857 0.004762
0 0.586429 0.009524 0.002857 0.009524
0 0.659286 0.073800 0.001429 0.004762
