0 0.070357 0.099524 0.007857 0.008571
0 0.206786 0.238095 0.006429 0.007609
0 0.278204 0.208571 0.003571 0.007619
0 0.098571 0.242381 0.007143 0.008571
0 0.095357 0.245238 0.006429 0.008571
0 0.208570 0.254286 0.005714 0.005714
0 0.208929 0.259048 0.007857 0.005704
0 0.220000 0.263333 0.005704 0.006667
0 0.206429 0.264762 0.005714 0.007619
0 0.205357 0.273333 0.009286 0.009524
0 0.220786 0.284762 0.006429 0.005714
0 0.209286 0.290476 0.005714 0.005714
0 0.207857 0.287619 0.004286 0.005714
0 0.209643 0.297609 0.005000 0.006667
0 0.202143 0.296190 0.004286 0.005714
0 0.203214 0.290000 0.005000 0.006667
0 0.096429 0.343333 0.005714 0.006667
0 0.082143 0.382857 0.005714 0.005714
0 0.091786 0.348095 0.009286 0.004762
0 0.097143 0.396667 0.005714 0.006667
0 0.080357 0.394762 0.006429 0.004762
0 0.073571 0.388571 0.005714 0.005714
0 0.073929 0.398571 0.007857 0.004762
0 0.074286 0.449048 0.005714 0.004762
0 0.076071 0.463333 0.007857 0.006667
0 0.042857 0.524762 0.005714 0.005714
0 0.012857 0.575714 0.008571 0.004762
0 0.038929 0.558571 0.007857 0.006667
0 0.028571 0.552857 0.005714 0.006667
0 0.025357 0.553333 0.006429 0.005714
0 0.013929 0.579048 0.007857 0.005714
0 0.397043 0.499524 0.004286 0.006667
0 0.385704 0.248571 0.004286 0.005714
0 0.385704 0.241905 0.002857 0.007619
0 0.398929 0.250429 0.003571 0.005714
0 0.404643 0.250476 0.005000 0.007609
0 0.420071 0.268571 0.003571 0.007619
0 0.658204 0.307619 0.005000 0.005714
0 0.660704 0.309524 0.004286 0.007619
0 0.622857 0.377043 0.005714 0.005714
0 0.626429 0.380000 0.004286 0.005704
0 0.590357 0.448570 0.003571 0.005714
0 0.586786 0.450000 0.003570 0.004762
0 0.476070 0.583333 0.005000 0.004762
0 0.479643 0.576090 0.003571 0.005714
0 0.480071 0.571429 0.003571 0.005714
0 0.402500 0.771905 0.005000 0.006667
0 0.406070 0.783810 0.003571 0.005714
0 0.407500 0.788570 0.003571 0.007619
0 0.403571 0.776667 0.004286 0.006667
0 0.407857 0.775714 0.004286 0.006667
0 0.308214 0.928571 0.005000 0.009524
0 0.323204 0.928571 0.005000 0.007619
0 0.323929 0.920476 0.005000 0.008570
0 0.330786 0.911429 0.005000 0.009524
0 0.337857 0.897609 0.004286 0.008571
0 0.334286 0.905704 0.004286 0.009524
0 0.337857 0.907043 0.004286 0.010476
0 0.340357 0.899048 0.003570 0.009524
0 0.776786 0.707143 0.007857 0.007619
0 0.962500 0.343800 0.009286 0.005714
0 0.972043 0.342857 0.008571 0.003810
0 0.865357 0.512381 0.005000 0.007619
