0 0.445704 0.599048 0.024286 0.066667
0 0.423929 0.589048 0.020704 0.063810
0 0.500786 0.584286 0.020714 0.071429
0 0.472043 0.562381 0.020000 0.065714
0 0.444643 0.546090 0.015000 0.060000
0 0.404643 0.549524 0.012143 0.062857
0 0.403929 0.533333 0.009286 0.068571
0 0.382043 0.516667 0.022857 0.060000
0 0.340000 0.500905 0.020000 0.062857
0 0.392043 0.452857 0.024286 0.063810
0 0.373570 0.484286 0.012857 0.056190
0 0.377500 0.436090 0.013571 0.060952
0 0.330000 0.422857 0.007143 0.072381
0 0.360704 0.354762 0.012857 0.061905
0 0.396070 0.402857 0.016429 0.055238
0 0.406429 0.414286 0.015714 0.051429
0 0.420357 0.383800 0.013571 0.051429
0 0.442043 0.422857 0.015714 0.053333
0 0.462043 0.416190 0.014286 0.049524
0 0.450786 0.401429 0.012143 0.048571
0 0.506429 0.433810 0.015714 0.060000
0 0.438570 0.360000 0.015714 0.055238
0 0.460429 0.351429 0.014286 0.051429
0 0.440000 0.299524 0.004286 0.052381
0 0.425704 0.215238 0.010000 0.040000
0 0.326070 0.127619 0.010714 0.034286
0 0.348204 0.113810 0.010714 0.037143
0 0.527043 0.286190 0.012857 0.046667
0 0.487857 0.382857 0.007143 0.053333
0 0.508929 0.402857 0.002143 0.059048
0 0.497043 0.355238 0.012857 0.059048
0 0.503570 0.332857 0.012857 0.052381
0 0.500357 0.319524 0.012143 0.054286
0 0.556070 0.404762 0.017857 0.055238
0 0.574286 0.390000 0.004286 0.056190
0 0.600357 0.384286 0.016429 0.044762
0 0.553570 0.353333 0.017143 0.049524
0 0.584643 0.300429 0.016429 0.052381
0 0.622043 0.323333 0.015714 0.052381
0 0.606070 0.283810 0.017857 0.049524
0 0.698204 0.243333 0.013571 0.042857
0 0.642857 0.372857 0.004286 0.061905
0 0.657043 0.389524 0.015714 0.051429
0 0.658929 0.350952 0.005000 0.054286
0 0.672043 0.402381 0.012857 0.056190
0 0.683570 0.410000 0.012857 0.058095
0 0.730429 0.252381 0.011429 0.047619
0 0.729286 0.235238 0.002857 0.041905
0 0.742043 0.462857 0.018571 0.059048
0 0.720000 0.462857 0.004286 0.064762
0 0.703570 0.440476 0.018571 0.056190
0 0.690786 0.423810 0.025000 0.059048
0 0.702857 0.405238 0.012857 0.062857
0 0.685000 0.387043 0.014286 0.052381
0 0.703929 0.354762 0.002143 0.048571
0 0.690704 0.351905 0.015714 0.056190
0 0.402143 0.113333 0.020000 0.011429
