0 0.203929 0.000888 0.006429 0.021574
0 0.230071 0.119924 0.007857 0.021574
0 0.259643 0.205102 0.005000 0.024112
0 0.273570 0.253173 0.005714 0.021574
0 0.222857 0.228426 0.005704 0.022843
0 0.002857 0.373731 0.004286 0.013959
0 0.003204 0.371193 0.005000 0.016497
0 0.003204 0.363579 0.005000 0.016497
0 0.007143 0.378173 0.010000 0.022843
0 0.028929 0.394670 0.009286 0.020305
0 0.077857 0.920954 0.010000 0.024112
0 0.086429 0.869289 0.000000 0.015228
0 0.876786 0.586929 0.000714 0.024112
0 0.645357 0.524746 0.009286 0.030726
0 0.677500 0.485406 0.009286 0.029088
0 0.682857 0.449239 0.007043 0.032995
0 0.925000 0.048223 0.005704 0.020305
0 0.887500 0.002157 0.009286 0.024112
