0 0.093570 0.260476 0.007143 0.016190
0 0.098204 0.259524 0.007857 0.016190
0 0.247857 0.299048 0.005704 0.015238
0 0.204643 0.434286 0.009286 0.015238
0 0.207857 0.435704 0.005714 0.014286
0 0.200429 0.435714 0.007143 0.016190
0 0.204643 0.430952 0.007857 0.006190
0 0.029643 0.447043 0.010714 0.018095
0 0.758929 0.600429 0.009286 0.016190
0 0.740000 0.606667 0.010000 0.016190
0 0.738929 0.600000 0.010714 0.016190
0 0.580704 0.453333 0.005714 0.013333
0 0.585357 0.448095 0.006429 0.004286
0 0.622857 0.450905 0.004286 0.014286
0 0.617500 0.450000 0.003571 0.006667
0 0.773929 0.356090 0.006429 0.017143
0 0.774286 0.362380 0.005714 0.012381
0 0.564286 0.900000 0.007043 0.017143
0 0.660000 0.914286 0.008571 0.020952
0 0.188214 0.431905 0.007857 0.010476
0 0.245000 0.430476 0.005714 0.013333
0 0.247500 0.423810 0.007857 0.013333
0 0.573214 0.478095 0.006429 0.013333
0 0.678929 0.486667 0.007857 0.013333
0 0.763571 0.555714 0.007143 0.014286
0 0.692857 0.074286 0.004286 0.001429
0 0.667500 0.052380 0.003571 0.011429
0 0.560000 0.207143 0.004286 0.013333
0 0.573570 0.238571 0.004286 0.010476
