0 0.357857 0.634286 0.020000 0.047609
0 0.389286 0.400952 0.012857 0.033333
0 0.076429 0.188095 0.004286 0.012381
0 0.071786 0.180952 0.005000 0.013333
0 0.093571 0.182857 0.005714 0.013333
0 0.082143 0.183333 0.005714 0.012381
0 0.083929 0.175714 0.005000 0.012381
0 0.090714 0.179048 0.005714 0.009524
0 0.091429 0.174286 0.005714 0.011429
0 0.078214 0.180952 0.005000 0.011429
0 0.202500 0.079048 0.006429 0.015238
0 0.097143 0.172381 0.004286 0.015238
0 0.099643 0.170952 0.005000 0.012381
0 0.585704 0.465714 0.011429 0.038095
