0 0.585000 0.902284 0.008570 0.017766
0 0.565000 0.774012 0.004286 0.015228
0 0.564643 0.767032 0.005000 0.013959
0 0.593570 0.746193 0.008571 0.017766
0 0.599286 0.747462 0.007043 0.020305
0 0.597500 0.767766 0.007857 0.007766
0 0.620000 0.701294 0.007143 0.019036
0 0.650071 0.710025 0.009286 0.016497
0 0.668929 0.740117 0.009286 0.022843
0 0.656429 0.788070 0.007143 0.020305
0 0.695000 0.845802 0.008571 0.019036
0 0.683570 0.569797 0.007143 0.015228
0 0.798570 0.444162 0.007143 0.020305
0 0.780000 0.386420 0.008571 0.016497
0 0.099643 0.400380 0.009286 0.019036
0 0.013571 0.394036 0.008571 0.024112
0 0.010000 0.376904 0.010000 0.020305
