0 0.064643 0.307107 0.005000 0.012690
0 0.420429 0.090736 0.004286 0.011421
0 0.409643 0.100888 0.003571 0.013959
0 0.546070 0.076142 0.003571 0.015228
0 0.542857 0.085025 0.002857 0.000152
0 0.559286 0.000787 0.002857 0.013959
0 0.608571 0.342005 0.005714 0.011421
0 0.587500 0.397208 0.006429 0.002690
0 0.607043 0.370558 0.004286 0.017766
0 0.628204 0.360406 0.003571 0.015228
0 0.624286 0.557007 0.005714 0.015228
0 0.633570 0.571066 0.004286 0.017766
0 0.600000 0.484772 0.004286 0.002690
0 0.637500 0.567259 0.005000 0.005228
0 0.603929 0.480599 0.003571 0.011421
0 0.603929 0.526650 0.005000 0.015228
0 0.576429 0.008883 0.002857 0.005228
0 0.585000 0.008883 0.002857 0.002690
0 0.566429 0.006980 0.002857 0.003959
0 0.587857 0.005701 0.004286 0.011421
0 0.942500 0.484037 0.006429 0.011421
0 0.938570 0.479061 0.010000 0.013959
0 0.853929 0.769670 0.005000 0.003959
0 0.849643 0.770305 0.005000 0.007604
0 0.924643 0.659898 0.006429 0.005228
0 0.923204 0.675761 0.005000 0.011421
0 0.930786 0.387056 0.003571 0.015228
