0 0.340071 0.320000 0.007857 0.015238
0 0.640071 0.355714 0.007857 0.025714
0 0.501786 0.265238 0.006429 0.018095
0 0.470357 0.234762 0.006429 0.004286
0 0.495357 0.208571 0.003571 0.014286
0 0.488570 0.217143 0.004286 0.013333
0 0.462857 0.208095 0.004286 0.013333
0 0.458570 0.218095 0.004286 0.013333
0 0.644643 0.265704 0.005000 0.017143
0 0.646429 0.200429 0.002857 0.012381
0 0.652500 0.202380 0.003571 0.014286
0 0.640786 0.190476 0.003571 0.011429
0 0.645000 0.090476 0.002857 0.011429
0 0.650071 0.189048 0.003571 0.012381
0 0.665357 0.352857 0.007857 0.027609
0 0.653929 0.256667 0.003570 0.018095
0 0.656070 0.256667 0.005000 0.016190
