0 0.141429 0.741905 0.037143 0.070476
0 0.340000 0.790476 0.038571 0.062857
0 0.291429 0.357619 0.021429 0.044762
0 0.783929 0.561905 0.029286 0.055238
0 0.785357 0.293810 0.012143 0.031429
0 0.569643 0.287143 0.013571 0.039048
0 0.307857 0.249524 0.015714 0.034286
0 0.846070 0.428571 0.019286 0.047619
0 0.865357 0.450952 0.020704 0.054286
0 0.081429 0.209048 0.010000 0.035238
0 0.086429 0.220952 0.014286 0.036190
0 0.094286 0.210476 0.011429 0.038095
0 0.203929 0.200000 0.015000 0.040952
0 0.425000 0.236667 0.008570 0.040952
0 0.508214 0.293333 0.013571 0.041905
0 0.550429 0.318095 0.014286 0.038095
0 0.544643 0.300905 0.016429 0.040000
0 0.539286 0.244762 0.008570 0.030476
0 0.533204 0.244286 0.012143 0.037143
0 0.850429 0.103333 0.005714 0.020000
0 0.968204 0.096667 0.009286 0.021905
0 0.767500 0.520952 0.020704 0.053333
