0 0.660357 0.915238 0.005000 0.013333
0 0.580000 0.611429 0.007143 0.011429
0 0.640704 0.482381 0.007143 0.008571
0 0.585357 0.092381 0.006429 0.011429
0 0.500000 0.132857 0.005714 0.008571
0 0.560071 0.014762 0.006429 0.014286
0 0.530704 0.021905 0.020000 0.043810
0 0.478929 0.005714 0.005000 0.015238
0 0.472857 0.125238 0.004286 0.010476
0 0.488214 0.171429 0.007857 0.011429
0 0.509286 0.300000 0.005714 0.009524
0 0.480786 0.905714 0.006429 0.009524
0 0.474286 0.962857 0.007043 0.009524
0 0.442500 0.810000 0.005000 0.008571
0 0.400714 0.735714 0.004286 0.008571
0 0.363929 0.666667 0.006429 0.007609
0 0.322857 0.391905 0.008571 0.006667
0 0.327500 0.384762 0.006429 0.009524
0 0.326786 0.376190 0.006429 0.007619
0 0.326429 0.353800 0.005714 0.008571
0 0.400429 0.145238 0.005714 0.010476
0 0.364643 0.123333 0.006429 0.008571
0 0.407500 0.117619 0.005000 0.012381
0 0.300429 0.006667 0.004286 0.011429
