0 0.225704 0.810476 0.025714 0.026667
0 0.230786 0.632381 0.022143 0.028571
0 0.375704 0.622857 0.014286 0.030476
0 0.401071 0.592857 0.015000 0.029524
0 0.402857 0.557609 0.017143 0.031429
0 0.396070 0.541429 0.015000 0.029524
0 0.348929 0.567619 0.017857 0.028571
0 0.403570 0.498571 0.015714 0.031429
0 0.432043 0.485238 0.011429 0.029524
0 0.428929 0.473800 0.010714 0.029524
0 0.488929 0.530429 0.010714 0.034286
0 0.475000 0.530000 0.002857 0.033333
0 0.457500 0.527043 0.012143 0.033333
0 0.447043 0.529524 0.011429 0.032381
0 0.438204 0.526667 0.012143 0.032381
0 0.430786 0.514286 0.012143 0.028571
0 0.206429 0.897143 0.030000 0.032381
