0 0.746250 0.953667 0.008500 0.052667
0 0.606250 0.981000 0.014500 0.038000
0 0.597500 0.978667 0.008000 0.042667
0 0.590750 0.991667 0.011500 0.016667
0 0.607250 0.808000 0.011500 0.049333
0 0.456750 0.841667 0.017500 0.035333
0 0.503500 0.868000 0.017000 0.028000
0 0.497000 0.857667 0.015000 0.039333
0 0.499750 0.867667 0.006500 0.012667
0 0.479000 0.631000 0.010000 0.027333
0 0.439750 0.601333 0.008500 0.025333
0 0.446750 0.597000 0.008500 0.024667
0 0.305500 0.767000 0.004000 0.036667
0 0.251000 0.727333 0.020000 0.029333
0 0.273500 0.708000 0.014000 0.020000
0 0.053500 0.819667 0.020000 0.027333
0 0.076500 0.815000 0.020000 0.020667
0 0.097500 0.800667 0.021000 0.033333
0 0.082000 0.792333 0.021000 0.032667
0 0.080500 0.759000 0.006000 0.036667
0 0.099500 0.583000 0.001000 0.028667
0 0.090500 0.645333 0.013000 0.033333
0 0.030000 0.552667 0.009000 0.024000
0 0.010000 0.552333 0.010000 0.027333
0 0.031000 0.509000 0.008000 0.023333
0 0.031750 0.491667 0.008500 0.023333
0 0.019250 0.471000 0.006500 0.020667
0 0.002000 0.470333 0.010000 0.022000
0 0.062500 0.450000 0.008000 0.019333
0 0.067250 0.450333 0.005500 0.016000
0 0.096000 0.442333 0.007000 0.009333
0 0.040000 0.437000 0.009000 0.018000
0 0.073750 0.619333 0.009500 0.028000
0 0.164250 0.655667 0.016500 0.032667
0 0.044000 0.676667 0.015000 0.024000
0 0.053750 0.638000 0.010500 0.020000
0 0.061000 0.532667 0.011000 0.021333
0 0.115000 0.491000 0.011000 0.020667
0 0.069250 0.507333 0.009500 0.018667
0 0.063000 0.513667 0.010000 0.022000
0 0.054000 0.465333 0.009000 0.021333
0 0.018750 0.434333 0.009500 0.016667
0 0.035250 0.802667 0.017500 0.026667
0 0.096250 0.616667 0.011500 0.029333
0 0.059750 0.570667 0.011500 0.029333
0 0.051000 0.536333 0.008000 0.023333
0 0.041500 0.518667 0.007000 0.021333
0 0.042000 0.509333 0.011000 0.022667
0 0.054500 0.516333 0.007000 0.022000
0 0.044000 0.466333 0.010000 0.024667
0 0.075750 0.566667 0.009500 0.026667
0 0.084250 0.525667 0.003500 0.020667
0 0.080750 0.515000 0.008500 0.022000
0 0.064500 0.498667 0.008000 0.020000
0 0.054750 0.500667 0.008500 0.024000
0 0.064750 0.442000 0.007500 0.020000
0 0.004250 0.441667 0.006500 0.020667
0 0.011500 0.434667 0.005000 0.009333
