0 0.507857 0.213810 0.008571 0.023810
0 0.525704 0.243333 0.010000 0.031429
0 0.298204 0.076190 0.010714 0.026667
0 0.395000 0.078095 0.002857 0.038095
0 0.436429 0.323800 0.012857 0.022857
0 0.420786 0.422857 0.010714 0.020952
0 0.498929 0.405238 0.009286 0.004286
0 0.465357 0.320476 0.003571 0.021905
0 0.485357 0.301905 0.010714 0.023810
0 0.301429 0.208571 0.012857 0.026667
0 0.392143 0.373333 0.012857 0.015238
0 0.460714 0.276667 0.007143 0.016190
0 0.463929 0.253810 0.013571 0.020000
0 0.386071 0.290000 0.015000 0.023810
0 0.350000 0.285238 0.002857 0.025714
0 0.507500 0.370905 0.013571 0.018095
0 0.503929 0.389524 0.005000 0.017143
0 0.443929 0.527043 0.013571 0.018095
0 0.428570 0.513810 0.012857 0.021905
0 0.552500 0.859524 0.005000 0.035238
0 0.552043 0.770476 0.014286 0.024762
0 0.470357 0.655238 0.005000 0.019048
0 0.500357 0.732381 0.019286 0.020952
