0 0.605714 0.155238 0.012857 0.019048
0 0.694286 0.047043 0.011429 0.023810
0 0.465000 0.080952 0.012857 0.028571
0 0.499286 0.146667 0.008571 0.026667
0 0.377857 0.474762 0.012857 0.018095
0 0.474286 0.001429 0.007143 0.020000
0 0.488570 0.104286 0.008571 0.020000
0 0.642500 0.487143 0.009286 0.016190
0 0.560357 0.435704 0.007857 0.018095
0 0.537857 0.323333 0.011429 0.016190
0 0.400357 0.250429 0.007857 0.022857
0 0.401429 0.251429 0.010000 0.020952
0 0.406429 0.276090 0.011429 0.019048
0 0.407143 0.272381 0.007143 0.019048
0 0.425357 0.309048 0.000714 0.027619
0 0.437500 0.306667 0.010714 0.025714
0 0.436429 0.370429 0.010000 0.024762
0 0.408214 0.461905 0.009286 0.020952
0 0.395704 0.451905 0.010000 0.023810
0 0.406429 0.453800 0.010000 0.021905
