0 0.365704 0.126190 0.011429 0.031429
0 0.505357 0.135714 0.007857 0.021905
0 0.564286 0.093333 0.011429 0.026667
0 0.382857 0.008571 0.011429 0.021905
0 0.687857 0.355704 0.011429 0.039048
0 0.700704 0.360476 0.011429 0.037143
0 0.840786 0.322381 0.012143 0.046667
0 0.965000 0.253800 0.011429 0.035238
0 0.973570 0.264286 0.008571 0.029524
0 0.960357 0.009048 0.006429 0.020000
0 0.969286 0.007619 0.011429 0.032381
0 0.804643 0.050476 0.003570 0.015238
0 0.803929 0.053333 0.009286 0.022857
0 0.476786 0.056667 0.003570 0.021905
