0 0.400096 0.633117 0.009916 0.023191
0 0.016649 0.905844 0.015136 0.021336
0 0.010125 0.968924 0.016701 0.026902
0 0.395355 0.632653 0.000960 0.024119
0 0.132307 0.258349 0.008873 0.023191
0 0.149008 0.340445 0.010960 0.022263
0 0.184238 0.307050 0.008351 0.018553
0 0.219207 0.275046 0.010438 0.021336
0 0.248434 0.272263 0.008351 0.017625
0 0.269050 0.237941 0.006785 0.019481
0 0.281315 0.247681 0.010438 0.018553
0 0.343685 0.176716 0.008873 0.019481
0 0.426670 0.112709 0.006785 0.019481
0 0.430324 0.111781 0.005741 0.017625
0 0.497651 0.059833 0.006785 0.017625
0 0.501566 0.060297 0.004175 0.018553
0 0.482255 0.478664 0.011482 0.016698
0 0.503048 0.031540 0.008351 0.025974
