0 0.337857 0.053333 0.008571 0.026667
0 0.376429 0.306190 0.010000 0.034286
0 0.364643 0.406667 0.015000 0.046667
0 0.336429 0.360476 0.004286 0.039048
0 0.309643 0.340952 0.012143 0.036190
0 0.303571 0.353810 0.017143 0.039048
0 0.301071 0.350476 0.016429 0.036190
0 0.396786 0.500000 0.005000 0.041905
0 0.406070 0.484762 0.015000 0.043810
0 0.424286 0.509048 0.017143 0.045714
0 0.407500 0.262857 0.006429 0.028570
0 0.453214 0.282857 0.012143 0.030476
0 0.708571 0.339048 0.010000 0.038095
0 0.496786 0.033333 0.006429 0.017143
0 0.492500 0.033810 0.005000 0.016190
0 0.487043 0.130952 0.005714 0.016190
0 0.490357 0.030952 0.005000 0.018095
0 0.440429 0.113810 0.005714 0.014286
0 0.437500 0.012857 0.005000 0.014286
0 0.424286 0.187143 0.007143 0.020000
0 0.392857 0.147143 0.005714 0.018095
0 0.335000 0.080476 0.005714 0.021905
0 0.970357 0.669524 0.029286 0.045714
0 0.743204 0.320000 0.010714 0.028571
0 0.749643 0.307143 0.007857 0.026667
0 0.762500 0.343800 0.013571 0.038095
0 0.606786 0.087619 0.009286 0.022857
0 0.600000 0.088571 0.005714 0.022857
