0 0.420750 0.159333 0.009500 0.028000
0 0.289750 0.377000 0.013500 0.020667
0 0.293250 0.424333 0.004500 0.028667
0 0.248750 0.524667 0.006500 0.029333
0 0.143750 0.518333 0.018500 0.032667
0 0.373250 0.545667 0.015500 0.023333
0 0.430000 0.579333 0.012000 0.032000
0 0.427250 0.560333 0.013500 0.027333
0 0.464250 0.560667 0.008500 0.006000
0 0.437000 0.532667 0.001000 0.032000
0 0.449000 0.520000 0.007000 0.019333
0 0.393000 0.535333 0.014000 0.033333
0 0.395250 0.503000 0.010500 0.028667
0 0.419750 0.531333 0.005500 0.012000
0 0.440000 0.519333 0.011000 0.032000
0 0.425250 0.472667 0.002500 0.024000
0 0.622750 0.505667 0.006500 0.008000
0 0.622500 0.480000 0.011000 0.032667
0 0.608250 0.652333 0.017500 0.026000
0 0.588250 0.679333 0.015500 0.025333
0 0.549750 0.684000 0.005500 0.050667
0 0.074750 0.968333 0.033500 0.040667
0 0.538000 0.808667 0.012000 0.028000
0 0.575000 0.800333 0.014000 0.030667
0 0.568500 0.761333 0.020000 0.026667
0 0.583250 0.841667 0.020500 0.036667
0 0.889500 0.985000 0.027000 0.030000
0 0.948750 0.990000 0.019500 0.018000
