0 0.399269 0.336271 0.004175 0.008349
0 0.400052 0.332096 0.003653 0.014842
0 0.363779 0.458720 0.005209 0.025046
0 0.353079 0.458720 0.007829 0.026902
0 0.355950 0.455009 0.006263 0.028757
0 0.320098 0.457328 0.007829 0.025974
0 0.343946 0.504638 0.008351 0.025974
0 0.354906 0.608534 0.011482 0.024119
0 0.245303 0.692022 0.000438 0.044527
0 0.388570 0.334879 0.006785 0.022263
0 0.485125 0.226345 0.003653 0.009276
0 0.509395 0.236085 0.003132 0.010204
0 0.492693 0.136364 0.002088 0.005566
0 0.489562 0.011317 0.002088 0.007421
