0 0.760786 0.831429 0.022143 0.038095
0 0.806786 0.769048 0.022043 0.054286
0 0.700357 0.640952 0.023570 0.049524
0 0.720357 0.575704 0.020714 0.048571
0 0.680429 0.504286 0.011429 0.035238
0 0.705704 0.466667 0.014286 0.032381
0 0.706429 0.403333 0.011429 0.033333
0 0.827857 0.407143 0.012857 0.026667
0 0.835000 0.401905 0.010000 0.025714
0 0.860429 0.331905 0.010000 0.025714
0 0.909643 0.347609 0.019286 0.032381
0 0.920704 0.338571 0.011429 0.023810
0 0.980429 0.342857 0.008571 0.030476
0 0.973204 0.357619 0.012143 0.031429
0 0.970071 0.391905 0.009286 0.025714
0 0.966786 0.380000 0.009286 0.022857
0 0.940704 0.334286 0.012857 0.028571
0 0.984286 0.370905 0.014286 0.031429
0 0.992043 0.394286 0.014286 0.036190
0 0.926786 0.332857 0.002143 0.025714
0 0.720357 0.811429 0.023571 0.045714
0 0.334286 0.572381 0.011429 0.024762
0 0.237857 0.710952 0.017143 0.027619
0 0.374643 0.457043 0.010714 0.028571
0 0.200429 0.353810 0.010000 0.018095
0 0.220357 0.370905 0.012143 0.021905
0 0.209286 0.428095 0.000000 0.020000
0 0.205000 0.419524 0.008571 0.021905
0 0.224643 0.408571 0.012143 0.018095
0 0.230357 0.433333 0.000714 0.019048
0 0.247500 0.434286 0.009286 0.020952
0 0.240786 0.433333 0.007857 0.015238
0 0.537857 0.343800 0.008571 0.022857
0 0.703570 0.287619 0.010000 0.026667
0 0.674286 0.272380 0.010000 0.020952
0 0.492043 0.379048 0.011429 0.032381
0 0.623929 0.277043 0.006429 0.020952
0 0.627043 0.286667 0.004286 0.022857
0 0.630429 0.287143 0.007143 0.025714
0 0.752143 0.308095 0.008571 0.018095
0 0.088929 0.255238 0.007857 0.009048
0 0.090071 0.244286 0.007857 0.014286
0 0.096429 0.254762 0.000000 0.021905
0 0.021071 0.254286 0.010714 0.020952
0 0.066429 0.197619 0.008571 0.018095
0 0.306070 0.207143 0.009286 0.021905
0 0.245000 0.257609 0.005714 0.018095
