0 0.976786 0.953046 0.025000 0.050760
0 0.075000 0.477792 0.020429 0.034264
0 0.072043 0.461929 0.020000 0.032995
0 0.069643 0.453046 0.006429 0.032995
0 0.059286 0.507132 0.021429 0.039340
0 0.059643 0.530726 0.012143 0.027919
0 0.060357 0.508883 0.002143 0.025381
0 0.208929 0.597080 0.017857 0.039340
0 0.290429 0.583122 0.011429 0.036802
0 0.243204 0.739213 0.012143 0.039340
0 0.260704 0.710025 0.012857 0.034264
0 0.259643 0.743020 0.009286 0.026650
0 0.267857 0.762690 0.004286 0.040609
0 0.300429 0.717640 0.015714 0.039340
0 0.299643 0.717005 0.009286 0.022843
0 0.402857 0.680203 0.001429 0.038071
0 0.406429 0.708756 0.008571 0.034264
0 0.420071 0.692259 0.012143 0.031726
0 0.403214 0.646574 0.009286 0.041878
0 0.408929 0.627538 0.010714 0.036802
0 0.432857 0.650380 0.011429 0.039340
0 0.467857 0.642766 0.008570 0.036802
0 0.472857 0.632604 0.014286 0.041878
0 0.452857 0.673223 0.002857 0.046954
