0 0.682401 0.068646 0.001566 0.009276
0 0.680367 0.110853 0.002610 0.010204
0 0.703027 0.328386 0.003132 0.009276
0 0.744781 0.372449 0.002088 0.012059
0 0.732777 0.412338 0.004175 0.013915
0 0.688413 0.467069 0.005219 0.015770
0 0.762265 0.464286 0.003653 0.013915
0 0.824374 0.436456 0.002610 0.013915
0 0.849165 0.441558 0.003132 0.012987
0 0.851514 0.441095 0.002610 0.013915
0 0.875522 0.445733 0.003653 0.012059
0 0.769833 0.879406 0.006263 0.018553
0 0.480950 0.468460 0.004697 0.012987
0 0.476775 0.422542 0.003653 0.010204
0 0.512787 0.314935 0.003653 0.008349
0 0.523225 0.301484 0.002610 0.011132
0 0.532359 0.312152 0.004175 0.012059
0 0.537317 0.303803 0.003653 0.010204
0 0.524008 0.279685 0.004175 0.013915
0 0.693372 0.015492 0.001566 0.010204
