0 0.324500 0.059667 0.012000 0.040667
0 0.359500 0.292667 0.002000 0.041333
0 0.430750 0.046333 0.010500 0.032667
0 0.422000 0.042667 0.009000 0.028000
0 0.354500 0.056333 0.005000 0.006667
0 0.270250 0.056000 0.007500 0.016000
0 0.604250 0.122667 0.004500 0.022667
0 0.603500 0.113000 0.008000 0.023333
0 0.597000 0.016000 0.006000 0.026667
0 0.554750 0.083667 0.006500 0.014000
0 0.532750 0.089667 0.004500 0.014000
0 0.530750 0.034000 0.003500 0.020000
0 0.601250 0.034000 0.004500 0.020000
0 0.753750 0.030667 0.009500 0.033333
0 0.759500 0.051000 0.011000 0.035333
0 0.808000 0.236000 0.006000 0.042667
0 0.738750 0.008000 0.003500 0.016000
0 0.733500 0.007667 0.004000 0.015333
0 0.730000 0.007000 0.003000 0.016667
0 0.726000 0.004333 0.004000 0.018000
0 0.435750 0.442667 0.009500 0.052000
