0 0.805714 0.167143 0.008571 0.025714
0 0.825000 0.067619 0.010000 0.026667
0 0.987043 0.837619 0.025714 0.023810
0 0.587857 0.002381 0.008571 0.024762
0 0.040704 0.506667 0.017143 0.030476
0 0.007500 0.812381 0.025000 0.022857
0 0.585714 0.686667 0.011429 0.017143
0 0.757500 0.396667 0.012143 0.016190
0 0.851429 0.527143 0.011429 0.014286
0 0.501786 0.038571 0.006429 0.014286
0 0.523571 0.075238 0.008571 0.017143
0 0.698571 0.089524 0.008571 0.019048
0 0.460704 0.172857 0.007143 0.021905
0 0.447857 0.325238 0.002857 0.023810
