0 0.447043 0.665714 0.002857 0.009524
0 0.372043 0.641429 0.002857 0.008571
0 0.328929 0.686667 0.003570 0.011429
0 0.323929 0.672857 0.003570 0.012381
0 0.282857 0.685238 0.002857 0.008570
0 0.280000 0.683800 0.002857 0.013333
0 0.064643 0.890429 0.009286 0.030476
0 0.239286 0.855704 0.005714 0.027619
0 0.248204 0.857143 0.006429 0.026667
0 0.667857 0.723800 0.002857 0.015238
0 0.670429 0.724286 0.002857 0.016190
0 0.652043 0.696667 0.002857 0.012381
0 0.560357 0.600000 0.002143 0.006667
0 0.840000 0.825238 0.007043 0.021905
0 0.848570 0.823810 0.007143 0.022857
