0 0.798500 0.592000 0.000000 0.020000
0 0.725750 0.496667 0.008500 0.020333
0 0.692500 0.423000 0.008000 0.020667
0 0.428000 0.992333 0.003000 0.015333
0 0.398250 0.925000 0.008500 0.009333
0 0.360250 0.969000 0.004500 0.023333
0 0.033250 0.123000 0.005500 0.011333
0 0.204750 0.133333 0.001500 0.004000
0 0.202750 0.132333 0.003500 0.006000
0 0.344500 0.333667 0.007000 0.010000
0 0.402750 0.338667 0.006500 0.006000
0 0.403750 0.337000 0.006500 0.006667
0 0.409750 0.346000 0.004500 0.006000
0 0.400250 0.341333 0.007500 0.016000
0 0.364250 0.505333 0.005500 0.014667
0 0.366500 0.530667 0.007000 0.008667
0 0.575500 0.394333 0.005000 0.010000
0 0.569000 0.397333 0.004000 0.009333
0 0.567750 0.390667 0.003500 0.013333
0 0.540750 0.324000 0.003500 0.006000
0 0.545750 0.332000 0.004500 0.009333
0 0.385250 0.237000 0.003500 0.004000
0 0.396500 0.238667 0.003000 0.002000
0 0.398500 0.234000 0.003000 0.003333
0 0.985500 0.233667 0.007000 0.011333
0 0.463000 0.253667 0.004000 0.010000
0 0.549250 0.069333 0.003500 0.012000
0 0.546500 0.069333 0.002000 0.010667
0 0.544000 0.069000 0.002000 0.011333
0 0.542250 0.069667 0.002500 0.011333
0 0.564250 0.268667 0.004500 0.004667
0 0.547000 0.267667 0.005000 0.004000
0 0.662000 0.290000 0.006000 0.016667
0 0.666500 0.289000 0.005000 0.005333
0 0.728750 0.290000 0.004500 0.015333
0 0.723000 0.280000 0.006000 0.004667
0 0.701750 0.274333 0.005500 0.015333
0 0.741250 0.231000 0.004500 0.012667
0 0.750750 0.067333 0.002500 0.009333
0 0.746000 0.067667 0.003000 0.008667
0 0.845250 0.046000 0.002500 0.009333
0 0.840500 0.044000 0.003000 0.009333
0 0.828750 0.024333 0.002500 0.007333
