0 0.070357 0.206853 0.007857 0.027909
0 0.075357 0.209390 0.006429 0.015228
0 0.034286 0.035533 0.005704 0.020305
0 0.032500 0.049492 0.006429 0.022843
0 0.022857 0.001421 0.005714 0.017766
0 0.027857 0.037437 0.004286 0.003959
0 0.237043 0.202411 0.005714 0.026650
0 0.230357 0.200142 0.006429 0.026650
0 0.246429 0.240751 0.005714 0.026650
0 0.238929 0.246827 0.007857 0.029088
0 0.401071 0.545051 0.007857 0.029188
0 0.366070 0.418147 0.007857 0.031726
0 0.003571 0.289340 0.007143 0.025381
0 0.095000 0.290878 0.007143 0.025381
0 0.040071 0.109772 0.005000 0.019036
0 0.089286 0.096701 0.005714 0.022843
0 0.078929 0.097970 0.005000 0.022843
0 0.048204 0.095812 0.005000 0.019036
0 0.063571 0.062817 0.005714 0.021574
0 0.062857 0.090736 0.005714 0.021574
0 0.067143 0.086294 0.005714 0.017766
0 0.072500 0.088198 0.006429 0.021574
0 0.023570 0.034898 0.004286 0.016497
