0 0.675000 0.583333 0.012857 0.031429
0 0.655714 0.524286 0.010000 0.035238
0 0.616071 0.522857 0.012143 0.030476
0 0.595704 0.622381 0.014286 0.046667
0 0.580071 0.639524 0.016429 0.046667
0 0.606786 0.397619 0.009286 0.029524
0 0.602500 0.399524 0.007857 0.029524
0 0.642500 0.260476 0.006429 0.023800
0 0.637857 0.267609 0.004286 0.013333
0 0.520704 0.185238 0.005714 0.016190
0 0.482043 0.322381 0.007143 0.025714
0 0.475704 0.318095 0.007143 0.026667
0 0.512500 0.190000 0.005000 0.018095
0 0.576429 0.223333 0.007143 0.012381
0 0.458204 0.187619 0.003571 0.017143
0 0.487857 0.011429 0.002857 0.011429
0 0.496429 0.085704 0.002857 0.009524
0 0.485000 0.010476 0.002857 0.009524
0 0.570786 0.091429 0.003571 0.011429
0 0.631786 0.276667 0.006429 0.018095
0 0.600786 0.381429 0.010714 0.027619
0 0.604286 0.382381 0.008571 0.031429
0 0.769643 0.500952 0.012143 0.039048
0 0.478214 0.176190 0.005000 0.011429
0 0.477043 0.174762 0.004286 0.014286
