0 0.702500 0.594333 0.030000 0.054000
0 0.443750 0.324000 0.019500 0.033333
0 0.409500 0.323333 0.015000 0.030667
0 0.467250 0.278333 0.008500 0.044667
0 0.420250 0.232000 0.015500 0.046667
0 0.487500 0.249667 0.002000 0.046000
0 0.477500 0.243667 0.002000 0.042000
0 0.468500 0.259000 0.001000 0.027333
0 0.368250 0.228333 0.004500 0.031333
0 0.357000 0.253667 0.003000 0.040667
0 0.357750 0.243333 0.009500 0.017333
0 0.333500 0.232000 0.012000 0.036000
0 0.698250 0.240333 0.008500 0.044667
0 0.720500 0.280667 0.013000 0.044000
0 0.743750 0.246000 0.005500 0.040000
0 0.736250 0.229667 0.008500 0.040667
0 0.778250 0.288333 0.009500 0.044667
0 0.773250 0.283000 0.008500 0.043333
