0 0.024000 0.455333 0.009000 0.022667
0 0.012250 0.457000 0.008500 0.024667
0 0.004500 0.457000 0.009000 0.022000
0 0.098750 0.460667 0.009500 0.025333
0 0.056250 0.509000 0.009500 0.026000
0 0.059000 0.618667 0.008000 0.025333
0 0.246750 0.605667 0.009500 0.027333
0 0.230500 0.583333 0.000000 0.024000
0 0.476000 0.737333 0.010000 0.021333
0 0.450000 0.535333 0.006000 0.014667
0 0.429250 0.626667 0.009500 0.029333
0 0.507750 0.709000 0.000500 0.032667
0 0.549500 0.702333 0.009000 0.019333
0 0.551250 0.766667 0.010500 0.020000
0 0.606250 0.829000 0.010500 0.035333
0 0.402750 0.921333 0.014500 0.037333
0 0.447750 0.846333 0.013500 0.030000
0 0.922000 0.859000 0.014000 0.032667
0 0.929250 0.842333 0.011500 0.028667
0 0.401500 0.489333 0.010000 0.017333
0 0.595250 0.490000 0.008500 0.026667
0 0.674750 0.572000 0.009500 0.022667
0 0.709500 0.680000 0.011000 0.034667
0 0.726750 0.675667 0.000500 0.035333
0 0.396750 0.704667 0.013500 0.028000
