0 0.363750 0.678333 0.006500 0.047333
0 0.374750 0.650000 0.020500 0.046667
0 0.673750 0.083000 0.006500 0.024667
0 0.205750 0.655667 0.027500 0.043333
0 0.255250 0.642333 0.032500 0.047333
0 0.363250 0.432333 0.003500 0.047333
0 0.408750 0.437000 0.009500 0.039333
0 0.408750 0.431000 0.010500 0.019333
0 0.509000 0.260333 0.011000 0.030667
0 0.509250 0.305667 0.009500 0.035333
0 0.508250 0.312333 0.009500 0.022000
0 0.308500 0.323333 0.011000 0.034667
0 0.325250 0.308667 0.011500 0.034667
0 0.274750 0.295333 0.002500 0.034667
0 0.274250 0.232667 0.002500 0.029333
0 0.056000 0.558667 0.026000 0.037333
0 0.068000 0.529667 0.030000 0.050000
0 0.599750 0.564000 0.024500 0.033333
0 0.602250 0.578333 0.030500 0.051333
