0 0.185000 0.903333 0.025714 0.031429
0 0.177500 0.915238 0.022143 0.019048
0 0.173571 0.860000 0.022857 0.026667
0 0.171429 0.738571 0.018571 0.033333
0 0.473929 0.803333 0.016429 0.031429
0 0.596071 0.718095 0.016429 0.020952
0 0.662857 0.612857 0.021429 0.023810
0 0.647857 0.579524 0.018571 0.023810
0 0.458929 0.455238 0.009286 0.032380
0 0.479286 0.465238 0.008570 0.021905
0 0.475704 0.455238 0.012857 0.024762
0 0.167500 0.182857 0.013571 0.019048
0 0.175714 0.055238 0.014286 0.017143
0 0.902500 0.566667 0.022143 0.024762
0 0.980704 0.310952 0.018571 0.027619
0 0.954286 0.267609 0.020000 0.024762
0 0.955000 0.246090 0.020000 0.027619
