0 0.397500 0.324762 0.005000 0.038095
0 0.434286 0.292380 0.010000 0.032381
0 0.438204 0.440476 0.013571 0.046667
0 0.470704 0.532857 0.017143 0.067619
0 0.737857 0.497609 0.018571 0.042857
0 0.619643 0.470476 0.015000 0.022857
0 0.695714 0.079524 0.007143 0.012381
0 0.667500 0.051905 0.007857 0.010476
0 0.706429 0.150952 0.007143 0.014286
0 0.718571 0.149048 0.005714 0.016190
0 0.824643 0.002857 0.007857 0.022857
0 0.857043 0.206190 0.010000 0.027619
0 0.888204 0.206190 0.012143 0.033333
0 0.802500 0.218571 0.007857 0.016190
