0 0.844643 0.755714 0.022143 0.035238
0 0.637500 0.590952 0.000714 0.039048
0 0.573571 0.560000 0.011429 0.028571
0 0.080786 0.352857 0.012143 0.027619
0 0.044286 0.353333 0.005714 0.026667
0 0.065704 0.361429 0.011429 0.025714
0 0.036071 0.424762 0.012143 0.022857
0 0.477143 0.468571 0.014286 0.024762
0 0.423214 0.537619 0.015000 0.027619
0 0.586071 0.429048 0.009286 0.020000
0 0.668571 0.416667 0.010000 0.023810
0 0.724286 0.437619 0.008571 0.027619
0 0.713214 0.499524 0.010714 0.027619
0 0.625000 0.466667 0.010000 0.030476
0 0.718929 0.498095 0.009286 0.028571
0 0.592500 0.376190 0.007857 0.017143
0 0.633204 0.371429 0.006429 0.024762
0 0.640786 0.368571 0.006429 0.024762
0 0.672857 0.340476 0.007043 0.021905
0 0.728929 0.364762 0.007857 0.028570
0 0.733570 0.347143 0.007143 0.021905
0 0.955704 0.259524 0.007143 0.018095
0 0.942857 0.305704 0.010000 0.020952
0 0.898929 0.290476 0.009286 0.009048
0 0.900071 0.189048 0.006429 0.014286
0 0.900429 0.200952 0.002857 0.011429
0 0.883571 0.216667 0.005714 0.010476
0 0.879286 0.037619 0.002857 0.008571
0 0.886070 0.132857 0.002143 0.008571
