0 0.480704 0.063452 0.005714 0.027919
0 0.490000 0.056472 0.004286 0.003959
0 0.495704 0.084391 0.007143 0.029188
0 0.500071 0.085025 0.006429 0.025381
0 0.489643 0.336294 0.005000 0.027909
0 0.495357 0.340371 0.007857 0.027919
0 0.554643 0.258249 0.007857 0.020574
0 0.570000 0.287437 0.004286 0.020574
0 0.463204 0.247462 0.009286 0.015228
0 0.475704 0.184645 0.005714 0.024112
0 0.480786 0.186548 0.005000 0.022843
0 0.490071 0.186548 0.005000 0.022843
0 0.492857 0.082741 0.004286 0.025381
0 0.457500 0.650650 0.009286 0.039340
0 0.498929 0.688452 0.006429 0.020574
0 0.631071 0.677665 0.017857 0.025381
0 0.637857 0.666878 0.010000 0.026650
0 0.633214 0.437183 0.012143 0.016497
0 0.676786 0.430838 0.007857 0.034264
0 0.587857 0.083756 0.007143 0.015228
0 0.594643 0.087563 0.006429 0.012690
0 0.603204 0.059645 0.006429 0.022843
0 0.543571 0.074239 0.015714 0.008883
0 0.542143 0.064086 0.007143 0.013959
