0 0.521786 0.006667 0.002143 0.003810
0 0.511786 0.010476 0.002143 0.003810
0 0.507500 0.014762 0.002143 0.004762
0 0.500714 0.075714 0.002857 0.004762
0 0.543571 0.054286 0.002857 0.005714
0 0.518571 0.120000 0.002857 0.005714
0 0.505704 0.117143 0.002857 0.011429
0 0.504643 0.030476 0.003571 0.013333
0 0.482500 0.030000 0.003571 0.012381
0 0.486429 0.087143 0.004286 0.016190
0 0.596786 0.072857 0.003571 0.012381
0 0.497857 0.327143 0.007143 0.014286
0 0.497500 0.323810 0.006429 0.015238
0 0.463929 0.363333 0.006429 0.020905
0 0.456786 0.383333 0.006429 0.023800
0 0.379643 0.293333 0.006429 0.020952
0 0.470714 0.443333 0.008571 0.020000
0 0.440000 0.540476 0.010000 0.018095
0 0.023204 0.644286 0.016429 0.031429
0 0.022043 0.684762 0.010000 0.015238
0 0.480714 0.601905 0.011429 0.017143
0 0.616071 0.574762 0.009286 0.023810
0 0.655714 0.734762 0.015714 0.020000
0 0.441786 0.793333 0.016429 0.032381
0 0.418929 0.792381 0.017857 0.030476
0 0.417500 0.776190 0.012143 0.017143
0 0.956786 0.600000 0.010714 0.020952
0 0.805714 0.427143 0.005714 0.021905
