0 0.422756 0.322820 0.006263 0.025974
0 0.606733 0.420223 0.009906 0.038961
0 0.639092 0.325039 0.009916 0.028757
0 0.627870 0.332096 0.007307 0.025974
0 0.616649 0.367347 0.005741 0.020408
0 0.606994 0.333488 0.006263 0.026902
0 0.609603 0.329314 0.006263 0.025974
0 0.645606 0.278293 0.005219 0.024119
0 0.480689 0.339518 0.006263 0.025974
0 0.543309 0.317254 0.006263 0.027829
0 0.532620 0.305095 0.006785 0.025974
0 0.552092 0.314471 0.006263 0.027829
0 0.538622 0.296846 0.004075 0.020408
0 0.552192 0.366883 0.007307 0.023191
0 0.544102 0.548701 0.010960 0.032468
0 0.565500 0.606215 0.009916 0.049165
0 0.564708 0.614100 0.008351 0.048237
0 0.565762 0.604824 0.006263 0.024119
0 0.552714 0.659091 0.008351 0.030612
0 0.547756 0.674861 0.006785 0.023191
0 0.558716 0.671150 0.010960 0.028757
0 0.554019 0.689239 0.008873 0.031540
0 0.562890 0.671614 0.010960 0.051948
0 0.559238 0.229592 0.005740 0.021336
0 0.546973 0.228664 0.005209 0.023191
0 0.586900 0.036364 0.004697 0.016698
0 0.570503 0.141466 0.003132 0.015770
0 0.541754 0.141002 0.004175 0.012987
0 0.514614 0.124304 0.003132 0.009276
0 0.367071 0.306122 0.006785 0.024119
0 0.379697 0.263451 0.006785 0.014842
0 0.382046 0.262523 0.005219 0.016698
0 0.524269 0.060297 0.002610 0.007421
0 0.524008 0.046382 0.002088 0.001132
0 0.540493 0.043599 0.002610 0.009276
0 0.516962 0.051948 0.002610 0.009276
0 0.513309 0.032468 0.001566 0.007421
