0 0.567500 0.570905 0.016429 0.029524
0 0.604643 0.545238 0.006429 0.029524
0 0.624643 0.547043 0.017857 0.027619
0 0.943929 0.387043 0.012143 0.021905
0 0.943929 0.403800 0.016429 0.026667
0 0.853204 0.393810 0.020714 0.031429
0 0.352500 0.322380 0.010714 0.027619
0 0.359286 0.325238 0.008570 0.027619
0 0.425357 0.078571 0.006429 0.025714
0 0.404643 0.180476 0.007857 0.023810
0 0.420357 0.079524 0.007857 0.027619
0 0.467500 0.033810 0.006429 0.025714
0 0.470429 0.129524 0.007143 0.022857
0 0.426070 0.024286 0.006429 0.021905
0 0.408214 0.019048 0.006429 0.020952
0 0.422043 0.016190 0.005714 0.017143
0 0.365357 0.008095 0.005000 0.016190
