0 0.326070 0.071429 0.010714 0.026667
0 0.380357 0.065704 0.015000 0.036190
0 0.496429 0.000476 0.008571 0.020952
0 0.298570 0.108095 0.011429 0.029524
0 0.308929 0.015714 0.013571 0.016190
0 0.217857 0.640000 0.017143 0.030476
0 0.275704 0.752857 0.020000 0.037143
0 0.287500 0.736090 0.013571 0.024762
0 0.294643 0.709524 0.005000 0.030476
0 0.060357 0.798571 0.016429 0.037143
0 0.340357 0.796090 0.022143 0.045714
0 0.059286 0.970952 0.020000 0.023800
0 0.908929 0.303810 0.012143 0.041905
0 0.897043 0.310952 0.022857 0.042857
0 0.880704 0.296190 0.012857 0.038095
