0 0.287043 0.033333 0.004286 0.013333
0 0.289286 0.034286 0.004286 0.003333
0 0.273570 0.113810 0.005714 0.016190
0 0.270429 0.142857 0.005714 0.017143
0 0.367500 0.329048 0.009286 0.029524
0 0.357857 0.360429 0.011429 0.031429
0 0.345357 0.360952 0.009286 0.030476
0 0.459643 0.209048 0.006429 0.023800
0 0.450000 0.084762 0.005714 0.019048
0 0.469643 0.095238 0.005000 0.017143
0 0.475357 0.093810 0.006429 0.020000
0 0.467500 0.073333 0.005000 0.017143
0 0.500357 0.129048 0.005000 0.018095
0 0.506429 0.131905 0.005714 0.018095
0 0.558570 0.127143 0.004286 0.018095
0 0.486429 0.086090 0.004286 0.014286
0 0.640786 0.198571 0.006429 0.021905
0 0.394643 0.023800 0.003571 0.013333
0 0.598204 0.277143 0.007857 0.026667
0 0.429643 0.792381 0.019286 0.043810
