0 0.237500 0.080429 0.006429 0.014286
0 0.437857 0.220000 0.001429 0.032381
0 0.434643 0.282380 0.009286 0.037143
0 0.449643 0.284286 0.002143 0.048571
0 0.450704 0.365714 0.014286 0.047619
0 0.408929 0.190000 0.009286 0.027619
0 0.437500 0.090000 0.012143 0.027619
0 0.440429 0.164762 0.008571 0.024762
0 0.435704 0.143810 0.008571 0.020952
0 0.420429 0.137619 0.004286 0.020000
0 0.420786 0.130476 0.005000 0.020952
0 0.272500 0.070952 0.005000 0.000476
0 0.288571 0.065238 0.002857 0.004762
0 0.306429 0.056090 0.002857 0.007619
0 0.320357 0.052857 0.003570 0.008571
0 0.437143 0.104286 0.002857 0.010476
0 0.435357 0.105238 0.003571 0.012381
0 0.448929 0.107619 0.003571 0.009524
0 0.507857 0.318571 0.012857 0.021905
0 0.502500 0.306667 0.012143 0.041905
0 0.568929 0.587609 0.025000 0.068571
0 0.602500 0.466190 0.026429 0.075238
0 0.501071 0.077143 0.005000 0.009524
