0 0.449643 0.973800 0.003571 0.010476
0 0.472043 0.992857 0.004286 0.010476
0 0.473570 0.968095 0.004286 0.010476
0 0.477857 0.950952 0.004286 0.002381
0 0.470000 0.902857 0.004286 0.010476
0 0.467043 0.917143 0.002857 0.011429
0 0.465704 0.853810 0.004286 0.010476
0 0.464643 0.873800 0.003571 0.010476
0 0.469643 0.868570 0.003571 0.009524
0 0.473204 0.874762 0.003571 0.008571
0 0.469286 0.879048 0.002857 0.007609
0 0.472857 0.892857 0.002857 0.002381
0 0.468929 0.895704 0.003571 0.010476
0 0.423204 0.904286 0.005000 0.010476
0 0.402043 0.905238 0.004286 0.010476
0 0.450429 0.758095 0.004286 0.007619
0 0.455000 0.756667 0.004286 0.006667
0 0.440786 0.523333 0.003571 0.006667
0 0.445357 0.522380 0.003571 0.006667
0 0.422857 0.260476 0.004286 0.008570
0 0.425704 0.259524 0.002857 0.006667
0 0.390357 0.070952 0.006429 0.008571
0 0.401429 0.141429 0.004286 0.008571
0 0.403214 0.138571 0.003571 0.006667
0 0.240000 0.027619 0.007143 0.013333
0 0.238570 0.117619 0.010000 0.012381
0 0.207500 0.073333 0.006429 0.009524
0 0.229286 0.094286 0.004286 0.005704
0 0.242857 0.008571 0.007143 0.009524
0 0.238570 0.107143 0.002857 0.006667
0 0.285704 0.163810 0.004286 0.009524
0 0.950071 0.614762 0.010714 0.008571
0 0.938570 0.698095 0.011429 0.007619
0 0.890786 0.808571 0.009286 0.013333
0 0.882043 0.886190 0.007143 0.008571
0 0.883929 0.887043 0.010714 0.010476
0 0.822857 0.933800 0.007143 0.010476
0 0.824286 0.935704 0.008571 0.014286
