0 0.378398 0.629770 0.012876 0.038168
0 0.585837 0.670802 0.002876 0.041985
0 0.560086 0.620183 0.021459 0.045802
0 0.270102 0.562023 0.014306 0.034351
0 0.560086 0.599704 0.018598 0.035305
0 0.624464 0.562023 0.008598 0.036260
0 0.604793 0.387882 0.002160 0.031489
0 0.494635 0.356393 0.005021 0.033397
0 0.238097 0.112595 0.014306 0.028626
0 0.054506 0.407920 0.015737 0.037214
0 0.028398 0.431298 0.022175 0.043893
0 0.742032 0.600191 0.015021 0.043893
0 0.747496 0.650240 0.020029 0.039122
0 0.768956 0.580053 0.015737 0.040076
0 0.792203 0.547233 0.005021 0.041031
0 0.826180 0.689885 0.020029 0.032443
0 0.623033 0.597328 0.021459 0.026718
0 0.260014 0.407920 0.013591 0.023855
0 0.265021 0.386927 0.013591 0.020038
0 0.262518 0.398378 0.015737 0.021947
0 0.231760 0.122615 0.011445 0.018130
0 0.044349 0.675095 0.020459 0.042939
0 0.026009 0.361641 0.027897 0.040076
0 0.370960 0.530534 0.011445 0.043893
0 0.366595 0.500019 0.017883 0.029580
0 0.006080 0.520038 0.002160 0.036260
0 0.056867 0.698473 0.022075 0.043893
