0 0.506250 0.964000 0.001500 0.044000
0 0.494250 0.976000 0.009500 0.040000
0 0.308250 0.958000 0.009500 0.034667
0 0.296500 0.948667 0.002000 0.034667
0 0.289750 0.957667 0.003500 0.030000
0 0.235750 0.904333 0.002500 0.036667
0 0.006750 0.689667 0.008500 0.020667
0 0.026750 0.678000 0.007500 0.024000
0 0.033750 0.699667 0.006500 0.009333
0 0.049750 0.482667 0.002500 0.009333
0 0.058500 0.492333 0.003000 0.010000
0 0.078500 0.806000 0.011000 0.026667
0 0.068500 0.810667 0.007000 0.022667
0 0.265750 0.889000 0.012500 0.036667
0 0.031500 0.701000 0.007000 0.024667
0 0.028250 0.631000 0.006500 0.011333
0 0.580500 0.970667 0.008000 0.040000
0 0.653250 0.960667 0.001500 0.046667
0 0.646750 0.967667 0.001500 0.044667
0 0.622500 0.945667 0.009000 0.034000
0 0.629250 0.951667 0.009500 0.028667
0 0.529000 0.903333 0.000000 0.040000
0 0.555500 0.904667 0.012000 0.038667
0 0.577250 0.901667 0.008500 0.038000
0 0.576250 0.887333 0.001500 0.025333
0 0.557250 0.887333 0.000500 0.034667
0 0.605500 0.895333 0.007000 0.038667
0 0.630750 0.899000 0.009500 0.034000
0 0.650250 0.852667 0.008500 0.029333
0 0.596500 0.878333 0.009000 0.024667
0 0.604500 0.892000 0.009000 0.036000
0 0.608750 0.873000 0.009500 0.009333
0 0.620000 0.888000 0.008000 0.037333
0 0.608750 0.870667 0.006500 0.026667
0 0.604250 0.862667 0.007500 0.026667
0 0.630000 0.868667 0.008000 0.021333
0 0.640750 0.862000 0.008500 0.022667
0 0.708500 0.840667 0.011000 0.029333
0 0.803750 0.848667 0.009500 0.032000
0 0.770000 0.804000 0.008000 0.020000
0 0.755750 0.808333 0.012500 0.015333
0 0.824250 0.777667 0.009500 0.018000
0 0.857750 0.796000 0.007500 0.028000
0 0.860750 0.817000 0.010500 0.026000
0 0.807750 0.744333 0.010500 0.027333
0 0.825250 0.746667 0.006500 0.020000
0 0.873500 0.747000 0.005000 0.024667
0 0.883000 0.752000 0.005000 0.028000
0 0.996000 0.702667 0.007000 0.025333
0 0.987750 0.932000 0.004500 0.037333
0 0.440500 0.845333 0.000000 0.029333
0 0.435250 0.815333 0.012500 0.021333
0 0.444250 0.806333 0.009500 0.016667
0 0.446500 0.817333 0.010000 0.009333
0 0.449500 0.828667 0.008000 0.020000
