0 0.188750 0.799000 0.012500 0.012667
0 0.195500 0.786333 0.013000 0.014000
0 0.194750 0.777000 0.010500 0.010000
0 0.179000 0.792333 0.009000 0.011333
0 0.185000 0.779667 0.009000 0.011333
0 0.070000 0.668333 0.009000 0.018000
0 0.094000 0.679000 0.015000 0.012667
0 0.102250 0.654333 0.013500 0.022000
0 0.113750 0.652000 0.008500 0.014667
0 0.023500 0.624667 0.012000 0.014667
0 0.115250 0.598333 0.013500 0.022000
0 0.011000 0.636667 0.019000 0.018667
0 0.001000 0.632333 0.013000 0.018000
0 0.094000 0.629333 0.002000 0.017333
0 0.072000 0.640333 0.005000 0.023333
0 0.065250 0.643333 0.004500 0.024000
0 0.072000 0.632000 0.001000 0.024000
0 0.043000 0.578667 0.017000 0.018667
0 0.197000 0.587667 0.012000 0.019333
0 0.171500 0.564000 0.011000 0.012000
0 0.202250 0.558000 0.002500 0.017333
0 0.200000 0.548333 0.007000 0.018000
0 0.092250 0.547333 0.011500 0.018667
0 0.230500 0.547667 0.011000 0.019333
0 0.242500 0.551667 0.010000 0.018000
0 0.248500 0.547000 0.006000 0.014000
0 0.268500 0.543000 0.002000 0.016667
0 0.275250 0.550333 0.010500 0.014000
0 0.286250 0.554667 0.000500 0.016000
0 0.303250 0.520667 0.010500 0.019333
0 0.339500 0.483667 0.000000 0.022000
0 0.343500 0.440333 0.009000 0.022000
0 0.339500 0.400000 0.010000 0.018667
0 0.356250 0.423000 0.008500 0.008000
0 0.350500 0.408333 0.007000 0.018000
0 0.382250 0.394667 0.006500 0.008667
0 0.390750 0.387333 0.006500 0.018667
0 0.364750 0.380667 0.008500 0.019333
0 0.260500 0.168667 0.006000 0.012000
0 0.223000 0.099000 0.000000 0.016667
0 0.505500 0.206000 0.006000 0.008667
0 0.508750 0.258667 0.006500 0.016000
0 0.508250 0.502667 0.008500 0.020000
0 0.509750 0.500333 0.004500 0.010000
0 0.523000 0.450333 0.006000 0.017333
0 0.549500 0.344667 0.006000 0.007333
0 0.565500 0.267667 0.006000 0.006667
0 0.599000 0.276667 0.006000 0.006000
0 0.567500 0.278333 0.006000 0.006667
0 0.574250 0.283000 0.006500 0.008000
0 0.578750 0.276667 0.005500 0.004667
0 0.614750 0.236000 0.007500 0.013333
0 0.636750 0.238000 0.006500 0.007333
0 0.644250 0.225000 0.005500 0.004000
0 0.646000 0.205333 0.009000 0.018667
0 0.645250 0.201333 0.005500 0.016000
0 0.664250 0.200667 0.004500 0.007333
0 0.603250 0.037333 0.006500 0.017333
0 0.656250 0.067000 0.065500 0.034000
