0 0.228000 0.226667 0.007000 0.020333
0 0.222250 0.220000 0.000500 0.033333
0 0.096000 0.226000 0.012000 0.030667
0 0.324500 0.239000 0.001000 0.034000
0 0.339000 0.225000 0.001000 0.034000
0 0.349250 0.227667 0.009500 0.027333
0 0.234750 0.267667 0.008500 0.028667
0 0.231000 0.285000 0.015000 0.030000
0 0.497250 0.280667 0.001500 0.044000
0 0.463500 0.243000 0.001000 0.039333
0 0.373000 0.237333 0.000000 0.034667
0 0.370500 0.325000 0.012000 0.054000
0 0.382750 0.229000 0.001500 0.035333
0 0.362000 0.200000 0.007000 0.030667
0 0.366750 0.200667 0.005500 0.025333
0 0.369500 0.094000 0.007000 0.030667
0 0.385250 0.192000 0.009500 0.021333
0 0.395250 0.189333 0.009500 0.017333
0 0.406250 0.233333 0.007500 0.038667
0 0.380750 0.319333 0.011500 0.048000
0 0.393500 0.320000 0.010000 0.035333
0 0.399750 0.307000 0.013500 0.047333
0 0.404000 0.310667 0.011000 0.048000
0 0.432000 0.244000 0.008000 0.028000
0 0.434250 0.225667 0.008500 0.030333
0 0.440000 0.239333 0.008000 0.033333
0 0.447500 0.246000 0.009000 0.036000
0 0.459250 0.224000 0.000500 0.033333
0 0.444500 0.232667 0.008000 0.024000
0 0.477750 0.238333 0.000500 0.034000
0 0.479500 0.229000 0.010000 0.022000
0 0.505000 0.288333 0.010000 0.046000
0 0.504250 0.222667 0.009500 0.028000
0 0.506250 0.230333 0.009500 0.022000
0 0.540250 0.227000 0.008500 0.028667
0 0.563500 0.222667 0.007000 0.030667
0 0.556750 0.226333 0.008500 0.027333
0 0.520250 0.223667 0.005500 0.030000
0 0.508500 0.224333 0.007000 0.027333
0 0.504750 0.231667 0.006500 0.034000
0 0.299000 0.403333 0.003000 0.053333
0 0.332250 0.392667 0.007500 0.054667
0 0.388500 0.534667 0.028000 0.072000
0 0.430500 0.495333 0.008000 0.066667
0 0.443500 0.570000 0.021000 0.060667
0 0.577500 0.489000 0.020000 0.062000
0 0.290750 0.596667 0.025500 0.066667
0 0.307250 0.939000 0.039500 0.007333
0 0.469750 0.902667 0.044500 0.068000
0 0.573250 0.595000 0.034500 0.067333
0 0.596000 0.586000 0.006000 0.049333
0 0.608000 0.560000 0.029000 0.076000
0 0.527250 0.454667 0.025500 0.060333
0 0.534750 0.420333 0.015500 0.064000
0 0.594500 0.476667 0.020000 0.061333
0 0.706250 0.465333 0.019500 0.056000
0 0.744250 0.463667 0.025500 0.064667
0 0.778250 0.495000 0.008500 0.062000
0 0.788500 0.509333 0.017000 0.054667
0 0.762250 0.501667 0.013500 0.028667
0 0.720750 0.206667 0.006500 0.028000
0 0.736000 0.202000 0.008000 0.022667
0 0.747250 0.203667 0.007500 0.023333
0 0.778250 0.207667 0.002500 0.032667
0 0.858750 0.088667 0.010500 0.034667
0 0.956750 0.090000 0.010500 0.033333
0 0.926000 0.097667 0.015000 0.035333
0 0.904750 0.097333 0.011500 0.033333
0 0.836000 0.207000 0.002000 0.030000
0 0.842500 0.209667 0.000000 0.030000
0 0.835500 0.206333 0.002000 0.030000
0 0.842000 0.097000 0.011000 0.026000
0 0.880750 0.200000 0.013500 0.022667
0 0.913000 0.197000 0.012000 0.020667
0 0.818250 0.159000 0.010500 0.024667
0 0.861500 0.276667 0.011000 0.028000
0 0.290250 0.293333 0.016500 0.042667
0 0.265250 0.409333 0.020500 0.046667
0 0.256000 0.407333 0.021000 0.057333
0 0.256000 0.462667 0.030000 0.050667
0 0.247750 0.580000 0.026500 0.075333
0 0.045750 0.618000 0.036500 0.072000
0 0.053000 0.707333 0.063000 0.080333
0 0.051000 0.809000 0.048000 0.075333
0 0.097000 0.652333 0.035000 0.062000
0 0.066250 0.600667 0.033500 0.061333
0 0.015500 0.900000 0.060000 0.094667
0 0.080000 0.588667 0.045000 0.070667
0 0.040750 0.600333 0.034500 0.059333
