0 0.795500 0.796667 0.014000 0.030667
0 0.584500 0.586333 0.009000 0.030333
0 0.545250 0.496000 0.003500 0.008667
0 0.543750 0.500667 0.006500 0.022667
0 0.540750 0.507667 0.005500 0.022000
0 0.534000 0.504000 0.008000 0.021333
0 0.526250 0.506333 0.006500 0.020667
0 0.503000 0.495000 0.005000 0.020667
0 0.482000 0.493333 0.006000 0.018667
0 0.531750 0.444333 0.006500 0.011333
0 0.540750 0.447667 0.004500 0.006667
0 0.078750 0.604667 0.008500 0.026667
0 0.217500 0.487000 0.006000 0.014000
0 0.365750 0.471333 0.005500 0.016000
0 0.386500 0.405000 0.005000 0.004000
0 0.356500 0.395667 0.004000 0.010000
0 0.343250 0.309667 0.001500 0.008667
0 0.360000 0.319667 0.001000 0.007333
0 0.358000 0.300333 0.002000 0.006000
0 0.355250 0.308333 0.002500 0.006000
0 0.450750 0.396000 0.003500 0.013333
0 0.445500 0.397000 0.003000 0.004000
0 0.444250 0.428333 0.003500 0.005333
0 0.402750 0.360667 0.003500 0.000667
