0 0.003571 0.453046 0.015714 0.012690
0 0.057857 0.444062 0.020000 0.015228
0 0.013214 0.421954 0.017857 0.016497
0 0.019643 0.503807 0.016429 0.015228
0 0.027500 0.479695 0.016429 0.015228
0 0.080714 0.360406 0.014286 0.020305
0 0.080714 0.360406 0.012857 0.012690
0 0.089286 0.359772 0.012857 0.016497
0 0.082143 0.455584 0.011429 0.010152
0 0.079286 0.467640 0.011429 0.013959
0 0.230357 0.534264 0.005000 0.015228
0 0.239286 0.592640 0.002857 0.012690
0 0.208570 0.743655 0.012857 0.012690
0 0.220704 0.786802 0.014286 0.025381
0 0.862500 0.992386 0.007857 0.002690
0 0.870357 0.993655 0.009286 0.000152
0 0.809643 0.919416 0.013571 0.019036
0 0.830429 0.920051 0.012857 0.022843
0 0.805000 0.848350 0.011429 0.024112
0 0.840704 0.844543 0.015714 0.026650
0 0.826070 0.763325 0.009286 0.019036
0 0.802143 0.762690 0.010000 0.017766
0 0.837857 0.767032 0.015714 0.016497
0 0.843929 0.762690 0.006429 0.020305
0 0.862500 0.776005 0.013571 0.016497
0 0.870357 0.774012 0.013571 0.020305
0 0.886786 0.760787 0.005000 0.019036
0 0.848570 0.719543 0.014286 0.015228
0 0.839643 0.692259 0.003571 0.013959
0 0.869286 0.580853 0.015714 0.016497
0 0.876786 0.609037 0.016429 0.017766
0 0.920071 0.663071 0.016429 0.021574
0 0.909643 0.692893 0.016429 0.020305
0 0.993570 0.408629 0.012857 0.012690
0 0.995000 0.383249 0.000000 0.012690
0 0.875357 0.522843 0.003571 0.010152
0 0.880357 0.499365 0.007857 0.016497
0 0.870704 0.441624 0.021429 0.012690
0 0.950429 0.363579 0.020000 0.013959
0 0.960357 0.378073 0.017857 0.015228
0 0.928929 0.400533 0.017857 0.016497
0 0.850704 0.417513 0.014286 0.022843
0 0.850357 0.388325 0.009286 0.015228
0 0.855000 0.399746 0.005714 0.015228
0 0.808570 0.430203 0.017143 0.017766
0 0.803929 0.470078 0.013571 0.016497
0 0.798570 0.484772 0.012857 0.012690
0 0.749643 0.490117 0.010714 0.015228
0 0.743204 0.500635 0.010714 0.011421
0 0.703929 0.360406 0.012143 0.012690
0 0.707857 0.475888 0.001429 0.017766
0 0.676429 0.403071 0.010000 0.019036
0 0.727857 0.402437 0.011429 0.012690
0 0.730071 0.401015 0.009286 0.015228
0 0.733570 0.385152 0.011429 0.013959
0 0.660786 0.486675 0.012143 0.016497
0 0.589643 0.523477 0.007857 0.003959
0 0.457500 0.493655 0.006429 0.007766
0 0.459286 0.478426 0.007043 0.012690
0 0.480357 0.508401 0.013571 0.019036
0 0.598929 0.508249 0.009286 0.006497
0 0.603571 0.465102 0.007143 0.016497
0 0.630357 0.495558 0.000714 0.016497
