0 0.029000 0.954667 0.044000 0.050667
0 0.000250 0.892667 0.050500 0.072000
0 0.707000 0.760667 0.033000 0.068667
0 0.809500 0.651000 0.031000 0.051333
0 0.735250 0.320000 0.020500 0.055333
0 0.622500 0.402000 0.011000 0.024000
0 0.620250 0.404667 0.014500 0.050667
0 0.625250 0.389667 0.007500 0.024667
0 0.617250 0.380000 0.018500 0.036000
0 0.630250 0.296667 0.004500 0.056000
0 0.660000 0.259000 0.007000 0.052667
0 0.656000 0.203333 0.017000 0.042667
0 0.655250 0.006333 0.012500 0.032667
0 0.360750 0.026000 0.014500 0.046667
