0 0.705000 0.392032 0.004286 0.020305
0 0.708929 0.390228 0.005000 0.009036
0 0.847500 0.450142 0.006429 0.019036
0 0.808929 0.439720 0.005000 0.026650
0 0.476786 0.340002 0.005000 0.017766
0 0.468204 0.340102 0.005000 0.020305
0 0.390786 0.340102 0.005000 0.020305
0 0.502500 0.522208 0.006429 0.021574
0 0.358570 0.341371 0.004286 0.022843
0 0.300357 0.313452 0.006429 0.015228
0 0.360357 0.680203 0.007857 0.020305
0 0.360000 0.672589 0.010000 0.020305
0 0.330429 0.691624 0.005714 0.027919
0 0.352500 0.838832 0.007857 0.025380
0 0.349643 0.842640 0.006429 0.022843
