0 0.568571 0.034286 0.004286 0.005714
0 0.560000 0.050952 0.002857 0.006667
0 0.584286 0.034286 0.002857 0.007619
0 0.584643 0.055238 0.003571 0.007619
0 0.567143 0.073810 0.004286 0.006667
0 0.619286 0.100952 0.004286 0.009524
0 0.648570 0.099048 0.004286 0.013333
0 0.646070 0.087143 0.005000 0.014286
0 0.650071 0.196667 0.003571 0.014286
0 0.650357 0.085238 0.003571 0.012381
0 0.661786 0.186667 0.003571 0.009524
0 0.524643 0.263333 0.005000 0.012381
0 0.590714 0.282381 0.004286 0.010476
0 0.572143 0.411429 0.005714 0.013333
0 0.551071 0.447619 0.007857 0.011429
0 0.664286 0.446667 0.005704 0.019048
0 0.566071 0.531905 0.005000 0.012381
0 0.547143 0.534286 0.005714 0.013333
0 0.496071 0.518571 0.007857 0.012381
0 0.528571 0.572381 0.005714 0.013333
0 0.546071 0.591905 0.006429 0.012381
0 0.593571 0.685714 0.010000 0.017143
0 0.593571 0.680000 0.008571 0.013333
0 0.568571 0.836667 0.010000 0.018095
0 0.551071 0.816667 0.010714 0.016190
0 0.525000 0.835714 0.008571 0.010476
0 0.525000 0.827619 0.010000 0.013333
0 0.453570 0.372857 0.005714 0.020000
0 0.667500 0.072380 0.003571 0.013333
0 0.592857 0.183333 0.004286 0.008571
