0 0.967500 0.885238 0.016429 0.020000
0 0.785704 0.683810 0.011429 0.022857
0 0.498929 0.892381 0.013571 0.017143
0 0.481429 0.715714 0.008571 0.016190
0 0.517500 0.696667 0.006429 0.012381
0 0.524286 0.696667 0.004286 0.000476
0 0.451786 0.563333 0.007857 0.012381
0 0.454643 0.522381 0.005000 0.010476
0 0.465000 0.502857 0.004286 0.016190
0 0.507857 0.487143 0.004286 0.014286
0 0.325357 0.702380 0.006429 0.012381
0 0.310000 0.652381 0.005714 0.017143
0 0.081429 0.701429 0.007143 0.014286
0 0.097143 0.776190 0.008571 0.015238
0 0.102857 0.776190 0.007143 0.015238
0 0.044643 0.788571 0.010714 0.017143
