0 0.866070 0.503807 0.009286 0.035533
0 0.885357 0.570066 0.010714 0.020305
0 0.893571 0.604061 0.011429 0.020305
0 0.805357 0.315355 0.006429 0.013959
0 0.830000 0.373731 0.004286 0.021574
0 0.822857 0.375635 0.005714 0.012690
0 0.816071 0.372462 0.005000 0.011421
0 0.837143 0.435279 0.005714 0.012690
0 0.843571 0.438452 0.005714 0.021574
0 0.845000 0.452411 0.007143 0.019036
0 0.768571 0.197335 0.002857 0.011421
0 0.773214 0.228426 0.005000 0.022843
0 0.744286 0.083756 0.004286 0.010152
0 0.734643 0.083122 0.006429 0.008883
0 0.740357 0.081218 0.003571 0.010152
0 0.759643 0.014213 0.005000 0.020305
0 0.744286 0.037056 0.005714 0.020305
