0 0.965000 0.774762 0.044286 0.115238
0 0.072857 0.453333 0.008570 0.024762
0 0.001786 0.499524 0.016429 0.040952
0 0.085357 0.484286 0.002143 0.029524
0 0.067143 0.517619 0.010000 0.033333
0 0.066786 0.513810 0.010714 0.039048
0 0.202143 0.491905 0.015714 0.027619
0 0.293571 0.491429 0.012857 0.026667
0 0.032500 0.540476 0.020704 0.046667
0 0.038929 0.507143 0.009286 0.036190
0 0.047857 0.532380 0.015714 0.043810
0 0.075000 0.530429 0.014286 0.049524
0 0.078929 0.527043 0.022143 0.044762
0 0.393929 0.479048 0.005000 0.041905
0 0.702857 0.467143 0.011429 0.029524
