0 0.036429 0.024286 0.002857 0.029524
0 0.068929 0.054762 0.003571 0.029524
0 0.239643 0.026190 0.012143 0.029524
0 0.034286 0.098095 0.015714 0.030476
0 0.045714 0.229524 0.015714 0.028571
0 0.091071 0.203810 0.012143 0.026667
0 0.054286 0.399048 0.021429 0.038095
0 0.072143 0.397619 0.017143 0.035238
0 0.090357 0.421429 0.019286 0.039048
0 0.094643 0.393333 0.019286 0.043810
0 0.050357 0.402381 0.023571 0.038095
0 0.368570 0.381905 0.015714 0.045714
0 0.110714 0.428095 0.025714 0.046667
0 0.037500 0.595714 0.039286 0.021905
0 0.535704 0.556667 0.012857 0.044762
0 0.403929 0.623333 0.006429 0.042857
0 0.309286 0.904762 0.022857 0.045704
0 0.307500 0.980952 0.032043 0.034286
0 0.609643 0.978570 0.025000 0.031429
0 0.450000 0.645238 0.020429 0.044762
0 0.604643 0.731429 0.022143 0.043810
0 0.550000 0.560476 0.002857 0.035238
0 0.566786 0.606090 0.007857 0.035238
0 0.608571 0.674762 0.014286 0.037143
0 0.665357 0.690952 0.007857 0.035238
0 0.443204 0.775714 0.019286 0.033333
0 0.820704 0.583810 0.014286 0.038095
0 0.815357 0.526190 0.015000 0.021905
0 0.826429 0.538571 0.015714 0.021905
0 0.907143 0.377143 0.017143 0.036190
0 0.805704 0.705238 0.020000 0.033333
0 0.440786 0.754286 0.020714 0.020952
