0 0.092857 0.356599 0.004286 0.012690
0 0.006429 0.584391 0.005714 0.006345
0 0.006429 0.755076 0.005704 0.010152
0 0.870357 0.005701 0.003571 0.008883
0 0.857857 0.060548 0.002857 0.011421
0 0.886786 0.006497 0.003571 0.007614
0 0.890704 0.012690 0.002857 0.007614
0 0.894286 0.020305 0.002857 0.007604
0 0.898929 0.020574 0.003571 0.007614
0 0.903570 0.024746 0.002857 0.006345
0 0.905357 0.024746 0.003571 0.011421
0 0.776429 0.084010 0.004286 0.010152
0 0.770429 0.192259 0.002857 0.008883
0 0.807043 0.344543 0.005714 0.011421
0 0.802857 0.347716 0.004286 0.010152
0 0.820357 0.346447 0.003570 0.010152
0 0.822500 0.335025 0.003570 0.010152
0 0.828570 0.338832 0.004286 0.012690
0 0.677500 0.305990 0.002143 0.007614
0 0.679286 0.306624 0.002857 0.008883
0 0.692857 0.308376 0.002857 0.000152
0 0.666786 0.346447 0.002043 0.007614
0 0.640786 0.355330 0.003571 0.010152
0 0.648204 0.394036 0.003571 0.008883
0 0.728570 0.184645 0.002857 0.008883
0 0.720357 0.200777 0.003571 0.010152
0 0.526786 0.209390 0.002143 0.010152
0 0.569643 0.279822 0.002043 0.008883
0 0.480786 0.111675 0.002143 0.010152
0 0.085704 0.130711 0.004286 0.012690
0 0.088204 0.128173 0.003571 0.007614
