0 0.260071 0.908571 0.046429 0.076190
0 0.049286 0.960429 0.044286 0.077143
0 0.645000 0.907143 0.028571 0.063810
0 0.628929 0.933333 0.032143 0.066667
0 0.534286 0.900952 0.025714 0.061905
0 0.580357 0.250905 0.007857 0.020000
0 0.588570 0.253333 0.007143 0.022857
0 0.593929 0.253800 0.007857 0.023810
0 0.488929 0.180952 0.005000 0.009524
0 0.260429 0.446190 0.015714 0.031429
0 0.380000 0.420952 0.012857 0.032381
0 0.406786 0.456190 0.015000 0.028571
0 0.348570 0.410476 0.015714 0.038095
0 0.336429 0.409048 0.004286 0.039048
0 0.265357 0.235704 0.005000 0.020000
0 0.350714 0.299524 0.010000 0.023810
0 0.365714 0.264286 0.007143 0.018095
0 0.384286 0.220429 0.005714 0.020000
0 0.376429 0.220952 0.007043 0.019048
0 0.370071 0.219048 0.006429 0.020952
0 0.366429 0.220952 0.007043 0.019048
0 0.368570 0.166190 0.004286 0.014286
0 0.362857 0.078571 0.004286 0.014286
0 0.356786 0.206667 0.005000 0.005238
0 0.350704 0.213333 0.005714 0.017143
0 0.360704 0.200000 0.005714 0.015238
0 0.362500 0.207043 0.005000 0.018095
0 0.367500 0.200905 0.005000 0.015238
0 0.378204 0.200952 0.005000 0.015238
0 0.374643 0.097619 0.006429 0.016190
0 0.370429 0.191905 0.004286 0.014286
0 0.367043 0.201905 0.005714 0.017143
0 0.367043 0.196190 0.007143 0.017143
0 0.367857 0.091905 0.004286 0.016190
0 0.348571 0.202857 0.007143 0.011429
0 0.370357 0.043333 0.003571 0.012381
0 0.373204 0.143810 0.003571 0.011429
