0 0.062500 0.649048 0.006429 0.027619
0 0.080357 0.655238 0.003571 0.019048
0 0.235357 0.543333 0.002143 0.016190
0 0.829643 0.004286 0.013571 0.028571
0 0.653929 0.039048 0.002143 0.036190
0 0.592043 0.093810 0.008571 0.035238
0 0.528204 0.043810 0.005000 0.028571
0 0.509286 0.048095 0.008571 0.025714
0 0.520000 0.036090 0.005714 0.026667
0 0.507500 0.033810 0.005000 0.021905
0 0.048571 0.621429 0.017143 0.012381
0 0.314643 0.738095 0.015000 0.022857
0 0.325357 0.726667 0.010714 0.019048
0 0.783214 0.084762 0.012143 0.024762
0 0.728214 0.306190 0.010714 0.014286
