0 0.067143 0.177619 0.004286 0.008571
0 0.103929 0.797619 0.005000 0.004762
0 0.006070 0.885238 0.009286 0.004762
0 0.005357 0.893810 0.007857 0.004762
0 0.750357 0.756667 0.006429 0.006667
0 0.877857 0.771429 0.005714 0.005714
0 0.916786 0.740000 0.005000 0.005714
0 0.310000 0.800000 0.004286 0.005714
0 0.427500 0.427043 0.003571 0.006667
0 0.425714 0.423333 0.002857 0.006667
0 0.427043 0.402381 0.002857 0.004762
0 0.427857 0.406667 0.004286 0.003800
0 0.344643 0.230952 0.003570 0.008571
0 0.845000 0.238570 0.005714 0.008571
0 0.703929 0.137619 0.003571 0.004762
0 0.745704 0.182381 0.002857 0.008571
0 0.747857 0.084762 0.004286 0.005714
0 0.765704 0.158571 0.004286 0.008571
0 0.942857 0.229524 0.007043 0.007619
0 0.589286 0.385238 0.002857 0.006667
