0 0.570750 0.413667 0.001500 0.004667
0 0.577750 0.418000 0.001500 0.005333
0 0.507750 0.494667 0.001500 0.006667
0 0.509250 0.496000 0.001500 0.004000
0 0.508000 0.522000 0.002000 0.009333
0 0.501500 0.520333 0.003000 0.010000
0 0.490000 0.570000 0.003000 0.012000
0 0.484000 0.567667 0.003000 0.002667
0 0.480000 0.569000 0.003000 0.002667
0 0.500000 0.583000 0.002000 0.006000
0 0.499750 0.588000 0.002500 0.008000
0 0.496000 0.590667 0.003000 0.011333
0 0.495000 0.589000 0.003000 0.001333
0 0.384500 0.771000 0.006000 0.008667
0 0.386000 0.760667 0.005000 0.020667
0 0.404750 0.648000 0.003500 0.013333
0 0.404500 0.653000 0.003000 0.008667
0 0.402500 0.649000 0.004000 0.015333
0 0.422500 0.632000 0.005000 0.006000
0 0.407000 0.589333 0.003000 0.000667
0 0.398500 0.587000 0.003000 0.001333
0 0.400000 0.583333 0.003000 0.000667
0 0.393500 0.583000 0.003000 0.001333
0 0.394000 0.560667 0.004000 0.009333
0 0.406250 0.562000 0.003500 0.010667
0 0.397250 0.554667 0.003500 0.010667
0 0.400000 0.550667 0.002000 0.011333
0 0.408250 0.557333 0.002500 0.008000
0 0.405000 0.557000 0.002000 0.008667
0 0.427250 0.562333 0.002500 0.001333
0 0.435750 0.553000 0.002500 0.007333
0 0.443000 0.560000 0.002000 0.000667
0 0.445250 0.560000 0.002500 0.010000
0 0.439000 0.503000 0.002000 0.010000
0 0.426750 0.476333 0.002500 0.004667
