0 0.453571 0.928095 0.008571 0.012381
0 0.496070 0.873810 0.009286 0.016190
0 0.467500 0.825704 0.009286 0.015238
0 0.452857 0.801429 0.010000 0.016190
0 0.462043 0.762857 0.007143 0.015238
0 0.467500 0.763333 0.006429 0.006190
0 0.456070 0.719524 0.007857 0.014286
0 0.466070 0.719524 0.009286 0.018095
0 0.478929 0.489524 0.006429 0.005238
0 0.465000 0.089524 0.008570 0.019048
0 0.453204 0.088571 0.006429 0.019048
0 0.455704 0.070952 0.007143 0.016190
0 0.459643 0.063333 0.006429 0.008095
0 0.443204 0.022381 0.007857 0.021905
0 0.378570 0.066190 0.008571 0.014286
