0 0.071071 0.555238 0.016429 0.040000
0 0.050714 0.555714 0.018571 0.037143
0 0.086429 0.720476 0.028570 0.050476
0 0.047857 0.384762 0.011429 0.028571
0 0.604286 0.614762 0.018571 0.035238
0 0.245000 0.400429 0.008571 0.023810
0 0.015714 0.304286 0.005714 0.016190
0 0.007500 0.305238 0.005000 0.016190
0 0.010714 0.307619 0.004286 0.009524
0 0.095704 0.302381 0.007143 0.012381
0 0.012143 0.281429 0.004286 0.014286
0 0.010714 0.279048 0.005714 0.015238
0 0.098571 0.276190 0.004286 0.015238
0 0.243204 0.432857 0.009286 0.023810
