0 0.824286 0.366750 0.007143 0.032995
0 0.808929 0.371193 0.006429 0.029188
0 0.799286 0.408629 0.008571 0.027919
0 0.787500 0.401650 0.006429 0.016497
0 0.738929 0.370193 0.007857 0.013959
0 0.738929 0.360675 0.006429 0.015228
0 0.705714 0.282995 0.004286 0.025381
0 0.789643 0.200025 0.006429 0.026650
0 0.746786 0.071954 0.003571 0.024112
0 0.750429 0.171320 0.004286 0.025381
0 0.752043 0.151650 0.004286 0.019036
0 0.747500 0.051650 0.003571 0.021574
0 0.702143 0.259518 0.005714 0.019036
0 0.707043 0.255711 0.002857 0.008883
0 0.706070 0.247462 0.006429 0.017766
0 0.722857 0.225888 0.004286 0.000152
0 0.702500 0.214467 0.003571 0.022843
0 0.707857 0.208122 0.004286 0.022843
0 0.707857 0.203198 0.004286 0.017766
0 0.697500 0.206371 0.005000 0.026650
0 0.701786 0.195431 0.005000 0.017766
0 0.742857 0.031980 0.004286 0.020305
0 0.750786 0.104061 0.003571 0.020305
0 0.748204 0.104695 0.003571 0.021574
0 0.743204 0.099619 0.005000 0.016497
0 0.745000 0.069062 0.004286 0.019036
0 0.732857 0.037437 0.005704 0.019036
0 0.707500 0.039975 0.003571 0.019036
0 0.703929 0.039975 0.002143 0.019036
0 0.728929 0.009670 0.003571 0.016497
0 0.730786 0.027284 0.005000 0.013959
0 0.698929 0.007604 0.005000 0.012690
0 0.662043 0.013959 0.004286 0.010152
0 0.659643 0.004594 0.003571 0.006345
0 0.640704 0.019036 0.002857 0.007614
0 0.642857 0.009036 0.002857 0.007614
0 0.644286 0.009036 0.004286 0.007614
0 0.419643 0.383249 0.009286 0.027919
0 0.937043 0.756980 0.012857 0.034264
0 0.930704 0.748096 0.010000 0.034264
