0 0.032857 0.970429 0.024286 0.051429
0 0.088570 0.711429 0.015714 0.047619
0 0.002857 0.701429 0.017143 0.037143
0 0.473570 0.982381 0.020000 0.035238
0 0.409643 0.624286 0.000714 0.033333
0 0.460357 0.624286 0.000714 0.040952
0 0.475000 0.622857 0.001429 0.041905
0 0.256429 0.337043 0.010000 0.028571
0 0.224643 0.300429 0.009286 0.023810
0 0.088929 0.274286 0.006429 0.022857
0 0.205704 0.237143 0.005714 0.019048
0 0.082857 0.060476 0.004286 0.008571
0 0.002500 0.057143 0.005000 0.011429
0 0.209643 0.284286 0.006429 0.023810
0 0.226070 0.287143 0.007857 0.018095
0 0.084643 0.209048 0.005000 0.016190
0 0.089643 0.210000 0.003571 0.014286
0 0.203570 0.048571 0.002857 0.009524
0 0.089286 0.153810 0.004286 0.010476
