0 0.254286 0.053800 0.005714 0.020000
0 0.008929 0.336667 0.012143 0.021905
0 0.090000 0.407609 0.012857 0.022857
0 0.085000 0.426190 0.011429 0.021905
0 0.273929 0.317619 0.007857 0.010476
0 0.032143 0.265714 0.008571 0.017143
0 0.178929 0.320476 0.009286 0.012381
0 0.176071 0.467143 0.009286 0.012381
0 0.152500 0.261429 0.010714 0.014286
0 0.147143 0.290952 0.007143 0.012381
0 0.139643 0.255238 0.009286 0.011429
0 0.034643 0.530952 0.016429 0.020000
0 0.020000 0.575238 0.011429 0.017143
0 0.268929 0.553810 0.006429 0.012381
0 0.092500 0.830429 0.020714 0.011429
0 0.567500 0.057143 0.003571 0.013333
0 0.570786 0.573333 0.009286 0.019048
0 0.558570 0.873810 0.008571 0.012381
