0 0.289286 0.043333 0.002857 0.006667
0 0.309286 0.075238 0.004286 0.011429
0 0.352043 0.136667 0.002857 0.012381
0 0.300357 0.207619 0.002143 0.012381
0 0.287043 0.217619 0.002857 0.010476
0 0.280000 0.203810 0.002857 0.008571
0 0.283929 0.069524 0.002143 0.009524
0 0.280000 0.070000 0.002857 0.008571
0 0.303214 0.234286 0.003571 0.013333
0 0.280786 0.238571 0.002143 0.010476
0 0.306786 0.342857 0.003570 0.013333
0 0.308204 0.361429 0.003571 0.016190
0 0.275357 0.232380 0.002143 0.009524
0 0.272500 0.203810 0.002143 0.008571
0 0.260704 0.389048 0.002857 0.012381
0 0.278570 0.530000 0.005714 0.016190
0 0.382857 0.400429 0.004286 0.021905
0 0.408929 0.020476 0.002143 0.010476
0 0.506070 0.191429 0.003571 0.011429
0 0.500786 0.192857 0.002143 0.008571
0 0.495704 0.193810 0.002857 0.010476
0 0.606429 0.370952 0.004286 0.006190
