0 0.071786 0.729048 0.015000 0.027619
0 0.247143 0.739048 0.012857 0.024762
0 0.252143 0.733333 0.011429 0.024762
0 0.286786 0.757143 0.012143 0.030476
0 0.962857 0.587043 0.011429 0.023810
0 0.502043 0.187619 0.004286 0.015238
0 0.679286 0.020476 0.002857 0.010476
0 0.652043 0.141905 0.002857 0.015238
0 0.688570 0.153810 0.004286 0.012381
0 0.698929 0.039524 0.003571 0.014286
0 0.666070 0.109048 0.003571 0.010476
0 0.676070 0.110476 0.005000 0.011429
0 0.670357 0.009524 0.002143 0.011429
0 0.653570 0.115714 0.002857 0.012381
0 0.623929 0.011429 0.003571 0.013333
0 0.460429 0.110000 0.001429 0.008571
0 0.568570 0.081429 0.001429 0.006667
0 0.626429 0.704286 0.017143 0.028571
0 0.605000 0.692857 0.007043 0.027619
