0 0.538250 0.794000 0.008500 0.036000
0 0.604750 0.667333 0.009500 0.026667
0 0.193250 0.767000 0.012500 0.030000
0 0.208250 0.761667 0.016500 0.026000
0 0.653000 0.636000 0.007000 0.028000
0 0.677500 0.650000 0.007000 0.030000
0 0.225000 0.482333 0.005000 0.005333
0 0.376250 0.479667 0.004500 0.006667
0 0.625250 0.382333 0.000500 0.006000
0 0.644750 0.392333 0.002500 0.007333
0 0.724000 0.404000 0.004000 0.009333
0 0.628000 0.425333 0.003000 0.002000
0 0.596500 0.427333 0.002000 0.008000
0 0.670000 0.429667 0.003000 0.008667
0 0.670250 0.425000 0.002500 0.008667
0 0.675250 0.429333 0.003500 0.008000
0 0.694500 0.436000 0.003000 0.000667
0 0.708250 0.432333 0.005500 0.007333
0 0.711250 0.428667 0.002500 0.006667
0 0.750750 0.444667 0.003500 0.003333
0 0.774000 0.463333 0.004000 0.004667
0 0.780500 0.463000 0.003000 0.002667
0 0.784750 0.462000 0.003500 0.002000
0 0.873750 0.431333 0.003500 0.006667
0 0.917500 0.461667 0.007000 0.010000
0 0.661750 0.463667 0.004500 0.010000
0 0.659500 0.463333 0.003000 0.010667
