0 0.865250 0.590667 0.042500 0.065333
0 0.738750 0.489000 0.024500 0.063333
0 0.563500 0.365333 0.008000 0.058667
0 0.550000 0.329667 0.015000 0.055333
0 0.088500 0.522333 0.028000 0.051333
0 0.220750 0.486333 0.027500 0.055333
0 0.300750 0.268000 0.019500 0.054667
0 0.734000 0.302000 0.024000 0.053333
0 0.668000 0.243667 0.009000 0.058000
0 0.648500 0.237000 0.008000 0.054000
0 0.367500 0.024667 0.015000 0.053333
0 0.384000 0.012667 0.015000 0.054667
0 0.426750 0.089000 0.006500 0.039333
0 0.435750 0.046333 0.018500 0.052667
