0 0.006786 0.528553 0.009286 0.016497
0 0.052043 0.434645 0.005714 0.016497
0 0.050000 0.435904 0.005714 0.013959
0 0.066429 0.408147 0.005714 0.016497
0 0.070357 0.420685 0.003570 0.013959
0 0.075000 0.406090 0.004286 0.017766
0 0.082857 0.401802 0.007143 0.021574
0 0.089643 0.407995 0.005000 0.009036
0 0.093570 0.406726 0.004286 0.016497
0 0.021071 0.380076 0.005000 0.011421
0 0.002857 0.373731 0.005714 0.019036
0 0.005357 0.376269 0.003571 0.011421
0 0.011429 0.374365 0.002857 0.007614
0 0.030714 0.350888 0.005714 0.016497
0 0.010000 0.364848 0.004286 0.013959
0 0.011429 0.362944 0.002857 0.012690
0 0.020357 0.353426 0.005000 0.016497
0 0.055000 0.310914 0.004286 0.015228
0 0.077500 0.302665 0.002143 0.013959
0 0.080357 0.304569 0.003571 0.015228
0 0.200357 0.305838 0.003570 0.010152
0 0.300357 0.710025 0.007857 0.031726
0 0.356429 0.526650 0.005704 0.022843
0 0.362043 0.524746 0.005714 0.021574
0 0.347857 0.496093 0.005714 0.025381
0 0.494286 0.525380 0.004286 0.022843
0 0.498929 0.520574 0.005000 0.020305
0 0.063214 0.461294 0.006429 0.013959
0 0.065000 0.458122 0.008571 0.020305
