0 0.574286 0.800476 0.022857 0.043810
0 0.590786 0.706667 0.023571 0.049524
0 0.490071 0.648571 0.016429 0.051429
0 0.476070 0.657143 0.016429 0.028571
0 0.323204 0.516190 0.020714 0.030476
0 0.699286 0.650905 0.014286 0.031429
0 0.680786 0.655238 0.015000 0.026667
0 0.663570 0.669048 0.018571 0.029524
0 0.600704 0.584762 0.014286 0.043810
0 0.580704 0.511905 0.011429 0.037143
0 0.606429 0.429524 0.008571 0.024762
0 0.532500 0.345238 0.009286 0.008095
0 0.530071 0.370000 0.007857 0.027619
0 0.546070 0.367619 0.007857 0.026667
0 0.546429 0.355238 0.008570 0.022857
0 0.520357 0.340476 0.009286 0.020905
0 0.669643 0.273800 0.012143 0.029524
0 0.677857 0.290476 0.004286 0.028571
0 0.747857 0.282380 0.014286 0.021905
0 0.770357 0.228570 0.015000 0.034286
0 0.752857 0.209524 0.005714 0.026667
0 0.753570 0.199048 0.012857 0.024762
0 0.802500 0.216667 0.013571 0.029524
0 0.843929 0.090952 0.015000 0.025714
0 0.838929 0.077619 0.015000 0.027619
0 0.900714 0.063333 0.018571 0.031429
0 0.569643 0.303810 0.015000 0.024762
0 0.275357 0.483333 0.006429 0.025714
0 0.823570 0.798571 0.021429 0.025714
