0 0.588570 0.517132 0.021429 0.072335
0 0.644643 0.633883 0.006429 0.044416
0 0.688929 0.780457 0.006429 0.035533
0 0.608214 0.930838 0.015000 0.034264
0 0.709643 0.786802 0.015000 0.035533
0 0.670786 0.854695 0.017857 0.031726
0 0.635704 0.831218 0.018571 0.030457
0 0.580786 0.954315 0.013571 0.030457
0 0.553570 0.912437 0.017143 0.027919
0 0.522043 0.961294 0.017143 0.031726
0 0.562857 0.950142 0.011429 0.029188
0 0.603571 0.817893 0.020000 0.036802
0 0.593570 0.823604 0.011429 0.040609
0 0.646429 0.790609 0.020000 0.038070
0 0.665704 0.763325 0.010000 0.039340
0 0.585704 0.796320 0.022857 0.054569
0 0.593204 0.800761 0.007857 0.035533
0 0.672500 0.743020 0.006429 0.039340
0 0.002500 0.299492 0.027857 0.053299
0 0.098204 0.503173 0.030714 0.036802
0 0.255357 0.204305 0.017857 0.063452
0 0.045704 0.210660 0.028571 0.055838
0 0.030357 0.240751 0.027857 0.054569
0 0.770429 0.543147 0.022857 0.040609
0 0.780071 0.597081 0.026429 0.036802
0 0.355000 0.018020 0.017143 0.058376
0 0.091071 0.125635 0.032143 0.040609
0 0.600714 0.984772 0.012857 0.027919
0 0.472857 0.987944 0.000000 0.016497
