0 0.596070 0.628571 0.012143 0.028571
0 0.608570 0.607619 0.008571 0.030476
0 0.375357 0.690952 0.002143 0.025714
0 0.327857 0.640000 0.001429 0.032381
0 0.382500 0.644286 0.009286 0.030429
0 0.027500 0.893800 0.015000 0.050476
0 0.678929 0.564286 0.002143 0.021905
0 0.863929 0.636667 0.000714 0.029524
0 0.840429 0.616667 0.010000 0.029524
0 0.835000 0.606667 0.000000 0.022857
0 0.862143 0.605238 0.010000 0.018095
0 0.874643 0.603333 0.012143 0.025714
0 0.767500 0.662857 0.012143 0.022857
0 0.638214 0.607619 0.010714 0.022857
0 0.400714 0.610952 0.012857 0.025714
0 0.050000 0.557619 0.010000 0.025714
0 0.275704 0.512381 0.008571 0.026667
0 0.275000 0.407619 0.004286 0.009524
0 0.492500 0.985704 0.020714 0.028571
