0 0.420704 0.215736 0.007143 0.027919
0 0.427500 0.201294 0.007857 0.026650
0 0.465357 0.200025 0.005000 0.024112
0 0.469286 0.208756 0.005704 0.026650
0 0.470704 0.122462 0.008571 0.026650
0 0.450429 0.100254 0.005714 0.025381
0 0.493929 0.073604 0.007857 0.025380
0 0.666429 0.092005 0.007043 0.024112
0 0.672043 0.095178 0.005714 0.027919
0 0.650357 0.301548 0.006429 0.026650
0 0.642857 0.306472 0.007043 0.026650
0 0.656070 0.493655 0.009286 0.025381
0 0.637500 0.724609 0.009286 0.017766
0 0.637857 0.762690 0.008570 0.020305
0 0.660357 0.762690 0.009286 0.022843
0 0.635357 0.787437 0.007857 0.009036
0 0.647043 0.801396 0.010000 0.024112
0 0.640786 0.934010 0.010714 0.017766
