0 0.444643 0.089524 0.005000 0.001429
0 0.439643 0.090476 0.005000 0.009524
0 0.382857 0.004762 0.004286 0.009524
0 0.447857 0.038095 0.002857 0.007619
0 0.448929 0.086667 0.003571 0.007619
0 0.456786 0.206667 0.003571 0.008571
0 0.460429 0.215714 0.002857 0.006667
0 0.456429 0.227043 0.004286 0.008571
0 0.462500 0.223800 0.003571 0.005714
0 0.465000 0.232380 0.002857 0.009524
0 0.467500 0.230476 0.005000 0.009524
0 0.453570 0.238095 0.004286 0.007619
0 0.458929 0.243800 0.003571 0.009524
0 0.460429 0.239524 0.004286 0.010476
0 0.487500 0.270952 0.003570 0.008571
0 0.466786 0.276090 0.005000 0.007619
0 0.454286 0.269524 0.004286 0.007609
0 0.450786 0.264762 0.003571 0.007619
0 0.457043 0.286667 0.004286 0.007619
0 0.453929 0.308570 0.005000 0.009524
0 0.460704 0.291429 0.004286 0.009524
0 0.466429 0.303810 0.002857 0.006667
0 0.444643 0.325704 0.003571 0.005714
0 0.445357 0.306667 0.003570 0.005714
0 0.426786 0.372380 0.005000 0.005714
0 0.440429 0.388095 0.007143 0.008571
0 0.787043 0.182381 0.007143 0.010476
0 0.787857 0.089524 0.002857 0.007619
0 0.804286 0.092857 0.007143 0.006667
0 0.809286 0.206667 0.005714 0.008571
0 0.803571 0.221429 0.005714 0.008571
0 0.848570 0.121905 0.005714 0.007619
0 0.852500 0.026190 0.007857 0.006667
0 0.804286 0.209524 0.005704 0.007619
0 0.802857 0.099048 0.005714 0.009524
0 0.807500 0.204286 0.006429 0.000476
0 0.400786 0.167619 0.006429 0.011429
0 0.405704 0.154762 0.005714 0.008571
0 0.405357 0.120952 0.003571 0.009524
