0 0.302500 0.890863 0.000714 0.022843
0 0.325357 0.899746 0.009286 0.030457
0 0.543929 0.906878 0.007857 0.031726
0 0.805357 0.745558 0.009286 0.026650
0 0.824286 0.750269 0.011429 0.030457
0 0.600704 0.033629 0.004286 0.016497
0 0.792857 0.066878 0.005714 0.019036
0 0.795000 0.075761 0.005714 0.024112
0 0.796429 0.068782 0.005714 0.022843
0 0.804286 0.063071 0.005714 0.021574
0 0.806070 0.167513 0.005000 0.020305
0 0.802857 0.125635 0.004286 0.022843
0 0.809643 0.130076 0.006429 0.021574
0 0.836429 0.089467 0.004286 0.006497
0 0.835357 0.082487 0.006429 0.020305
0 0.904286 0.071066 0.007143 0.017766
0 0.377500 0.064720 0.005000 0.020305
