0 0.467500 0.206667 0.003571 0.008571
0 0.457857 0.222857 0.004286 0.009524
0 0.473204 0.212381 0.002143 0.007619
0 0.404286 0.338095 0.002857 0.005238
0 0.380071 0.381429 0.003571 0.016190
0 0.405357 0.304286 0.003571 0.013333
0 0.681071 0.472381 0.006429 0.015238
0 0.672857 0.469048 0.005714 0.010476
0 0.656786 0.469524 0.005000 0.011429
0 0.626429 0.378571 0.002857 0.006667
0 0.618214 0.359048 0.002143 0.007619
0 0.625714 0.359524 0.004286 0.008571
0 0.568571 0.215714 0.004286 0.004762
0 0.545000 0.230000 0.004286 0.006667
0 0.547500 0.172381 0.002143 0.003810
0 0.553214 0.181905 0.002143 0.005714
0 0.670357 0.200952 0.005000 0.014286
0 0.664286 0.209524 0.005704 0.011429
0 0.590357 0.264286 0.002143 0.004762
0 0.583929 0.265714 0.003571 0.005714
