0 0.346786 0.766667 0.006429 0.022857
0 0.296786 0.892380 0.010714 0.024762
0 0.303214 0.904762 0.010714 0.024762
0 0.346070 0.944286 0.012143 0.021905
0 0.395000 0.970905 0.010000 0.021905
0 0.447500 0.463333 0.005000 0.020905
0 0.440000 0.460952 0.008570 0.020952
0 0.489286 0.406090 0.002857 0.008571
0 0.529286 0.003333 0.002857 0.009524
0 0.508214 0.039048 0.003571 0.009524
0 0.526786 0.042381 0.005000 0.014286
0 0.507857 0.139524 0.004286 0.014286
0 0.503929 0.139048 0.003571 0.013333
0 0.504643 0.044762 0.005000 0.017143
0 0.499286 0.046190 0.004286 0.014286
0 0.479286 0.238095 0.002857 0.001429
0 0.683929 0.009524 0.003570 0.011429
0 0.702143 0.054762 0.002857 0.010476
0 0.720704 0.046190 0.001429 0.010476
0 0.745704 0.810000 0.008571 0.025714
0 0.750786 0.808095 0.003571 0.014286
0 0.697043 0.283333 0.005714 0.018095
0 0.700704 0.154762 0.004286 0.014286
0 0.695704 0.154762 0.004286 0.016190
0 0.706429 0.037619 0.002857 0.006667
0 0.727043 0.128095 0.001429 0.008571
0 0.705714 0.277619 0.007143 0.020000
0 0.732500 0.301429 0.006429 0.017143
0 0.755000 0.332857 0.007043 0.020000
0 0.708929 0.340952 0.005000 0.005238
0 0.775357 0.284762 0.005000 0.001429
0 0.888570 0.789048 0.010000 0.021905
0 0.889643 0.820000 0.003571 0.024762
0 0.897500 0.823800 0.010714 0.028571
0 0.874643 0.777609 0.006429 0.012381
0 0.625000 0.072381 0.002857 0.005714
0 0.530357 0.042857 0.003571 0.005714
0 0.701786 0.331905 0.005000 0.010476
0 0.694286 0.361905 0.004286 0.015238
