0 0.469750 0.569667 0.003500 0.005333
0 0.466250 0.570000 0.002500 0.003333
0 0.466750 0.573333 0.003500 0.006000
0 0.887500 0.649667 0.006000 0.005333
0 0.939000 0.630667 0.006000 0.004667
0 0.287000 0.279333 0.002000 0.005333
0 0.312000 0.341000 0.002000 0.006000
0 0.311750 0.310667 0.001500 0.004000
0 0.300250 0.325000 0.002500 0.006000
0 0.262000 0.406000 0.003000 0.009333
0 0.273250 0.449667 0.003500 0.007333
0 0.319000 0.436000 0.003000 0.008000
0 0.331500 0.395000 0.003000 0.007333
0 0.337250 0.420333 0.002500 0.008667
0 0.468500 0.726333 0.006000 0.015333
0 0.943500 0.834333 0.009000 0.023333
0 0.092500 0.854667 0.006000 0.021333
0 0.229750 0.790667 0.007500 0.020333
0 0.224500 0.767667 0.009000 0.015333
0 0.243500 0.547667 0.003000 0.011333
0 0.232750 0.408667 0.002500 0.002000
0 0.404500 0.505333 0.003000 0.002000
