0 0.006071 0.258571 0.022143 0.050476
0 0.044286 0.270429 0.020000 0.045714
0 0.092857 0.235238 0.007143 0.049524
0 0.353570 0.045238 0.005714 0.014286
0 0.360786 0.058095 0.005000 0.017143
0 0.365357 0.060476 0.002043 0.018095
0 0.373204 0.066190 0.002143 0.014286
0 0.378204 0.070000 0.005000 0.014286
0 0.349286 0.287043 0.020000 0.056190
0 0.442857 0.050000 0.008571 0.023810
0 0.420786 0.098095 0.006429 0.015238
0 0.440000 0.055714 0.008571 0.027619
0 0.444643 0.091905 0.010714 0.039048
0 0.456786 0.091905 0.012143 0.037143
0 0.482043 0.227143 0.012857 0.042857
0 0.430786 0.320952 0.019286 0.059048
0 0.457043 0.320000 0.014286 0.059048
0 0.477500 0.308571 0.010714 0.058095
0 0.467043 0.308571 0.014286 0.053333
0 0.500704 0.302381 0.010000 0.052381
0 0.506429 0.306667 0.001429 0.043810
0 0.623929 0.306090 0.012143 0.058095
0 0.525704 0.390476 0.014286 0.070476
0 0.534643 0.189524 0.006429 0.019048
0 0.522857 0.053333 0.004286 0.001429
0 0.528929 0.048095 0.002043 0.012381
0 0.532857 0.054286 0.005704 0.017143
0 0.685714 0.111429 0.008571 0.013333
0 0.824643 0.048095 0.007857 0.021905
