0 0.342857 0.800952 0.030000 0.083800
0 0.284643 0.843800 0.016429 0.059048
0 0.556786 0.623333 0.006429 0.054286
0 0.604643 0.610000 0.017857 0.060000
0 0.549286 0.568570 0.011429 0.045714
0 0.672857 0.577609 0.015714 0.050476
0 0.738929 0.607143 0.017857 0.053333
0 0.605714 0.560000 0.008571 0.041905
0 0.522857 0.546090 0.011429 0.040952
0 0.720357 0.476090 0.010714 0.030476
0 0.052143 0.520952 0.012857 0.043810
0 0.609286 0.545714 0.005714 0.019048
0 0.600000 0.540952 0.008571 0.020952
0 0.620357 0.539524 0.000714 0.020000
0 0.751786 0.606190 0.015000 0.033333
0 0.808571 0.841429 0.028571 0.107619
