0 0.013571 0.938571 0.058571 0.098095
0 0.865000 0.884286 0.030429 0.101905
0 0.805714 0.455714 0.012857 0.042857
0 0.986071 0.297619 0.006429 0.014286
0 0.739643 0.360000 0.007857 0.024762
0 0.966071 0.282857 0.009286 0.019048
0 0.549286 0.399524 0.011429 0.029524
0 0.521786 0.388095 0.010714 0.029524
0 0.215714 0.416667 0.011429 0.025714
0 0.213929 0.415714 0.013571 0.027619
0 0.165357 0.397619 0.012143 0.025714
0 0.161071 0.361429 0.007857 0.021905
0 0.089286 0.460000 0.015714 0.040000
0 0.915000 0.315238 0.007143 0.020952
0 0.021786 0.450476 0.015000 0.040000
0 0.046429 0.415238 0.012857 0.041905
0 0.032500 0.414286 0.012143 0.040000
0 0.296786 0.401905 0.012143 0.037143
0 0.270000 0.402380 0.012857 0.037143
0 0.239286 0.386667 0.000000 0.032381
0 0.229643 0.384286 0.002143 0.031429
0 0.209286 0.375714 0.010000 0.031429
0 0.089286 0.367143 0.011429 0.033333
0 0.080000 0.361429 0.010000 0.025714
0 0.202857 0.367609 0.008571 0.028571
0 0.200000 0.372857 0.010000 0.029524
0 0.206786 0.371429 0.007857 0.030476
0 0.227500 0.374762 0.007857 0.027609
0 0.236070 0.382381 0.009286 0.035238
0 0.235000 0.378095 0.000000 0.036190
0 0.244286 0.383333 0.001429 0.037143
0 0.254286 0.394762 0.001429 0.033333
0 0.262500 0.400476 0.002143 0.033333
0 0.259643 0.389524 0.009286 0.034286
0 0.270704 0.399524 0.011429 0.040952
0 0.278570 0.400952 0.012857 0.032381
