0 0.903929 0.305714 0.007857 0.020000
0 0.940429 0.364762 0.008571 0.026667
0 0.901786 0.420952 0.010714 0.032381
0 0.865704 0.411429 0.012857 0.036190
0 0.840429 0.426667 0.011429 0.030476
0 0.800357 0.360952 0.007857 0.024762
0 0.802857 0.353810 0.005714 0.023810
0 0.784643 0.420000 0.009286 0.034286
0 0.784286 0.456667 0.001429 0.033333
0 0.700714 0.473810 0.010000 0.035238
0 0.700704 0.490000 0.011429 0.040952
0 0.736429 0.504762 0.005704 0.028571
0 0.606071 0.495238 0.010714 0.043810
0 0.650704 0.536667 0.012857 0.044762
0 0.669286 0.538570 0.012857 0.044762
0 0.582857 0.535238 0.004286 0.043810
0 0.586070 0.491905 0.007857 0.042857
0 0.603204 0.496667 0.009286 0.042857
0 0.596786 0.479524 0.016429 0.020000
0 0.536070 0.443810 0.006429 0.034286
0 0.877143 0.486667 0.017143 0.019048
0 0.631429 0.757143 0.024286 0.053333
0 0.496429 0.595704 0.018571 0.050476
0 0.400429 0.704286 0.022857 0.061905
0 0.322500 0.723800 0.012143 0.068571
