0 0.357255 0.923006 0.021399 0.037106
0 0.573590 0.773655 0.005219 0.035250
0 0.583768 0.780048 0.007829 0.035250
0 0.633602 0.778293 0.006263 0.029685
0 0.644301 0.702226 0.007829 0.027829
0 0.697547 0.860781 0.009916 0.038961
0 0.569054 0.639610 0.006785 0.019481
0 0.562370 0.493970 0.003653 0.000204
0 0.568894 0.493970 0.003032 0.010204
0 0.550626 0.502783 0.003132 0.009276
0 0.530532 0.468924 0.002610 0.008349
0 0.550104 0.456865 0.002088 0.006494
0 0.538361 0.402134 0.001566 0.004638
0 0.543580 0.391929 0.001566 0.004638
0 0.551670 0.437848 0.002088 0.005566
0 0.524008 0.558442 0.004175 0.014842
0 0.551931 0.594620 0.004697 0.016698
0 0.630524 0.615955 0.006263 0.020408
