0 0.775000 0.333800 0.004286 0.008571
0 0.779643 0.337043 0.005000 0.009524
0 0.765000 0.329524 0.002857 0.007609
0 0.756429 0.327609 0.004286 0.007619
0 0.753570 0.319524 0.002857 0.006667
0 0.768204 0.322857 0.003571 0.005714
0 0.762043 0.326190 0.002857 0.006667
0 0.787043 0.335238 0.002857 0.005714
0 0.692500 0.304762 0.003570 0.007619
0 0.743204 0.315714 0.002143 0.006667
0 0.643570 0.260952 0.002857 0.005714
0 0.643204 0.198095 0.003571 0.007619
0 0.650000 0.093333 0.002857 0.007619
0 0.630704 0.149524 0.002857 0.005714
0 0.632500 0.049524 0.003571 0.005714
