0 0.606429 0.958570 0.040000 0.082857
0 0.504286 0.848570 0.034286 0.089524
0 0.235357 0.586090 0.019286 0.048571
0 0.274286 0.560000 0.022857 0.066667
0 0.338570 0.387143 0.018571 0.046667
0 0.607500 0.270476 0.009286 0.026667
0 0.632043 0.268095 0.011429 0.029524
0 0.649286 0.269524 0.008570 0.028571
0 0.660704 0.281429 0.007143 0.031429
0 0.668570 0.270952 0.011429 0.033333
0 0.655704 0.265714 0.008571 0.030476
0 0.688929 0.250952 0.002143 0.025714
0 0.738570 0.244286 0.008571 0.023810
0 0.732500 0.233800 0.009286 0.021905
