0 0.892250 0.480667 0.003500 0.007333
0 0.882500 0.495667 0.003000 0.007333
0 0.530500 0.529333 0.004000 0.012000
0 0.390500 0.539667 0.004000 0.002667
0 0.095000 0.555000 0.004000 0.011333
0 0.075250 0.629000 0.006500 0.019333
0 0.016500 0.583667 0.006000 0.016667
0 0.064000 0.556667 0.005000 0.003333
0 0.093500 0.694667 0.007000 0.025333
0 0.299000 0.669667 0.006000 0.018000
0 0.322750 0.670000 0.006500 0.014667
0 0.329500 0.668000 0.004000 0.014667
0 0.337000 0.666667 0.006000 0.012000
0 0.357750 0.651667 0.010500 0.016667
0 0.354250 0.641333 0.005500 0.012000
0 0.436500 0.637667 0.005000 0.011333
0 0.447500 0.607667 0.004000 0.015333
0 0.457000 0.659667 0.006000 0.022000
0 0.570250 0.731000 0.005500 0.030000
0 0.572250 0.704000 0.007500 0.032000
0 0.561000 0.839000 0.013000 0.030000
0 0.655500 0.488667 0.003000 0.006667
