0 0.022043 0.178571 0.010000 0.006667
0 0.026429 0.088095 0.010000 0.010476
0 0.022500 0.090952 0.007857 0.012381
0 0.030429 0.224286 0.010000 0.008571
0 0.034643 0.259048 0.009286 0.003800
0 0.038570 0.265238 0.012857 0.012381
0 0.032500 0.284762 0.000714 0.007619
0 0.045704 0.286190 0.011429 0.008571
0 0.049286 0.297043 0.008571 0.005714
0 0.042857 0.300429 0.010000 0.006667
0 0.068204 0.352857 0.010714 0.008571
0 0.072857 0.435238 0.000000 0.005714
0 0.068570 0.439524 0.010000 0.004762
0 0.073929 0.448095 0.000714 0.008571
0 0.073929 0.525238 0.006429 0.004762
0 0.060704 0.539048 0.010000 0.007619
0 0.040704 0.574762 0.010000 0.006667
0 0.009286 0.580000 0.002857 0.009524
0 0.050071 0.551905 0.009286 0.008571
0 0.062857 0.550000 0.002857 0.006667
0 0.639643 0.698570 0.006429 0.008571
0 0.629286 0.692857 0.007043 0.010476
0 0.630357 0.686667 0.009286 0.001429
