0 0.249000 0.497667 0.016000 0.027333
0 0.307000 0.462333 0.020000 0.030000
0 0.259750 0.541333 0.024500 0.026667
0 0.329750 0.539333 0.022500 0.030667
0 0.299500 0.906333 0.029000 0.035333
0 0.295250 0.986333 0.022500 0.027333
0 0.400000 0.798667 0.017000 0.018667
0 0.430250 0.713333 0.023500 0.030667
0 0.540250 0.672333 0.021500 0.022000
0 0.437000 0.447667 0.005000 0.032667
0 0.493000 0.350000 0.015000 0.026667
0 0.557500 0.303333 0.012000 0.040000
0 0.552250 0.498333 0.000500 0.035333
0 0.573000 0.483333 0.005000 0.028000
0 0.604250 0.505333 0.004500 0.034667
0 0.593500 0.465333 0.004000 0.029333
0 0.572000 0.276000 0.018000 0.024000
0 0.597750 0.309333 0.006500 0.033333
0 0.592000 0.302000 0.003000 0.033333
0 0.629750 0.257333 0.013500 0.036000
0 0.668000 0.335000 0.005000 0.030000
0 0.594000 0.235667 0.004000 0.036667
0 0.674750 0.060000 0.018500 0.033333
0 0.728500 0.154000 0.021000 0.030667
0 0.737500 0.090667 0.019000 0.038000
0 0.772500 0.005333 0.017000 0.036000
0 0.795250 0.013667 0.019500 0.040667
0 0.832250 0.119333 0.017500 0.044000
0 0.898500 0.076333 0.022000 0.038000
0 0.817750 0.054333 0.012500 0.026000
0 0.824000 0.055000 0.009000 0.042000
0 0.838000 0.035667 0.006000 0.036667
0 0.847500 0.038667 0.020000 0.041333
0 0.848500 0.023667 0.008000 0.034000
0 0.860500 0.024000 0.020000 0.042667
0 0.969250 0.026667 0.023500 0.037333
0 0.662750 0.274333 0.015500 0.028667
0 0.668000 0.273000 0.011000 0.026000
