0 0.506250 0.780000 0.006500 0.036000
0 0.794250 0.640667 0.007500 0.038667
0 0.825500 0.656333 0.030000 0.035333
0 0.860000 0.660333 0.030000 0.038000
0 0.584250 0.473333 0.002500 0.041333
0 0.584500 0.494667 0.007000 0.025333
0 0.667250 0.399667 0.002500 0.040667
0 0.656000 0.355667 0.002000 0.034000
0 0.657500 0.336000 0.002000 0.028000
0 0.743000 0.307333 0.020000 0.030667
0 0.729500 0.294333 0.004000 0.038000
0 0.705750 0.227000 0.013500 0.038000
0 0.660750 0.084667 0.012500 0.033333
0 0.664750 0.026667 0.008500 0.032000
0 0.655500 0.030333 0.008000 0.031333
0 0.649500 0.052000 0.008000 0.030667
0 0.645750 0.052333 0.010500 0.022000
0 0.732250 0.131000 0.013500 0.024667
0 0.660500 0.030000 0.006000 0.026667
0 0.744000 0.332667 0.003000 0.028000
0 0.746500 0.346333 0.007000 0.018000
0 0.807500 0.388667 0.020000 0.041333
0 0.702500 0.433667 0.018000 0.031333
0 0.656500 0.230667 0.002000 0.028000
0 0.658000 0.244667 0.007000 0.010667
0 0.705250 0.026667 0.007500 0.025333
0 0.704750 0.009333 0.009500 0.028000
