0 0.408750 0.207667 0.003500 0.000000
0 0.403500 0.207333 0.003000 0.009333
0 0.400750 0.202667 0.002500 0.009333
0 0.097500 0.283000 0.004000 0.006000
0 0.105000 0.280333 0.006000 0.006000
0 0.011750 0.281667 0.006500 0.011333
0 0.064250 0.310333 0.006500 0.011333
0 0.052500 0.291667 0.006000 0.011333
0 0.064500 0.271333 0.007000 0.010667
0 0.084500 0.294667 0.006000 0.010667
0 0.051000 0.363333 0.006000 0.010667
0 0.054250 0.380333 0.007500 0.011333
0 0.084250 0.377667 0.005500 0.011333
0 0.097250 0.382000 0.006500 0.010667
0 0.097500 0.377333 0.005000 0.010667
0 0.225000 0.286333 0.004000 0.006000
0 0.362750 0.390000 0.004500 0.003333
0 0.479000 0.388333 0.004000 0.004000
0 0.455000 0.468667 0.004000 0.002000
0 0.450250 0.498667 0.003500 0.010667
0 0.447500 0.500000 0.004000 0.002000
0 0.443250 0.503667 0.004500 0.004000
0 0.440000 0.493667 0.005000 0.012667
0 0.444250 0.488667 0.005500 0.000667
0 0.437500 0.530333 0.003000 0.007333
0 0.434750 0.529000 0.004500 0.001333
0 0.425250 0.567000 0.004500 0.008667
0 0.360500 0.593333 0.006000 0.012000
0 0.376000 0.607667 0.006000 0.004000
0 0.386750 0.588667 0.005500 0.010667
0 0.389000 0.609667 0.004000 0.012667
0 0.437750 0.602333 0.005500 0.002667
0 0.405750 0.634333 0.007500 0.010000
0 0.405000 0.615333 0.006000 0.006667
0 0.524500 0.588333 0.004000 0.000000
0 0.529750 0.587333 0.003500 0.000667
0 0.532750 0.580000 0.005500 0.008000
0 0.535000 0.589333 0.003000 0.000667
0 0.507500 0.583000 0.003000 0.010000
0 0.582750 0.608333 0.005500 0.007333
0 0.579250 0.680667 0.004500 0.002000
0 0.458500 0.663000 0.007000 0.004000
0 0.470000 0.659000 0.007000 0.001333
0 0.845500 0.962000 0.008000 0.003333
0 0.856500 0.963667 0.002000 0.011333
0 0.890500 0.968333 0.012000 0.008667
0 0.891250 0.965000 0.003500 0.006000
0 0.879750 0.972667 0.007500 0.008000
0 0.883250 0.979333 0.009500 0.002000
0 0.782500 0.940333 0.009000 0.002667
0 0.776250 0.938667 0.006500 0.000667
0 0.722000 0.965333 0.009000 0.009333
0 0.660000 0.990000 0.006000 0.010667
0 0.609500 0.909000 0.007000 0.015333
0 0.570250 0.824000 0.005500 0.016000
0 0.588750 0.928667 0.006500 0.000667
0 0.588500 0.993000 0.008000 0.001333
0 0.556250 0.970667 0.009500 0.014667
0 0.556750 0.963667 0.006500 0.001333
0 0.569750 0.949667 0.006500 0.001333
0 0.560500 0.942667 0.004000 0.005333
0 0.559000 0.935000 0.007000 0.011333
0 0.579250 0.920000 0.007500 0.003333
0 0.577250 0.900333 0.006500 0.010667
0 0.551500 0.906333 0.006000 0.014000
0 0.570750 0.907667 0.005500 0.010000
0 0.565000 0.889333 0.005000 0.009333
0 0.562750 0.869000 0.006500 0.008667
0 0.526000 0.952667 0.009000 0.010667
0 0.498250 0.982333 0.007500 0.004000
0 0.507000 0.940667 0.006000 0.011333
0 0.490750 0.961333 0.005500 0.010667
0 0.383000 0.968000 0.007000 0.009333
0 0.328250 0.922333 0.006500 0.002667
0 0.368000 0.938000 0.007000 0.009333
0 0.361500 0.829333 0.005000 0.008000
0 0.388000 0.779000 0.004000 0.006000
0 0.384500 0.776333 0.006000 0.001333
0 0.200750 0.834000 0.003500 0.008000
0 0.204000 0.807333 0.007000 0.014667
0 0.203500 0.816333 0.009000 0.010000
0 0.283750 0.740333 0.006500 0.012000
0 0.186750 0.691000 0.005500 0.008667
