0 0.260500 0.740000 0.005000 0.008000
0 0.260750 0.732333 0.004500 0.014000
0 0.290250 0.695667 0.005500 0.022000
0 0.272000 0.748000 0.007000 0.016000
0 0.274000 0.744000 0.005000 0.014667
0 0.296000 0.657000 0.005000 0.009333
0 0.292000 0.603667 0.006000 0.016667
0 0.351750 0.514000 0.004500 0.009333
0 0.364750 0.422000 0.003500 0.008000
0 0.368000 0.463667 0.004000 0.000000
0 0.369750 0.460333 0.002500 0.001333
0 0.480000 0.736667 0.007000 0.014667
0 0.488750 0.727333 0.006500 0.017333
0 0.500500 0.704000 0.007000 0.018667
0 0.549250 0.687000 0.005500 0.008000
0 0.490500 0.630333 0.005000 0.015333
0 0.498250 0.616333 0.005500 0.011333
0 0.508000 0.521333 0.005000 0.010667
0 0.544750 0.532667 0.003500 0.003333
0 0.548750 0.526667 0.003500 0.003333
0 0.507750 0.473667 0.004500 0.010000
0 0.514750 0.460000 0.004500 0.009333
0 0.517250 0.444667 0.004500 0.009333
0 0.512500 0.431000 0.004000 0.008667
0 0.501000 0.440000 0.004000 0.008000
0 0.516750 0.415333 0.003500 0.009333
0 0.551000 0.411667 0.003000 0.010000
0 0.560000 0.404333 0.004000 0.012667
0 0.540000 0.396000 0.002000 0.010667
0 0.568000 0.378000 0.003000 0.009333
0 0.508250 0.331333 0.002500 0.006667
0 0.513250 0.295333 0.002500 0.005333
0 0.511750 0.306667 0.002500 0.006667
0 0.510500 0.289667 0.003000 0.006000
0 0.384750 0.359667 0.002500 0.008667
0 0.435500 0.275000 0.002000 0.007333
0 0.438250 0.275000 0.002500 0.007333
0 0.417500 0.320333 0.003000 0.007333
0 0.442000 0.267667 0.002000 0.006000
