0 0.532500 0.004442 0.002043 0.008883
0 0.537857 0.004442 0.002857 0.008883
0 0.525357 0.009670 0.002143 0.013959
0 0.564286 0.057007 0.002857 0.012690
0 0.568570 0.070431 0.002857 0.013959
0 0.578570 0.087563 0.002857 0.017766
0 0.583204 0.092640 0.003571 0.017766
0 0.582857 0.079305 0.002857 0.016497
0 0.570786 0.064721 0.002143 0.012690
0 0.572500 0.059645 0.002043 0.017766
0 0.565000 0.082487 0.004286 0.020305
0 0.572043 0.093909 0.004286 0.017766
0 0.569643 0.088832 0.002043 0.012690
0 0.590704 0.115482 0.004286 0.017766
0 0.582857 0.010406 0.002857 0.015228
0 0.574643 0.005330 0.002143 0.012690
0 0.577857 0.001523 0.002857 0.012690
0 0.660357 0.063071 0.003571 0.019036
0 0.666786 0.062437 0.003571 0.017766
0 0.726429 0.328680 0.005704 0.020305
0 0.770357 0.560548 0.007857 0.036802
0 0.840704 0.612310 0.011429 0.031726
0 0.760704 0.630711 0.008571 0.035533
0 0.766786 0.629442 0.006429 0.032995
0 0.306429 0.740751 0.008571 0.034264
0 0.336786 0.438452 0.005000 0.020574
0 0.342043 0.434645 0.007143 0.029188
0 0.142857 0.693528 0.010000 0.026650
0 0.181786 0.669416 0.009286 0.016497
0 0.186786 0.656091 0.009286 0.020305
0 0.167143 0.668147 0.010000 0.021574
0 0.390000 0.045939 0.004286 0.017766
0 0.395704 0.145305 0.004286 0.019036
0 0.386786 0.047208 0.003571 0.020305
0 0.380429 0.152284 0.004286 0.017766
0 0.377857 0.051650 0.004286 0.019036
0 0.369286 0.056091 0.004286 0.015228
0 0.360000 0.056091 0.005714 0.020305
0 0.356429 0.256980 0.004286 0.006497
0 0.358204 0.258249 0.005000 0.019036
0 0.389643 0.266497 0.003570 0.020305
0 0.422043 0.263959 0.004286 0.020305
0 0.432500 0.267766 0.003570 0.020305
0 0.439286 0.260421 0.002857 0.022843
0 0.442500 0.257604 0.005000 0.020305
0 0.447043 0.266497 0.004286 0.017766
0 0.447857 0.262056 0.002857 0.009036
0 0.450357 0.253073 0.005000 0.019036
0 0.454286 0.245558 0.004286 0.020574
0 0.454643 0.249365 0.005000 0.009036
0 0.453570 0.251904 0.004286 0.016497
0 0.456786 0.253073 0.002143 0.011421
0 0.458204 0.258883 0.003571 0.015228
0 0.463204 0.262056 0.003571 0.013959
0 0.465357 0.249365 0.006429 0.020574
0 0.470000 0.253807 0.004286 0.020305
0 0.473570 0.248096 0.004286 0.019036
0 0.364643 0.201929 0.003571 0.017766
0 0.367043 0.210025 0.004286 0.021574
0 0.366429 0.215736 0.002857 0.007614
0 0.372500 0.202563 0.003571 0.019036
0 0.370357 0.205584 0.005000 0.007766
0 0.390429 0.199239 0.004286 0.022843
0 0.402857 0.222706 0.005714 0.021574
0 0.402043 0.220178 0.005714 0.021574
0 0.400714 0.190990 0.004286 0.021574
0 0.499286 0.248096 0.004286 0.020574
0 0.504643 0.256980 0.003570 0.019036
0 0.432857 0.208022 0.004286 0.015228
0 0.436070 0.204315 0.005000 0.017766
0 0.440071 0.177030 0.003571 0.021574
0 0.447043 0.149112 0.004286 0.019036
0 0.440071 0.193528 0.003571 0.019036
0 0.443570 0.194162 0.005714 0.017766
0 0.449286 0.200508 0.004286 0.022843
0 0.449643 0.204305 0.006429 0.020305
0 0.453204 0.194797 0.003571 0.019036
0 0.467043 0.197335 0.002857 0.021574
0 0.477857 0.096701 0.002857 0.020305
0 0.485357 0.200025 0.006429 0.021574
0 0.486070 0.207487 0.005000 0.021574
0 0.520071 0.256345 0.003571 0.022843
0 0.526070 0.249365 0.003571 0.019036
0 0.542500 0.255076 0.003570 0.025381
0 0.537500 0.260421 0.003571 0.020305
0 0.542500 0.259508 0.003571 0.019036
0 0.544643 0.200142 0.003571 0.019036
0 0.552500 0.205584 0.005000 0.020305
0 0.499643 0.096066 0.003571 0.019036
0 0.523204 0.197970 0.005000 0.012690
0 0.535357 0.088452 0.005000 0.021574
0 0.547500 0.082107 0.003571 0.016497
0 0.505000 0.077665 0.002857 0.020305
0 0.550071 0.151015 0.005000 0.017766
0 0.561786 0.156726 0.003571 0.013959
0 0.540357 0.055457 0.003571 0.019036
0 0.529286 0.047843 0.004286 0.016497
0 0.528214 0.120558 0.005000 0.017766
0 0.512143 0.124365 0.005714 0.017766
0 0.508929 0.017386 0.003571 0.016497
0 0.502500 0.035152 0.005000 0.016497
0 0.552043 0.126269 0.004286 0.016497
0 0.554286 0.026269 0.002857 0.019036
0 0.500714 0.160533 0.004286 0.019036
0 0.480786 0.151650 0.003571 0.019036
0 0.458929 0.052919 0.005000 0.019036
0 0.458570 0.144036 0.004286 0.016497
0 0.459643 0.038959 0.005000 0.021574
0 0.462043 0.137690 0.005714 0.019036
0 0.467500 0.041497 0.003571 0.019036
0 0.467500 0.033883 0.003571 0.016497
0 0.473570 0.141497 0.004286 0.019036
0 0.470429 0.169416 0.004286 0.019036
0 0.479286 0.076396 0.002857 0.017766
0 0.485704 0.179569 0.004286 0.019036
0 0.490429 0.184010 0.005714 0.020305
0 0.486070 0.173858 0.005000 0.020305
0 0.487043 0.155457 0.002857 0.019036
0 0.486070 0.142132 0.003571 0.020305
0 0.478204 0.139594 0.003571 0.017766
0 0.482857 0.042132 0.005714 0.017766
0 0.490000 0.042766 0.005714 0.019036
0 0.494286 0.056091 0.007143 0.017766
0 0.495704 0.133249 0.005714 0.020305
0 0.507857 0.139594 0.004286 0.020305
0 0.559643 0.022462 0.002143 0.016497
0 0.500714 0.147843 0.004286 0.016497
0 0.506071 0.151650 0.003571 0.016497
0 0.507500 0.156091 0.003571 0.015228
