0 0.890704 0.471429 0.012857 0.034286
0 0.501786 0.843810 0.010714 0.026667
0 0.090357 0.857609 0.023571 0.020000
0 0.780704 0.189048 0.007143 0.020000
0 0.078571 0.220000 0.014286 0.024762
0 0.056071 0.257143 0.010714 0.022857
0 0.473570 0.099524 0.010000 0.021905
0 0.209643 0.266190 0.007857 0.018095
0 0.081071 0.252857 0.010714 0.021905
0 0.200429 0.250476 0.011429 0.026667
0 0.086429 0.268571 0.012857 0.028571
0 0.177500 0.467143 0.012143 0.014286
0 0.536429 0.040952 0.005714 0.013333
0 0.742500 0.156190 0.009286 0.019048
0 0.613214 0.441429 0.012143 0.018095
