0 0.563214 0.505714 0.017857 0.040000
0 0.345357 0.072380 0.012143 0.038095
0 0.307043 0.176190 0.011429 0.038095
0 0.296070 0.175238 0.012143 0.040000
0 0.301071 0.161905 0.015000 0.038095
0 0.477500 0.204762 0.017857 0.040000
0 0.479643 0.274762 0.003571 0.042857
0 0.485000 0.252857 0.002857 0.037143
0 0.403571 0.162381 0.012857 0.025714
0 0.390000 0.150476 0.011429 0.038095
0 0.395704 0.183333 0.010000 0.035238
0 0.777857 0.066667 0.011429 0.043810
0 0.773929 0.042857 0.013571 0.036190
0 0.738204 0.018571 0.013571 0.033333
0 0.844286 0.025714 0.012857 0.030476
0 0.806071 0.120476 0.015000 0.031429
0 0.829643 0.012381 0.013571 0.028571
0 0.840429 0.116190 0.014286 0.030476
0 0.766786 0.110476 0.012143 0.038095
0 0.918929 0.048095 0.013571 0.029524
0 0.828214 0.028571 0.013571 0.024762
0 0.803571 0.014286 0.010000 0.028571
0 0.773570 0.012857 0.011429 0.025714
0 0.758929 0.002857 0.007857 0.025714
0 0.867500 0.030952 0.002143 0.037143
0 0.784286 0.085238 0.005704 0.020000
