0 0.097857 0.634508 0.012857 0.043147
0 0.019286 0.602157 0.011429 0.041878
0 0.230786 0.454315 0.003571 0.015228
0 0.227043 0.452411 0.005714 0.024112
0 0.232857 0.434645 0.005704 0.021574
0 0.244643 0.430472 0.005000 0.020305
0 0.278929 0.370558 0.003570 0.012690
0 0.220071 0.452411 0.005000 0.016497
0 0.204286 0.453680 0.005714 0.024112
0 0.207143 0.449873 0.004286 0.021574
0 0.290357 0.348985 0.003570 0.010152
0 0.289286 0.348350 0.002857 0.001421
0 0.336786 0.346447 0.002043 0.012690
0 0.282500 0.348985 0.002043 0.007614
0 0.268204 0.352792 0.002143 0.007614
0 0.035000 0.509518 0.005714 0.024112
