0 0.235357 0.365238 0.006429 0.008095
0 0.250786 0.361429 0.006429 0.014286
0 0.294643 0.367043 0.006429 0.016190
0 0.356429 0.376667 0.005704 0.016190
0 0.261786 0.355238 0.005000 0.007619
0 0.585357 0.506090 0.007857 0.033333
0 0.600704 0.507143 0.008571 0.027619
0 0.630000 0.534286 0.008570 0.024762
0 0.642500 0.530429 0.007857 0.026667
0 0.636070 0.524286 0.009286 0.029524
0 0.546070 0.452381 0.003571 0.013333
0 0.540357 0.452381 0.006429 0.009524
0 0.483204 0.435714 0.007857 0.018095
0 0.444286 0.422857 0.007043 0.022857
0 0.306786 0.328095 0.003570 0.008571
0 0.292500 0.328095 0.005000 0.002381
0 0.280000 0.329048 0.004286 0.000476
0 0.283204 0.328095 0.003571 0.012381
0 0.270704 0.328095 0.007143 0.018095
0 0.087500 0.329048 0.005000 0.010476
0 0.180714 0.329524 0.004286 0.009524
