0 0.057500 0.082741 0.007857 0.020305
0 0.020429 0.083122 0.007143 0.021574
0 0.040071 0.134518 0.009286 0.020305
0 0.058204 0.154188 0.007857 0.019036
0 0.053570 0.159898 0.008571 0.020305
0 0.066070 0.178934 0.006429 0.025381
0 0.067857 0.075761 0.007143 0.019036
0 0.036070 0.119289 0.007857 0.015228
0 0.033204 0.123731 0.005000 0.013959
0 0.340429 0.299492 0.011429 0.020305
0 0.398204 0.299492 0.007857 0.022843
0 0.408929 0.314721 0.007857 0.020305
0 0.427857 0.305355 0.005714 0.026650
0 0.442857 0.300279 0.007143 0.026650
0 0.740704 0.130076 0.008571 0.026650
0 0.622857 0.235406 0.008570 0.026650
