0 0.726070 0.345812 0.005000 0.006345
0 0.734643 0.383249 0.005000 0.007604
0 0.725357 0.407995 0.005000 0.008883
0 0.077500 0.307007 0.007857 0.007614
0 0.037857 0.370558 0.007043 0.007614
0 0.002143 0.250635 0.007143 0.008883
0 0.005704 0.225888 0.007143 0.010152
0 0.003929 0.096066 0.006429 0.011421
0 0.007857 0.098604 0.007143 0.011421
0 0.000714 0.190990 0.007143 0.011421
0 0.007043 0.187183 0.007143 0.013959
0 0.005357 0.152919 0.006429 0.011421
0 0.042857 0.262056 0.005704 0.008883
0 0.043204 0.240482 0.006429 0.011421
