0 0.050071 0.072381 0.007857 0.019048
0 0.067857 0.070000 0.005704 0.016190
0 0.076070 0.092857 0.005000 0.020000
0 0.060357 0.000952 0.005000 0.013333
0 0.050786 0.104762 0.007857 0.020952
0 0.029286 0.202381 0.005714 0.020952
0 0.032500 0.206667 0.005000 0.007143
0 0.034286 0.254286 0.007043 0.020952
0 0.060704 0.070476 0.005714 0.019048
0 0.088214 0.085238 0.006429 0.012381
0 0.108214 0.219524 0.005000 0.014286
0 0.006786 0.327143 0.007857 0.018095
0 0.000000 0.369048 0.007143 0.023810
0 0.006429 0.435238 0.007043 0.020952
0 0.409643 0.004762 0.003570 0.009524
0 0.372857 0.118095 0.004286 0.013333
0 0.459643 0.169524 0.005000 0.017143
0 0.486429 0.209524 0.004286 0.013333
0 0.540704 0.259048 0.004286 0.022857
0 0.739286 0.722380 0.008571 0.025714
0 0.746786 0.709524 0.009286 0.022857
0 0.740357 0.580000 0.002143 0.024762
0 0.729286 0.509524 0.007043 0.020952
0 0.725000 0.494762 0.001429 0.025714
0 0.730704 0.406667 0.004286 0.020952
0 0.797500 0.940476 0.000714 0.025714
