0 0.657043 0.877143 0.007143 0.011429
0 0.600704 0.731905 0.007143 0.010476
0 0.300357 0.035238 0.006429 0.015238
0 0.869643 0.243333 0.007857 0.006667
0 0.891071 0.401429 0.007857 0.008571
0 0.260071 0.622381 0.007857 0.006667
0 0.264643 0.604762 0.006429 0.008571
0 0.250071 0.625714 0.007857 0.007619
0 0.545357 0.943333 0.007857 0.010476
0 0.746429 0.700905 0.008571 0.009524
0 0.774286 0.688095 0.008570 0.008571
0 0.782043 0.690476 0.007143 0.007619
0 0.788570 0.678095 0.007143 0.007619
0 0.966429 0.776667 0.000000 0.010476
0 0.810000 0.657143 0.005714 0.009524
0 0.791786 0.645714 0.009286 0.011429
0 0.810357 0.604762 0.006429 0.007619
0 0.993570 0.840476 0.012857 0.010476
0 0.935357 0.941905 0.009286 0.011429
