0 0.737250 0.544000 0.023500 0.004667
0 0.876500 0.269000 0.030000 0.023333
0 0.888250 0.207667 0.030500 0.040667
0 0.879500 0.182000 0.029000 0.037333
0 0.894250 0.080333 0.031500 0.030000
0 0.820500 0.243667 0.031000 0.024667
0 0.818750 0.096333 0.015500 0.023333
0 0.822000 0.063667 0.022000 0.026000
0 0.821000 0.069333 0.017000 0.010667
0 0.479500 0.022667 0.000000 0.037333
0 0.480500 0.050667 0.006000 0.020333
0 0.475750 0.066333 0.000500 0.046000
0 0.482750 0.073667 0.010500 0.027333
0 0.505750 0.098333 0.013500 0.028667
0 0.495500 0.202333 0.001000 0.020667
0 0.543500 0.196333 0.016000 0.027333
0 0.468250 0.326333 0.005500 0.028667
0 0.392250 0.321000 0.017500 0.028667
0 0.366750 0.289667 0.009500 0.005333
0 0.391250 0.347000 0.017500 0.019333
0 0.546000 0.458667 0.021000 0.024000
0 0.407250 0.413000 0.011500 0.016667
0 0.418750 0.385667 0.015500 0.027333
0 0.430750 0.404333 0.015500 0.020667
0 0.439250 0.526333 0.002500 0.023333
0 0.442750 0.504333 0.007500 0.011333
0 0.474000 0.544000 0.017000 0.021333
0 0.522000 0.701000 0.013000 0.027333
0 0.523000 0.712667 0.008000 0.013333
0 0.460500 0.606000 0.008000 0.017333
0 0.468500 0.606333 0.013000 0.015333
0 0.501000 0.652333 0.017000 0.030000
0 0.680500 0.850667 0.017000 0.021333
0 0.480000 0.829667 0.005000 0.032667
0 0.546500 0.904667 0.016000 0.034667
0 0.456750 0.810667 0.017500 0.026667
0 0.409500 0.839333 0.024000 0.037333
0 0.395000 0.811333 0.017000 0.032000
0 0.258750 0.828667 0.025500 0.030667
0 0.354000 0.827333 0.008000 0.028000
0 0.796250 0.887000 0.020500 0.020667
0 0.823000 0.894000 0.023000 0.029333
0 0.790000 0.899667 0.008000 0.020667
0 0.805000 0.863333 0.003000 0.017333
0 0.592000 0.920000 0.007000 0.033333
0 0.585500 0.937667 0.004000 0.032667
0 0.543750 0.870667 0.000500 0.030667
0 0.530250 0.878667 0.011500 0.034667
0 0.509750 0.886333 0.010500 0.032667
0 0.507750 0.899000 0.009500 0.038000
0 0.365750 0.954333 0.007500 0.035333
0 0.376750 0.980000 0.017500 0.038000
0 0.377750 0.987333 0.007500 0.017333
0 0.339000 0.976000 0.008000 0.038667
0 0.286000 0.962667 0.026000 0.038667
0 0.260500 0.983667 0.023000 0.030333
0 0.229750 0.980333 0.026500 0.030000
0 0.036250 0.896333 0.038500 0.028667
0 0.056500 0.864333 0.025000 0.036667
0 0.098000 0.801000 0.040000 0.038000
0 0.016000 0.892333 0.032000 0.028667
0 0.013750 0.886667 0.027500 0.030667
