0 0.097857 0.766090 0.021429 0.027619
0 0.305357 0.900952 0.022143 0.027619
0 0.386070 0.178095 0.010714 0.022857
0 0.333570 0.403810 0.015714 0.026667
0 0.240429 0.554762 0.011429 0.027619
0 0.257857 0.522380 0.015714 0.025714
0 0.269643 0.440000 0.002143 0.024762
0 0.288570 0.451429 0.014286 0.026667
0 0.273571 0.473810 0.012857 0.021905
0 0.281071 0.457619 0.010714 0.023810
0 0.308214 0.538571 0.010714 0.021905
0 0.452143 0.164762 0.008571 0.020952
0 0.852143 0.480952 0.015714 0.022857
0 0.794286 0.409524 0.014286 0.024762
0 0.888571 0.027143 0.010000 0.018095
0 0.702500 0.024286 0.007857 0.021905
0 0.722043 0.028571 0.004286 0.009524
0 0.994643 0.204286 0.000714 0.025714
0 0.956786 0.479524 0.005000 0.031429
