0 0.659500 0.976000 0.007000 0.048000
0 0.633500 0.972000 0.008000 0.056000
0 0.619000 0.901333 0.019000 0.036000
0 0.611250 0.902333 0.022500 0.034000
0 0.483250 0.780667 0.013500 0.043333
0 0.588750 0.743333 0.001500 0.041333
0 0.487250 0.690333 0.010500 0.033333
0 0.223000 0.553333 0.000000 0.026667
0 0.397250 0.425000 0.005500 0.005333
0 0.288000 0.467000 0.007000 0.016667
0 0.274500 0.390667 0.005000 0.002000
0 0.329000 0.381667 0.004000 0.010000
0 0.334750 0.374000 0.004500 0.008000
0 0.374500 0.386333 0.004000 0.005333
0 0.301500 0.357667 0.003000 0.010000
