0 0.013214 0.715736 0.017857 0.045685
0 0.006071 0.385152 0.012143 0.029188
0 0.025000 0.397843 0.012857 0.054569
0 0.038571 0.401650 0.010000 0.041878
0 0.074643 0.408629 0.015000 0.050761
0 0.001071 0.288706 0.016429 0.046954
0 0.098571 0.409898 0.015714 0.050761
0 0.225704 0.418147 0.011429 0.046954
0 0.265000 0.420320 0.011429 0.040609
0 0.302500 0.428934 0.012143 0.045685
0 0.356786 0.454949 0.002143 0.054569
0 0.370429 0.440990 0.007143 0.029188
0 0.387043 0.435279 0.010000 0.040609
0 0.356786 0.428934 0.007857 0.032995
0 0.395000 0.449873 0.001429 0.036802
0 0.402043 0.444162 0.010000 0.043147
0 0.395704 0.451777 0.018571 0.038071
0 0.445357 0.500635 0.006429 0.052030
0 0.456070 0.501904 0.012143 0.039340
0 0.476786 0.459390 0.007857 0.032995
0 0.401429 0.444162 0.012857 0.053299
0 0.503204 0.469543 0.015000 0.027919
0 0.508570 0.447335 0.014286 0.046954
0 0.533570 0.432741 0.012857 0.025381
0 0.500704 0.439721 0.010000 0.019036
0 0.370786 0.370558 0.010714 0.040609
0 0.385357 0.373096 0.002143 0.045685
0 0.425000 0.387690 0.001429 0.036802
0 0.430429 0.368655 0.010000 0.039340
0 0.427043 0.358503 0.007143 0.026650
0 0.420429 0.345812 0.008571 0.046954
0 0.430704 0.339467 0.007143 0.041878
0 0.542043 0.376269 0.005714 0.026650
0 0.537500 0.359037 0.012143 0.038071
0 0.628204 0.414340 0.012143 0.036802
0 0.637500 0.456208 0.009286 0.029188
0 0.657857 0.500904 0.012857 0.034264
0 0.644286 0.542503 0.012857 0.054569
0 0.662043 0.558376 0.008571 0.032995
0 0.673929 0.588832 0.006429 0.040609
0 0.003214 0.357234 0.012143 0.031726
0 0.093570 0.339467 0.012857 0.031726
0 0.647500 0.504594 0.007857 0.041878
0 0.533929 0.550760 0.016429 0.050761
0 0.520071 0.565355 0.007857 0.034264
0 0.575704 0.508249 0.007143 0.031726
0 0.568204 0.502538 0.007857 0.032995
0 0.728929 0.549492 0.003571 0.035533
0 0.743929 0.530091 0.012143 0.031726
0 0.788204 0.538706 0.010714 0.034264
0 0.746070 0.493655 0.012143 0.045685
0 0.785704 0.465736 0.021429 0.050761
0 0.800786 0.494924 0.013571 0.032995
0 0.746429 0.406726 0.022857 0.054569
0 0.760000 0.420050 0.015714 0.043147
0 0.779643 0.420050 0.019286 0.050761
0 0.802500 0.398477 0.002143 0.053299
0 0.820357 0.398477 0.006429 0.050761
0 0.836429 0.408629 0.008571 0.048223
0 0.857500 0.409416 0.015000 0.029188
0 0.933570 0.504442 0.024286 0.054569
0 0.976070 0.512056 0.012143 0.046954
0 0.823929 0.636420 0.015000 0.034264
0 0.886786 0.654822 0.006429 0.040609
0 0.992500 0.727792 0.005000 0.036802
0 0.992857 0.630701 0.011429 0.032995
