0 0.006429 0.930476 0.028571 0.060952
0 0.340429 0.907619 0.027143 0.078095
0 0.358570 0.904762 0.024286 0.062857
0 0.351071 0.739048 0.023571 0.047619
0 0.259286 0.775714 0.027143 0.048571
0 0.220357 0.656667 0.009286 0.052381
0 0.330071 0.615714 0.020714 0.054286
0 0.309643 0.611905 0.019286 0.058095
0 0.314286 0.635714 0.018571 0.033333
0 0.270714 0.630952 0.022857 0.042857
0 0.401429 0.555238 0.021429 0.034286
0 0.375357 0.554286 0.017857 0.043810
0 0.174286 0.558571 0.018571 0.042857
0 0.215000 0.570476 0.022857 0.057143
0 0.042857 0.547143 0.021429 0.044762
0 0.026429 0.542857 0.022857 0.049524
0 0.098570 0.535714 0.024286 0.044762
0 0.080000 0.556090 0.020000 0.047619
0 0.078570 0.547143 0.022857 0.046667
0 0.082043 0.536190 0.024286 0.049524
0 0.076429 0.529524 0.027043 0.053333
0 0.070786 0.556667 0.023571 0.048571
0 0.065357 0.577609 0.030714 0.058095
0 0.048929 0.556090 0.019286 0.055238
0 0.053570 0.554286 0.022857 0.053333
0 0.030714 0.486667 0.021429 0.051429
0 0.209286 0.440000 0.017143 0.041905
0 0.248929 0.449048 0.023570 0.039048
0 0.260429 0.434762 0.022857 0.048571
0 0.480357 0.548571 0.012143 0.028571
0 0.468929 0.505238 0.016429 0.031429
0 0.483929 0.529048 0.002143 0.040952
0 0.702857 0.273800 0.008571 0.023810
0 0.704286 0.093810 0.004286 0.012381
0 0.708204 0.192857 0.005000 0.014286
0 0.651786 0.170952 0.005000 0.012381
0 0.888929 0.054762 0.003571 0.012381
0 0.914286 0.156667 0.004286 0.012381
0 0.578571 0.193810 0.005714 0.014286
0 0.505704 0.155238 0.004286 0.013333
0 0.406786 0.122381 0.003571 0.008571
0 0.403214 0.121905 0.002143 0.007619
0 0.432500 0.023333 0.002143 0.006667
0 0.436429 0.023810 0.002857 0.007619
0 0.442043 0.123810 0.002857 0.007619
0 0.392857 0.130000 0.002857 0.006667
0 0.400714 0.137143 0.002857 0.007619
0 0.233204 0.197619 0.006429 0.016190
0 0.173214 0.231905 0.006429 0.012381
0 0.046429 0.233333 0.007143 0.015238
0 0.020000 0.289048 0.008571 0.016190
