0 0.528929 0.034762 0.017857 0.031429
0 0.600000 0.032381 0.012857 0.032381
0 0.565000 0.073333 0.014286 0.030476
0 0.536070 0.154762 0.013571 0.033333
0 0.530000 0.280429 0.017143 0.025714
0 0.484286 0.482380 0.015714 0.018095
0 0.582857 0.409524 0.015714 0.044762
0 0.485000 0.255238 0.007143 0.022857
0 0.488929 0.079524 0.012143 0.027619
0 0.435000 0.283333 0.002857 0.020000
0 0.074643 0.590905 0.033571 0.020000
0 0.023571 0.603810 0.028571 0.013333
0 0.255000 0.707143 0.024286 0.017143
0 0.308929 0.606090 0.017857 0.016190
0 0.204286 0.809048 0.024286 0.027619
0 0.395000 0.307619 0.015714 0.028571
0 0.405000 0.300000 0.014286 0.028571
0 0.405357 0.293333 0.009286 0.026667
0 0.460357 0.374286 0.002143 0.022857
0 0.436071 0.601905 0.013571 0.017143
0 0.425714 0.475714 0.012857 0.020000
0 0.497857 0.423800 0.014286 0.024762
0 0.490429 0.406667 0.012857 0.019048
0 0.472500 0.408095 0.005000 0.016190
0 0.358929 0.426090 0.016429 0.018095
0 0.968204 0.603810 0.030714 0.013333
0 0.906786 0.784286 0.026429 0.027609
0 0.903929 0.771429 0.022143 0.017143
0 0.958204 0.699524 0.026429 0.012381
