0 0.752857 0.950429 0.034286 0.060952
0 0.782043 0.837143 0.022857 0.049524
0 0.794286 0.835704 0.018571 0.046667
0 0.700357 0.769524 0.012143 0.034286
0 0.560429 0.596667 0.012857 0.037143
0 0.572500 0.594286 0.000714 0.036190
0 0.582043 0.570476 0.008571 0.030476
0 0.602500 0.564286 0.000714 0.035238
0 0.552043 0.477619 0.007143 0.025714
0 0.560000 0.493800 0.005714 0.029524
0 0.567043 0.493810 0.007143 0.027619
0 0.505357 0.436667 0.007857 0.023810
0 0.460000 0.390952 0.007043 0.021905
0 0.466786 0.395704 0.007857 0.021905
0 0.488204 0.414286 0.005000 0.022857
0 0.490786 0.409524 0.006429 0.022857
0 0.496786 0.420429 0.007857 0.021905
0 0.500786 0.416667 0.006429 0.025714
0 0.364643 0.356090 0.005000 0.019048
0 0.357043 0.357143 0.007143 0.019048
0 0.353570 0.350000 0.005714 0.018095
0 0.362043 0.348095 0.005714 0.016190
0 0.320429 0.335238 0.005714 0.017143
0 0.325357 0.335238 0.006429 0.007143
0 0.330357 0.335238 0.006429 0.009048
0 0.302043 0.325238 0.005714 0.018095
0 0.306786 0.322857 0.006429 0.007143
0 0.238929 0.309048 0.007857 0.006190
0 0.293570 0.271905 0.005714 0.012381
0 0.072143 0.802381 0.018571 0.040952
0 0.069643 0.776667 0.012143 0.033333
