0 0.572000 0.964333 0.000000 0.018000
0 0.452250 0.809000 0.010500 0.020667
0 0.442000 0.800333 0.008000 0.023333
0 0.072250 0.475000 0.010500 0.015333
0 0.094000 0.472333 0.009000 0.009333
0 0.003000 0.461667 0.011000 0.018000
0 0.084750 0.468000 0.010500 0.020000
0 0.248250 0.309333 0.006500 0.013333
0 0.042500 0.319667 0.006000 0.018000
0 0.059500 0.205000 0.004000 0.012667
0 0.071250 0.203333 0.004500 0.013333
0 0.094500 0.203333 0.006000 0.012000
0 0.457750 0.096667 0.003500 0.002000
0 0.532250 0.087333 0.002500 0.009333
0 0.527500 0.087667 0.003000 0.000000
0 0.519000 0.084333 0.003000 0.008667
0 0.705750 0.064667 0.003500 0.009333
0 0.746750 0.023667 0.002500 0.008667
