0 0.072500 0.692381 0.023571 0.036190
0 0.300704 0.392381 0.017143 0.028571
0 0.338570 0.448095 0.014286 0.023810
0 0.350000 0.394762 0.005714 0.037143
0 0.350704 0.351429 0.015714 0.030476
0 0.392043 0.179524 0.008571 0.025714
0 0.403929 0.156667 0.009286 0.020000
0 0.479643 0.057619 0.006429 0.023810
0 0.470071 0.148571 0.007857 0.019048
0 0.462043 0.149524 0.005714 0.015238
0 0.427500 0.211429 0.007857 0.017143
0 0.443571 0.231905 0.008571 0.021905
0 0.540357 0.407619 0.007857 0.040952
0 0.543570 0.409524 0.007143 0.036190
0 0.761429 0.363810 0.011429 0.032381
0 0.826429 0.404762 0.002857 0.041905
0 0.858929 0.222380 0.010714 0.040952
0 0.729643 0.074762 0.012143 0.027619
0 0.706786 0.178571 0.007857 0.029524
0 0.732043 0.150952 0.010000 0.029524
0 0.832500 0.036190 0.007857 0.028571
0 0.924286 0.026667 0.008571 0.022857
0 0.442043 0.163810 0.007143 0.020952
0 0.875000 0.011905 0.008571 0.027619
0 0.850357 0.118095 0.010714 0.022857
0 0.824643 0.117619 0.007857 0.018095
0 0.765357 0.007609 0.010714 0.015238
0 0.950000 0.008571 0.010000 0.024762
0 0.939286 0.009048 0.007143 0.023810
0 0.936070 0.100000 0.006429 0.028571
0 0.987500 0.020000 0.009286 0.030476
0 0.994286 0.003810 0.011429 0.026667
0 0.672500 0.126667 0.012143 0.013333
