0 0.492857 0.734772 0.008570 0.015228
0 0.480704 0.725254 0.005714 0.016497
0 0.533570 0.703680 0.008571 0.024112
0 0.604643 0.723350 0.007857 0.020305
0 0.526786 0.652284 0.002143 0.020305
0 0.566429 0.579949 0.007043 0.015228
0 0.654286 0.553299 0.007043 0.025381
0 0.688929 0.527284 0.009286 0.006497
0 0.660786 0.519670 0.007857 0.029188
0 0.603929 0.420050 0.007857 0.025381
0 0.638929 0.309797 0.003571 0.017766
0 0.753204 0.252538 0.006429 0.012690
0 0.723929 0.033883 0.005000 0.016497
0 0.720000 0.032614 0.004286 0.016497
0 0.694286 0.240482 0.005704 0.019036
0 0.746429 0.255076 0.004286 0.020305
0 0.749643 0.245558 0.005000 0.003959
0 0.635357 0.320430 0.005000 0.016497
0 0.632043 0.547589 0.005714 0.021574
0 0.632043 0.535533 0.005714 0.017766
0 0.636786 0.528553 0.006429 0.020574
0 0.638929 0.507766 0.006429 0.022843
0 0.635704 0.507614 0.007143 0.022843
0 0.625000 0.495558 0.005704 0.013959
0 0.602500 0.496827 0.006429 0.024112
0 0.603204 0.504442 0.005000 0.019036
0 0.600786 0.517766 0.005000 0.017766
0 0.607500 0.532995 0.006429 0.020305
0 0.622500 0.538706 0.005000 0.020574
0 0.622857 0.502056 0.007143 0.021574
0 0.680071 0.517132 0.006429 0.021574
0 0.594286 0.590736 0.007043 0.024112
0 0.578929 0.578680 0.006429 0.007766
0 0.577857 0.607234 0.007043 0.021574
0 0.585000 0.608503 0.005704 0.019036
0 0.572857 0.604060 0.005714 0.012690
0 0.575000 0.585660 0.005704 0.013959
0 0.588204 0.597081 0.006429 0.019036
0 0.570429 0.763325 0.008571 0.024112
