0 0.332857 0.942893 0.022857 0.053299
0 0.496070 0.955584 0.013571 0.058376
0 0.269643 0.003325 0.003571 0.016497
0 0.265357 0.006345 0.003570 0.012690
0 0.275704 0.010787 0.002857 0.019036
0 0.250704 0.041244 0.004286 0.016497
0 0.250429 0.044416 0.002857 0.017766
0 0.285000 0.040244 0.002857 0.021574
0 0.287500 0.042503 0.003571 0.019036
0 0.287500 0.039975 0.003570 0.016497
0 0.293929 0.048223 0.003570 0.015228
0 0.302043 0.046320 0.002857 0.016497
0 0.305357 0.050396 0.003571 0.016497
0 0.303570 0.069797 0.004286 0.017766
0 0.307500 0.068528 0.003570 0.017766
0 0.332043 0.075508 0.004286 0.019036
0 0.320786 0.081853 0.003571 0.019036
0 0.325000 0.080853 0.004286 0.019036
0 0.342857 0.004695 0.002857 0.021574
0 0.347043 0.114848 0.004286 0.021574
0 0.350786 0.145939 0.003571 0.025381
0 0.356786 0.042132 0.005000 0.025381
0 0.384286 0.031345 0.005714 0.021574
0 0.386070 0.183376 0.006429 0.026650
0 0.434286 0.206208 0.010000 0.029188
0 0.530704 0.386421 0.008571 0.036802
0 0.657500 0.507766 0.020714 0.035533
0 0.990786 0.336294 0.013571 0.032995
