0 0.502857 0.161168 0.005714 0.015228
0 0.493214 0.399112 0.005000 0.013959
0 0.500786 0.394036 0.005000 0.026650
0 0.502143 0.312817 0.004286 0.021574
0 0.652043 0.050127 0.005714 0.021574
0 0.600000 0.003959 0.005714 0.015228
0 0.673204 0.127538 0.005000 0.024112
0 0.687500 0.038959 0.006429 0.021574
0 0.660357 0.030076 0.005000 0.021574
0 0.664286 0.025635 0.005714 0.022843
0 0.713571 0.179569 0.005714 0.019036
0 0.682500 0.365482 0.007857 0.022843
0 0.708570 0.631345 0.007143 0.026650
0 0.679643 0.707005 0.007857 0.022843
0 0.702500 0.803299 0.009286 0.022843
0 0.705704 0.855330 0.007143 0.022843
0 0.737500 0.944062 0.007857 0.022843
0 0.737500 0.974609 0.010714 0.022843
0 0.464643 0.663071 0.007857 0.024112
