0 0.802043 0.812817 0.005714 0.016497
0 0.833570 0.777284 0.005714 0.016497
0 0.932857 0.932007 0.005714 0.024112
0 0.900714 0.850254 0.007143 0.017766
0 0.909643 0.848985 0.005000 0.017766
0 0.750429 0.840736 0.005714 0.016497
0 0.756786 0.836294 0.005000 0.020305
0 0.527857 0.680203 0.004286 0.002690
0 0.536786 0.667503 0.003571 0.012690
0 0.538929 0.666244 0.003570 0.012690
0 0.547857 0.656726 0.002857 0.003959
0 0.550704 0.656726 0.002857 0.016497
0 0.557857 0.649012 0.005714 0.011421
0 0.664643 0.559000 0.003571 0.011421
