0 0.666429 0.327043 0.007143 0.031429
0 0.562143 0.381429 0.007143 0.025714
0 0.560000 0.440952 0.012857 0.024762
0 0.590714 0.371429 0.010000 0.022857
0 0.701429 0.302381 0.008571 0.020000
0 0.628929 0.195714 0.007857 0.016190
0 0.051786 0.611905 0.017857 0.023810
0 0.092143 0.660952 0.018571 0.022857
0 0.173214 0.693810 0.019286 0.023810
0 0.212500 0.359048 0.007857 0.019048
0 0.218571 0.358095 0.008571 0.024762
0 0.698571 0.890476 0.017143 0.022857
0 0.719643 0.945714 0.019286 0.017143
0 0.738571 0.908095 0.017143 0.018095
0 0.759286 0.949048 0.012857 0.020000
0 0.697500 0.794762 0.012143 0.023810
0 0.726071 0.838095 0.015000 0.020952
0 0.802500 0.821905 0.016429 0.030476
0 0.822043 0.802857 0.014286 0.032381
0 0.557143 0.630952 0.015714 0.029524
0 0.344286 0.733333 0.001429 0.032381
0 0.385000 0.750429 0.015714 0.030476
0 0.395357 0.737043 0.016429 0.030476
0 0.601429 0.158095 0.005714 0.015238
0 0.622500 0.137143 0.005000 0.015238
0 0.605714 0.103333 0.005714 0.010476
0 0.612143 0.088571 0.002857 0.011429
0 0.620714 0.091429 0.005714 0.011429
0 0.598570 0.019048 0.005714 0.015238
0 0.746429 0.355714 0.010000 0.020000
0 0.754643 0.357143 0.006429 0.024762
0 0.776429 0.367619 0.005714 0.022857
0 0.781786 0.369048 0.010714 0.021905
