0 0.629643 0.563452 0.009286 0.022843
0 0.638929 0.509670 0.009286 0.021574
0 0.622857 0.509670 0.007143 0.016497
0 0.606429 0.499365 0.008570 0.021574
0 0.602500 0.436548 0.007857 0.022843
0 0.594643 0.395939 0.007857 0.007766
0 0.703204 0.501904 0.009286 0.034264
0 0.640786 0.269670 0.006429 0.016497
0 0.605357 0.253807 0.007857 0.015228
0 0.622043 0.177665 0.007143 0.012690
0 0.578204 0.186548 0.010714 0.035533
0 0.606786 0.078680 0.009286 0.022843
0 0.596429 0.072335 0.008570 0.022843
0 0.532043 0.045051 0.005714 0.019036
0 0.539643 0.062437 0.006429 0.027919
0 0.536429 0.078680 0.007043 0.020305
0 0.655357 0.001523 0.006429 0.017766
0 0.653204 0.078680 0.006429 0.022843
0 0.625704 0.050127 0.005714 0.019036
0 0.633570 0.043147 0.004286 0.017766
0 0.629286 0.027909 0.004286 0.015228
0 0.649643 0.039340 0.009286 0.030457
0 0.589643 0.027909 0.013571 0.022843
0 0.530786 0.021574 0.010714 0.020305
0 0.010000 0.354695 0.011429 0.021574
0 0.005357 0.361041 0.007857 0.021574
0 0.036071 0.855330 0.010714 0.022843
0 0.029286 0.869289 0.011429 0.022843
0 0.636429 0.043047 0.005714 0.015228
0 0.536070 0.046320 0.006429 0.016497
0 0.639643 0.034264 0.006429 0.007766
0 0.606786 0.185914 0.003571 0.013959
0 0.620786 0.195431 0.006429 0.020305
0 0.640000 0.278553 0.004286 0.009036
0 0.636070 0.274746 0.005000 0.016497
