0 0.303497 0.808905 0.025574 0.061224
0 0.288883 0.706865 0.008873 0.050093
0 0.298800 0.704750 0.012004 0.054731
0 0.411795 0.707792 0.013570 0.038961
0 0.402400 0.608998 0.005219 0.021336
0 0.416493 0.601577 0.005219 0.017625
0 0.553497 0.719852 0.012004 0.044527
0 0.621868 0.733302 0.017223 0.056586
0 0.632829 0.697124 0.014092 0.038033
0 0.993737 0.696660 0.001482 0.046382
0 0.993476 0.688776 0.010960 0.032468
0 0.980689 0.727737 0.015658 0.052876
0 0.505919 0.656772 0.008873 0.035250
0 0.502004 0.649351 0.005219 0.031540
0 0.503392 0.656308 0.006785 0.017625
0 0.503653 0.647032 0.005219 0.015770
0 0.498956 0.653989 0.006263 0.018553
0 0.604040 0.608534 0.004697 0.022263
0 0.548007 0.606215 0.004175 0.019481
0 0.552704 0.600649 0.003132 0.013915
0 0.540700 0.608071 0.005219 0.017625
0 0.552453 0.609926 0.004697 0.019481
0 0.500783 0.615028 0.005741 0.016698
0 0.500783 0.612709 0.004697 0.017625
0 0.506701 0.570501 0.003132 0.009276
0 0.468424 0.575139 0.003653 0.011132
0 0.467902 0.574212 0.004697 0.009276
0 0.454332 0.568646 0.002610 0.009276
0 0.444937 0.564471 0.003653 0.010204
0 0.450939 0.550484 0.003132 0.010204
0 0.487996 0.568646 0.003132 0.011132
0 0.473121 0.548237 0.002610 0.007421
