0 0.275250 0.539000 0.023500 0.040667
0 0.330250 0.605000 0.022500 0.030333
0 0.608000 0.707000 0.027000 0.028667
0 0.760250 0.519333 0.033500 0.028000
0 0.740500 0.496000 0.028000 0.030667
0 0.890250 0.507667 0.037500 0.031333
0 0.962250 0.589667 0.036500 0.026000
0 0.076750 0.250667 0.033500 0.051333
0 0.000000 0.255333 0.026000 0.032000
0 0.062750 0.131333 0.018500 0.037333
0 0.063250 0.462000 0.032500 0.034667
0 0.024750 0.650333 0.041500 0.032000
0 0.037500 0.705333 0.045000 0.033333
0 0.003250 0.676000 0.026500 0.018667
0 0.360000 0.752333 0.024000 0.028667
0 0.407250 0.761667 0.023500 0.026000
0 0.433500 0.770000 0.007000 0.029333
0 0.475500 0.733333 0.022000 0.032000
0 0.492500 0.240000 0.013000 0.040667
0 0.504250 0.307333 0.016500 0.034667
0 0.535250 0.358000 0.000500 0.033333
0 0.542500 0.330000 0.015000 0.032667
0 0.520500 0.316000 0.015000 0.034667
0 0.614750 0.365333 0.011500 0.030667
0 0.806500 0.439333 0.022000 0.036000
0 0.743250 0.458667 0.024500 0.034667
0 0.722000 0.467333 0.023000 0.040000
0 0.779000 0.486667 0.023000 0.032000
0 0.842000 0.488333 0.028000 0.030000
0 0.860000 0.480667 0.028000 0.033333
0 0.956000 0.499333 0.024000 0.022667
0 0.950250 0.480333 0.036500 0.027333
0 0.700250 0.739000 0.023500 0.047333
0 0.665250 0.716000 0.021500 0.026667
0 0.682250 0.687333 0.020500 0.029333
0 0.703250 0.632667 0.025500 0.026667
0 0.690500 0.595667 0.023000 0.027333
0 0.674000 0.567333 0.023000 0.030667
