0 0.446750 0.558667 0.007500 0.022667
0 0.460500 0.547333 0.005000 0.020333
0 0.457500 0.550333 0.005000 0.000000
0 0.388500 0.473667 0.004000 0.008000
0 0.348000 0.466667 0.007000 0.000667
0 0.350250 0.482000 0.006500 0.006000
0 0.300250 0.472333 0.004500 0.015333
0 0.297250 0.485000 0.003500 0.005333
0 0.286750 0.480667 0.005500 0.015333
0 0.270000 0.489000 0.005000 0.018000
0 0.282750 0.436667 0.004500 0.003333
0 0.324250 0.467333 0.004500 0.004667
0 0.266500 0.484333 0.005000 0.005333
0 0.320250 0.466667 0.003500 0.003333
0 0.352500 0.405333 0.004000 0.010667
0 0.758500 0.505667 0.006000 0.019333
0 0.762500 0.505667 0.004000 0.019333
0 0.760250 0.510667 0.002500 0.008000
0 0.617750 0.475000 0.005500 0.012667
0 0.670750 0.457000 0.004500 0.005333
0 0.730750 0.462000 0.004500 0.008000
0 0.749000 0.446333 0.003000 0.000000
0 0.721500 0.456333 0.004000 0.011333
0 0.708250 0.440000 0.004500 0.014667
0 0.706000 0.433667 0.003000 0.005333
0 0.708500 0.434000 0.002000 0.006667
0 0.646000 0.427000 0.004000 0.002667
0 0.622000 0.422667 0.003000 0.002000
0 0.570750 0.427000 0.003500 0.008667
0 0.580500 0.430000 0.005000 0.009333
0 0.603750 0.407667 0.002500 0.008667
0 0.600750 0.413667 0.002500 0.011333
0 0.030500 0.424000 0.005000 0.009333
0 0.054750 0.400000 0.004500 0.010667
0 0.066500 0.393667 0.003000 0.008667
0 0.070750 0.466667 0.005500 0.003333
0 0.062000 0.468667 0.005000 0.004667
0 0.064000 0.465667 0.004000 0.004000
0 0.049000 0.466000 0.005000 0.003333
0 0.050250 0.463333 0.005500 0.003333
0 0.026250 0.397000 0.002500 0.008667
0 0.029000 0.397333 0.003000 0.009333
0 0.077500 0.370667 0.003000 0.007333
