0 0.225000 0.748096 0.005704 0.019036
0 0.229286 0.739848 0.007043 0.017766
0 0.270071 0.864848 0.009286 0.016497
0 0.295704 0.902919 0.007143 0.016497
0 0.300357 0.970447 0.009286 0.021574
0 0.302500 0.883883 0.006429 0.016497
0 0.430000 0.869924 0.008570 0.016497
0 0.404286 0.838098 0.005714 0.019036
0 0.442857 0.794406 0.005714 0.020305
0 0.499643 0.850523 0.006429 0.020305
0 0.503570 0.848350 0.004286 0.019036
0 0.727500 0.793047 0.006429 0.017766
0 0.745000 0.784898 0.005704 0.016497
0 0.749643 0.772843 0.005000 0.007766
