0 0.064643 0.468570 0.005000 0.020952
0 0.024643 0.488095 0.006429 0.025714
0 0.061786 0.447619 0.005000 0.019048
0 0.050357 0.580000 0.007857 0.028571
0 0.083570 0.652857 0.007143 0.039048
0 0.038204 0.601429 0.007857 0.035238
0 0.024643 0.897143 0.007857 0.028571
0 0.029286 0.924762 0.008571 0.028571
0 0.207500 0.504286 0.005000 0.020952
0 0.250429 0.436667 0.008571 0.027619
0 0.262857 0.463333 0.004286 0.029524
0 0.288570 0.429524 0.004286 0.011429
0 0.284286 0.390000 0.007043 0.020000
0 0.277043 0.387143 0.005714 0.020000
0 0.272857 0.355238 0.004286 0.009524
0 0.306786 0.334762 0.003571 0.016190
0 0.303214 0.331429 0.003571 0.017143
0 0.305357 0.172381 0.003571 0.013333
0 0.439643 0.208095 0.002043 0.008571
0 0.405714 0.190952 0.002857 0.010476
0 0.400357 0.190000 0.002143 0.012381
0 0.360071 0.352381 0.003571 0.011429
0 0.340071 0.371429 0.003571 0.011429
0 0.375357 0.452857 0.003570 0.010476
0 0.385000 0.448570 0.004286 0.011429
0 0.340071 0.560952 0.005000 0.019048
0 0.500704 0.337143 0.004286 0.011429
0 0.400786 0.309524 0.003571 0.011429
0 0.505704 0.214286 0.004286 0.013333
0 0.499643 0.206667 0.002043 0.007619
0 0.490704 0.218571 0.002857 0.008571
0 0.668571 0.209048 0.004286 0.008571
0 0.033204 0.648571 0.010714 0.040000
