0 0.383570 0.496827 0.011429 0.034264
0 0.374286 0.496827 0.008570 0.031726
0 0.429286 0.867386 0.002857 0.036802
0 0.475000 0.909898 0.008571 0.020305
0 0.540071 0.951777 0.015000 0.022843
0 0.433214 0.682107 0.012143 0.024112
0 0.433571 0.669416 0.008571 0.019036
0 0.432500 0.658629 0.010714 0.017766
0 0.506786 0.974619 0.010714 0.020305
0 0.736070 0.895939 0.010714 0.040609
0 0.702857 0.814086 0.014286 0.039340
0 0.701429 0.490482 0.011429 0.031726
0 0.708204 0.468274 0.007857 0.027919
0 0.696070 0.475254 0.007857 0.034264
0 0.685704 0.473350 0.007143 0.032995
0 0.724643 0.430203 0.002143 0.035533
0 0.720704 0.403553 0.010000 0.032995
0 0.722857 0.366017 0.012857 0.031726
0 0.393204 0.054569 0.009286 0.032995
0 0.514643 0.556472 0.019286 0.019036
0 0.569643 0.768401 0.032143 0.031726
0 0.575714 0.781726 0.017143 0.027919
