0 0.491250 0.911000 0.030500 0.074000
0 0.529500 0.875000 0.024000 0.074000
0 0.554000 0.838000 0.023000 0.070667
0 0.656250 0.860333 0.009500 0.063333
0 0.604000 0.818667 0.021000 0.069333
0 0.676500 0.808333 0.020000 0.066000
0 0.557750 0.706333 0.006500 0.070000
0 0.565250 0.684333 0.008500 0.066000
0 0.577750 0.659333 0.008500 0.066667
0 0.666500 0.673000 0.020000 0.063333
0 0.677000 0.633667 0.020000 0.056667
0 0.606500 0.582000 0.015000 0.053333
0 0.702750 0.584333 0.012500 0.055333
0 0.705500 0.583333 0.003000 0.044000
0 0.505250 0.485333 0.013500 0.044000
0 0.502250 0.489333 0.000500 0.042667
0 0.460750 0.419667 0.009500 0.042000
0 0.490000 0.365667 0.010000 0.034000
0 0.498500 0.340667 0.008000 0.036000
0 0.466250 0.280667 0.008500 0.030000
0 0.404250 0.227667 0.006500 0.018000
0 0.529500 0.341667 0.008000 0.024667
0 0.358250 0.342333 0.010500 0.022000
0 0.373000 0.336667 0.010000 0.020000
0 0.327750 0.348000 0.009500 0.032000
0 0.301250 0.350333 0.010500 0.035333
0 0.283250 0.344667 0.001500 0.034667
0 0.246250 0.434000 0.007500 0.048000
0 0.267500 0.423000 0.003000 0.043333
0 0.295000 0.378000 0.014000 0.030667
0 0.305500 0.365333 0.002000 0.036000
0 0.063250 0.585000 0.004500 0.059333
0 0.098000 0.535667 0.020000 0.054000
0 0.001500 0.525667 0.019000 0.052667
0 0.065750 0.457667 0.015500 0.044667
0 0.200000 0.442333 0.014000 0.040667
0 0.202500 0.430667 0.011000 0.025333
0 0.582500 0.349667 0.010000 0.026000
0 0.619750 0.225667 0.007500 0.016667
