0 0.328204 0.101905 0.009286 0.022857
0 0.350429 0.265714 0.008571 0.020952
0 0.350704 0.278095 0.007143 0.013333
0 0.328929 0.570905 0.007857 0.016190
0 0.238204 0.544762 0.013571 0.015238
0 0.225357 0.530905 0.013571 0.016190
0 0.229286 0.506667 0.011429 0.016190
0 0.240357 0.505714 0.012143 0.016190
0 0.360714 0.476190 0.008571 0.013333
0 0.355000 0.500952 0.007143 0.017143
0 0.577500 0.850429 0.010714 0.019048
0 0.587500 0.840000 0.007857 0.005238
0 0.389286 0.305704 0.008571 0.019048
0 0.394286 0.289048 0.007043 0.020000
0 0.395704 0.271905 0.007143 0.018095
0 0.409643 0.452857 0.007857 0.020000
0 0.428929 0.384762 0.007857 0.017143
0 0.430786 0.376667 0.006429 0.018095
0 0.432143 0.483333 0.010000 0.014286
0 0.443214 0.519048 0.007857 0.013333
0 0.558571 0.558571 0.008571 0.014286
0 0.277500 0.902381 0.013571 0.017143
0 0.441071 0.427143 0.006429 0.016190
