0 0.034643 0.276090 0.017857 0.022857
0 0.049643 0.258095 0.010714 0.020952
0 0.002857 0.271429 0.011429 0.024762
0 0.207500 0.055714 0.009286 0.020000
0 0.240000 0.037043 0.005714 0.022857
0 0.250000 0.027609 0.010000 0.019048
0 0.233929 0.030000 0.007857 0.020905
0 0.025357 0.276090 0.007857 0.015238
0 0.561071 0.380952 0.006429 0.015238
0 0.475704 0.374762 0.010000 0.029524
0 0.740357 0.092857 0.009286 0.025714
0 0.875000 0.043800 0.008571 0.026667
0 0.717143 0.216667 0.007143 0.018095
0 0.744286 0.238571 0.007143 0.016190
