0 0.035357 0.050905 0.007857 0.014286
0 0.060357 0.050952 0.000714 0.014286
0 0.082500 0.083333 0.007857 0.020905
0 0.070000 0.090905 0.008571 0.023810
0 0.006429 0.100000 0.007143 0.019048
0 0.029286 0.119524 0.005714 0.021905
0 0.025357 0.273800 0.020714 0.033333
0 0.094286 0.295704 0.014286 0.023810
0 0.014643 0.288571 0.012143 0.017143
0 0.223214 0.315238 0.012143 0.020952
0 0.200704 0.572381 0.014286 0.041905
0 0.222043 0.557619 0.020000 0.044762
0 0.203204 0.547619 0.019286 0.038095
0 0.648204 0.358571 0.010714 0.025714
0 0.694643 0.355238 0.002143 0.026667
