0 0.382250 0.974333 0.006500 0.023333
0 0.344250 0.841667 0.018500 0.039333
0 0.381750 0.771667 0.013500 0.022000
0 0.468000 0.785667 0.006000 0.026000
0 0.650000 0.725333 0.020000 0.030667
0 0.552250 0.597667 0.015500 0.023333
0 0.650750 0.503667 0.012500 0.031333
0 0.699250 0.507667 0.003500 0.024667
0 0.961750 0.774000 0.018500 0.026667
0 0.950250 0.776000 0.015500 0.021333
0 0.987250 0.506000 0.024500 0.032000
0 0.900250 0.466333 0.017500 0.023333
0 0.920500 0.462333 0.016000 0.023333
0 0.947250 0.461667 0.014500 0.028667
0 0.967500 0.462000 0.017000 0.030667
0 0.968000 0.462000 0.013000 0.016000
0 0.482750 0.527333 0.003500 0.028000
0 0.402500 0.384000 0.010000 0.028000
0 0.409750 0.385333 0.007500 0.017333
0 0.438000 0.397000 0.014000 0.027333
0 0.453250 0.373000 0.009500 0.030333
0 0.450750 0.361667 0.009500 0.024667
0 0.468250 0.308667 0.009500 0.029333
0 0.459250 0.272667 0.001500 0.032000
0 0.458250 0.242333 0.002500 0.028667
0 0.573500 0.240667 0.015000 0.017333
0 0.511000 0.196000 0.011000 0.020000
0 0.510750 0.186667 0.010500 0.018667
0 0.468000 0.147000 0.010000 0.020667
0 0.486750 0.141667 0.010500 0.026000
0 0.431750 0.069000 0.008500 0.016667
0 0.453500 0.034333 0.008000 0.032667
0 0.520000 0.025333 0.001000 0.021333
0 0.446500 0.003667 0.007000 0.020667
