0 0.042857 0.208095 0.008570 0.008571
0 0.082043 0.210476 0.008571 0.009524
0 0.425704 0.151429 0.004286 0.009524
0 0.334286 0.398095 0.005704 0.007619
0 0.338204 0.393810 0.005000 0.006667
0 0.864286 0.028095 0.007043 0.010476
0 0.825000 0.053800 0.005714 0.010476
0 0.870000 0.042857 0.007043 0.007619
0 0.852500 0.050000 0.006429 0.008570
0 0.856429 0.045238 0.007043 0.008571
0 0.858204 0.049048 0.003571 0.006667
0 0.907857 0.073333 0.005714 0.009524
0 0.902857 0.065704 0.008571 0.013333
0 0.887500 0.057043 0.005000 0.009524
0 0.885357 0.052380 0.006429 0.015238
0 0.952857 0.053800 0.005714 0.012381
0 0.982500 0.203333 0.009286 0.007619
0 0.973570 0.243333 0.008571 0.006667
0 0.562500 0.770905 0.003571 0.004762
0 0.438204 0.423810 0.003571 0.005714
0 0.639286 0.590952 0.002857 0.006667
