0 0.932500 0.095714 0.006429 0.018095
0 0.944643 0.088095 0.007857 0.018095
0 0.930704 0.180000 0.004286 0.017143
0 0.692857 0.573800 0.022857 0.033333
0 0.636070 0.598571 0.012143 0.033333
0 0.586429 0.463333 0.000000 0.033333
0 0.596070 0.485238 0.010714 0.039048
0 0.601429 0.485238 0.007143 0.029524
0 0.632043 0.573333 0.014286 0.038095
0 0.847043 0.179524 0.004286 0.016190
0 0.853204 0.177143 0.006429 0.013333
0 0.796070 0.242857 0.006429 0.020952
0 0.709643 0.267609 0.005000 0.020952
0 0.704286 0.206667 0.004286 0.005238
0 0.422043 0.380952 0.007143 0.022857
0 0.482857 0.454286 0.002857 0.019048
0 0.409643 0.359524 0.007857 0.027609
0 0.038204 0.115238 0.006429 0.009524
0 0.333214 0.304286 0.006429 0.016190
0 0.355714 0.337143 0.007143 0.017143
0 0.375000 0.340952 0.011429 0.009524
0 0.371786 0.340952 0.003571 0.017143
0 0.342857 0.295238 0.010000 0.019048
0 0.226429 0.152381 0.007143 0.011429
0 0.235714 0.152381 0.005714 0.011429
0 0.268214 0.198095 0.007857 0.009524
0 0.210000 0.142381 0.004286 0.006667
0 0.078571 0.148095 0.004286 0.008571
0 0.322500 0.250952 0.000714 0.018095
