0 0.250786 0.349619 0.005000 0.026650
0 0.308204 0.169416 0.005000 0.024112
0 0.304643 0.162437 0.005000 0.020305
0 0.472857 0.045050 0.004286 0.021574
0 0.468204 0.051396 0.003571 0.021574
0 0.456070 0.137056 0.005000 0.020305
0 0.462500 0.050381 0.005000 0.019036
0 0.462043 0.142132 0.004286 0.017766
0 0.403214 0.211294 0.006429 0.021574
0 0.369286 0.493020 0.005714 0.021574
0 0.517143 0.874365 0.008571 0.022843
0 0.566786 0.679569 0.006429 0.026650
0 0.678570 0.465736 0.008571 0.022843
0 0.793929 0.529822 0.007857 0.024012
0 0.790704 0.517132 0.007143 0.024112
0 0.765704 0.505076 0.011429 0.027919
0 0.636786 0.446066 0.007857 0.020574
0 0.560786 0.294416 0.006429 0.017766
0 0.554643 0.260787 0.007857 0.020574
0 0.526786 0.263325 0.005000 0.020574
0 0.529286 0.260421 0.005714 0.022843
0 0.501071 0.186548 0.005000 0.022843
0 0.498204 0.182107 0.005000 0.019036
0 0.755000 0.090990 0.005714 0.021574
0 0.943929 0.503807 0.000714 0.025381
0 0.909286 0.504594 0.011429 0.024112
0 0.827857 0.469543 0.007043 0.017766
0 0.895000 0.205584 0.000000 0.015228
0 0.993571 0.212563 0.007143 0.019036
