0 0.504643 0.640429 0.016429 0.075238
0 0.523204 0.640952 0.016429 0.076190
0 0.505704 0.386190 0.011429 0.046667
0 0.482857 0.359048 0.007043 0.036190
0 0.474643 0.357043 0.009286 0.036190
0 0.476070 0.259048 0.006429 0.022857
0 0.468929 0.257609 0.006429 0.018095
0 0.474643 0.232380 0.005000 0.013333
0 0.484286 0.240429 0.005714 0.016190
0 0.488929 0.240476 0.005000 0.004286
0 0.499286 0.239048 0.005704 0.017143
0 0.770429 0.486190 0.017143 0.063810
0 0.877857 0.674762 0.032857 0.075238
0 0.666429 0.339048 0.008570 0.032381
0 0.676070 0.340952 0.009286 0.034286
0 0.966786 0.604762 0.026429 0.065714
0 0.990000 0.634762 0.007143 0.037143
