0 0.060500 0.962333 0.025000 0.074000
0 0.388250 0.763000 0.005500 0.111333
0 0.450000 0.884333 0.025000 0.023333
0 0.472500 0.897667 0.020000 0.063333
0 0.590750 0.844333 0.037500 0.026000
0 0.552750 0.775333 0.028500 0.002667
0 0.533000 0.785333 0.004000 0.064000
0 0.475000 0.826000 0.025000 0.096000
0 0.438750 0.836000 0.030500 0.129333
0 0.623000 0.652333 0.020000 0.079333
0 0.668750 0.690000 0.002500 0.070667
0 0.702250 0.804000 0.033500 0.096000
0 0.528750 0.625333 0.009500 0.038667
0 0.525250 0.674000 0.020500 0.058667
0 0.575750 0.642667 0.011500 0.032000
0 0.583500 0.608000 0.010000 0.029333
0 0.630250 0.574000 0.010500 0.036000
0 0.647750 0.570333 0.009500 0.036000
0 0.586250 0.556000 0.003500 0.025333
0 0.568250 0.552000 0.009500 0.040333
0 0.506750 0.589333 0.003500 0.058667
0 0.426750 0.680667 0.021500 0.051333
0 0.384250 0.552333 0.003500 0.048667
0 0.408000 0.552667 0.007000 0.029333
0 0.420000 0.553333 0.008000 0.038667
0 0.398250 0.536000 0.000500 0.024000
0 0.479750 0.547667 0.009500 0.042000
0 0.445500 0.533667 0.009000 0.044667
0 0.425750 0.474667 0.007500 0.024000
0 0.401250 0.483000 0.007500 0.026000
0 0.402750 0.483000 0.005500 0.005333
0 0.420500 0.506333 0.011000 0.023333
0 0.459000 0.507333 0.009000 0.036000
0 0.499250 0.529333 0.006500 0.033333
0 0.490250 0.533667 0.007500 0.024667
0 0.477750 0.508667 0.007500 0.028000
0 0.523250 0.522000 0.002500 0.029333
0 0.533000 0.533000 0.001000 0.026000
0 0.540250 0.533667 0.009500 0.022000
0 0.548250 0.540333 0.014500 0.026667
