0 0.508929 0.562817 0.003571 0.019036
0 0.523570 0.560914 0.004286 0.020305
0 0.702043 0.941624 0.007143 0.027919
0 0.709286 0.901802 0.008571 0.021574
0 0.697500 0.842640 0.007857 0.027909
0 0.680000 0.801548 0.005714 0.024112
0 0.666786 0.734037 0.006429 0.024112
0 0.683204 0.737310 0.006429 0.020305
0 0.675357 0.703832 0.006429 0.024112
0 0.700704 0.828046 0.007143 0.029188
0 0.687043 0.852792 0.004286 0.015228
0 0.660429 0.645305 0.004286 0.019036
0 0.664643 0.643400 0.003571 0.015228
0 0.645704 0.489213 0.004286 0.016497
0 0.640071 0.495558 0.005000 0.019036
0 0.634286 0.495558 0.004286 0.009036
0 0.620429 0.482234 0.004286 0.020305
0 0.633570 0.443528 0.004286 0.016497
0 0.633204 0.407360 0.003571 0.017766
0 0.620704 0.376269 0.004286 0.016497
0 0.526786 0.378073 0.003571 0.020305
0 0.503929 0.486675 0.005000 0.021574
0 0.535704 0.366751 0.004286 0.017766
0 0.607143 0.338198 0.002857 0.016497
0 0.601786 0.340102 0.003571 0.017766
0 0.600357 0.298223 0.003571 0.015228
0 0.603929 0.309645 0.005000 0.005228
0 0.602043 0.281726 0.004286 0.015228
0 0.608570 0.263959 0.002857 0.015228
0 0.602043 0.258883 0.004286 0.017766
0 0.602500 0.227057 0.003571 0.015228
0 0.598204 0.213832 0.002143 0.013959
0 0.592500 0.043401 0.002143 0.012690
0 0.588929 0.043401 0.002143 0.012690
0 0.579643 0.034518 0.003571 0.012690
0 0.507500 0.168147 0.002143 0.011421
0 0.520000 0.087817 0.002857 0.012690
0 0.509286 0.213832 0.002857 0.013959
0 0.586070 0.118020 0.003571 0.012690
0 0.596786 0.006599 0.003571 0.010152
0 0.580429 0.078680 0.002857 0.010152
0 0.576786 0.060548 0.002143 0.011421
0 0.577043 0.083756 0.002857 0.010152
0 0.577500 0.078680 0.002043 0.010152
0 0.592857 0.097080 0.002857 0.011421
0 0.595704 0.097716 0.002857 0.012690
0 0.588570 0.133883 0.002857 0.013959
0 0.606429 0.339467 0.002857 0.006497
0 0.603929 0.334390 0.003571 0.013959
0 0.606429 0.370193 0.004286 0.019036
0 0.646429 0.386420 0.004286 0.016497
0 0.640071 0.388325 0.003571 0.017766
0 0.645000 0.380345 0.004286 0.016497
0 0.583204 0.064721 0.002143 0.010152
0 0.580786 0.064086 0.002143 0.011421
0 0.638204 0.359137 0.003571 0.015228
0 0.605704 0.299492 0.004286 0.015228
0 0.704643 0.810914 0.006429 0.022843
0 0.701429 0.801396 0.004286 0.021574
0 0.532857 0.960294 0.007143 0.034264
0 0.540000 0.960929 0.007143 0.032995
0 0.337043 0.916244 0.010000 0.025381
0 0.330071 0.903553 0.010714 0.032995
