0 0.301071 0.888095 0.003571 0.006667
0 0.305357 0.886190 0.003571 0.006667
0 0.275357 0.900905 0.003571 0.011429
0 0.272043 0.906667 0.004286 0.009524
0 0.236429 0.708570 0.005714 0.011429
0 0.099643 0.639524 0.003571 0.006667
0 0.098571 0.662381 0.004286 0.006667
0 0.200071 0.661429 0.005000 0.006667
0 0.097500 0.647143 0.003571 0.006667
0 0.095714 0.646190 0.002857 0.004762
0 0.091786 0.646667 0.003571 0.005714
0 0.093571 0.650952 0.002857 0.006667
0 0.286786 0.544286 0.003570 0.008571
0 0.288929 0.543333 0.003570 0.006667
0 0.277857 0.502857 0.002857 0.006667
0 0.280000 0.503810 0.002857 0.008571
0 0.280786 0.514286 0.003571 0.007619
0 0.287500 0.524286 0.002043 0.006667
0 0.289286 0.523800 0.002857 0.007619
0 0.286070 0.510000 0.002143 0.006667
0 0.288204 0.510000 0.002143 0.006667
0 0.286070 0.499048 0.002143 0.007619
0 0.288570 0.498095 0.002857 0.007619
0 0.290071 0.498571 0.002143 0.008571
0 0.290786 0.486190 0.002143 0.008571
0 0.294643 0.486090 0.003571 0.008571
0 0.289643 0.506190 0.002143 0.007619
0 0.303204 0.303333 0.002143 0.006667
0 0.303214 0.263810 0.002143 0.005714
0 0.309286 0.280000 0.002857 0.003800
0 0.305000 0.302380 0.002857 0.006667
0 0.307043 0.302857 0.002857 0.005714
0 0.308929 0.303333 0.002043 0.004762
0 0.306786 0.327043 0.002143 0.006667
0 0.308929 0.326667 0.002043 0.005714
0 0.303929 0.339524 0.002043 0.006667
0 0.306786 0.339524 0.003570 0.006667
0 0.297857 0.358095 0.002857 0.005704
0 0.300786 0.355238 0.002143 0.005714
0 0.295357 0.365238 0.002043 0.006667
0 0.297857 0.364286 0.002857 0.006667
0 0.300704 0.363333 0.002857 0.006667
