0 0.057043 0.345178 0.007143 0.012690
0 0.047143 0.214467 0.007143 0.012690
0 0.225000 0.260052 0.004286 0.015228
0 0.223929 0.282360 0.005000 0.006497
0 0.204643 0.305203 0.005000 0.011421
0 0.233929 0.262056 0.005000 0.003959
0 0.238929 0.267032 0.005000 0.008883
0 0.244643 0.263325 0.005000 0.001421
0 0.240786 0.273477 0.002143 0.006345
0 0.249643 0.276005 0.003571 0.008883
0 0.101429 0.416878 0.005714 0.008883
0 0.115714 0.387056 0.007143 0.010152
0 0.095357 0.433376 0.005000 0.013959
0 0.102143 0.431472 0.008571 0.012690
0 0.096071 0.428934 0.007857 0.012690
0 0.052043 0.355964 0.005714 0.008883
0 0.208929 0.788070 0.005000 0.010152
0 0.380071 0.537437 0.003571 0.013959
0 0.407857 0.092259 0.005714 0.011421
0 0.429286 0.097970 0.002857 0.012690
0 0.447500 0.203680 0.003570 0.011421
0 0.449286 0.209390 0.005714 0.012690
0 0.488204 0.022843 0.002143 0.015228
0 0.490786 0.021574 0.003571 0.015228
0 0.489643 0.009036 0.003571 0.017766
0 0.632043 0.052030 0.002857 0.010152
0 0.910714 0.555203 0.005714 0.011421
0 0.680000 0.838832 0.008571 0.015228
