0 0.020357 0.182107 0.003571 0.011421
0 0.308571 0.036802 0.001429 0.005076
0 0.057857 0.262690 0.002857 0.010152
0 0.064286 0.259518 0.002857 0.008883
0 0.048929 0.277919 0.003571 0.010152
0 0.038214 0.278553 0.005000 0.011421
0 0.043929 0.278553 0.003571 0.008883
0 0.068571 0.263325 0.002857 0.008883
0 0.070357 0.258249 0.002143 0.008883
0 0.046429 0.283629 0.002857 0.006345
0 0.094643 0.305355 0.005000 0.013959
0 0.080786 0.755076 0.005000 0.015228
0 0.080000 0.755076 0.004286 0.002690
0 0.355357 0.206371 0.002143 0.011421
0 0.344643 0.233503 0.003570 0.010152
0 0.340000 0.248730 0.002857 0.012690
0 0.335000 0.248730 0.002857 0.012690
0 0.388929 0.276650 0.005000 0.002690
0 0.362857 0.265863 0.002857 0.001421
0 0.422043 0.284264 0.002857 0.012690
0 0.520000 0.309162 0.002857 0.011421
0 0.603204 0.344543 0.003571 0.011421
0 0.656070 0.363579 0.003571 0.011421
0 0.660357 0.374365 0.003570 0.012690
0 0.692043 0.379442 0.004286 0.012690
0 0.857857 0.436548 0.004286 0.000152
0 0.925000 0.468909 0.004286 0.003959
