0 0.226070 0.185238 0.013571 0.021905
0 0.360786 0.263810 0.010714 0.024762
0 0.425357 0.275238 0.007857 0.028570
0 0.450714 0.232381 0.008571 0.022857
0 0.606786 0.350000 0.006429 0.023800
0 0.495000 0.400476 0.008571 0.014286
0 0.405714 0.395238 0.011429 0.024762
0 0.402500 0.394762 0.000714 0.025714
0 0.344643 0.383800 0.009286 0.028571
0 0.335357 0.394762 0.010714 0.018095
0 0.363929 0.450000 0.015000 0.023810
0 0.360000 0.462857 0.015714 0.019048
0 0.283214 0.422857 0.015000 0.022857
0 0.426786 0.444762 0.009286 0.022857
0 0.404643 0.491905 0.006429 0.018095
0 0.425000 0.533333 0.001429 0.017143
0 0.383214 0.519048 0.012143 0.019048
0 0.369643 0.524762 0.012143 0.015238
0 0.358214 0.546667 0.013571 0.019048
0 0.345714 0.585714 0.011429 0.015238
0 0.360786 0.571429 0.010714 0.019048
0 0.390704 0.543810 0.014286 0.020952
0 0.338570 0.671905 0.014286 0.018095
0 0.339643 0.699524 0.007857 0.020000
0 0.078204 0.963810 0.023571 0.020952
0 0.075704 0.989048 0.028571 0.018095
0 0.004643 0.975714 0.017857 0.012381
0 0.015714 0.993810 0.024286 0.010476
0 0.056429 0.884762 0.024286 0.013333
0 0.202500 0.832857 0.015000 0.016190
0 0.237857 0.820952 0.005714 0.013333
0 0.261786 0.812857 0.017857 0.021905
0 0.277857 0.884286 0.020000 0.023810
0 0.445704 0.939524 0.014286 0.021905
0 0.520704 0.933810 0.010000 0.020000
0 0.379643 0.798570 0.009286 0.012381
0 0.404286 0.810000 0.010000 0.020000
0 0.779643 0.843333 0.016429 0.023810
0 0.694286 0.801429 0.017143 0.018095
0 0.662857 0.745238 0.018571 0.021905
0 0.623571 0.637143 0.010000 0.013333
0 0.609643 0.654286 0.000714 0.011429
0 0.607500 0.721429 0.013571 0.014286
0 0.636071 0.652381 0.013571 0.017143
0 0.642143 0.665238 0.010000 0.020000
0 0.627857 0.800476 0.000000 0.014286
0 0.587857 0.780952 0.001429 0.017143
0 0.727857 0.894286 0.007143 0.015238
0 0.740000 0.903333 0.001429 0.018095
0 0.733204 0.931905 0.016429 0.025714
0 0.808929 0.984762 0.005000 0.022857
0 0.780704 0.985238 0.018571 0.018095
0 0.671071 0.986190 0.012143 0.023810
0 0.652143 0.899524 0.010000 0.023810
0 0.588214 0.920952 0.013571 0.019048
0 0.550786 0.785714 0.012143 0.026667
0 0.566429 0.767043 0.010000 0.021905
0 0.556786 0.759524 0.009286 0.023800
0 0.527857 0.756090 0.010000 0.017143
0 0.501786 0.698095 0.016429 0.017143
0 0.493929 0.766190 0.010714 0.014286
0 0.475714 0.754286 0.010000 0.015238
0 0.455704 0.690952 0.010000 0.014286
0 0.273214 0.730476 0.012143 0.015238
