0 0.347500 0.625238 0.003571 0.052381
0 0.685000 0.734286 0.021429 0.049524
0 0.368929 0.285704 0.006429 0.019048
0 0.377857 0.280429 0.007143 0.018095
0 0.508929 0.457619 0.007857 0.027619
0 0.527500 0.453333 0.009286 0.036090
0 0.530786 0.431905 0.012143 0.035238
0 0.544286 0.475238 0.004286 0.038095
0 0.560786 0.472857 0.016429 0.040952
0 0.538929 0.568095 0.015000 0.037143
0 0.574643 0.372380 0.012143 0.034286
0 0.903929 0.605238 0.007857 0.044762
0 0.769286 0.527609 0.015714 0.040000
0 0.780429 0.527143 0.011429 0.040952
0 0.857857 0.555714 0.011429 0.037143
0 0.854643 0.550476 0.012143 0.036190
0 0.948929 0.461429 0.015000 0.029524
0 0.661071 0.424762 0.009286 0.026667
0 0.727500 0.459524 0.007857 0.029524
0 0.709286 0.440000 0.010000 0.030476
0 0.725000 0.361429 0.007143 0.020000
0 0.986429 0.354762 0.007143 0.020000
0 0.934286 0.335714 0.007143 0.016190
0 0.732043 0.452857 0.007143 0.031429
0 0.724286 0.450952 0.007043 0.027619
0 0.647857 0.394762 0.007043 0.027619
0 0.967857 0.357609 0.011429 0.021905
0 0.868929 0.324286 0.006429 0.020905
0 0.836429 0.308571 0.032857 0.023810
0 0.832500 0.330476 0.036429 0.024762
0 0.438570 0.228571 0.005714 0.011429
0 0.426070 0.186190 0.003571 0.008571
0 0.430704 0.188571 0.002857 0.009524
0 0.433204 0.189048 0.003571 0.008571
0 0.432500 0.208570 0.003571 0.011429
0 0.390704 0.186190 0.002857 0.008571
0 0.387857 0.085714 0.002857 0.009524
0 0.432043 0.218571 0.002857 0.008571
0 0.429643 0.209048 0.003571 0.009524
