0 0.477000 0.349667 0.002000 0.007333
0 0.470000 0.338667 0.002000 0.005333
0 0.485750 0.365000 0.002500 0.007333
0 0.404000 0.584333 0.006000 0.016667
0 0.008500 0.867333 0.017000 0.042667
0 0.357500 0.734333 0.017000 0.027333
0 0.360000 0.604000 0.005000 0.024000
0 0.354750 0.609000 0.003500 0.005333
0 0.555750 0.569667 0.007500 0.018000
0 0.508250 0.582333 0.008500 0.024667
0 0.572750 0.554667 0.005500 0.025333
0 0.564500 0.558000 0.008000 0.020333
0 0.565000 0.552333 0.007000 0.016667
0 0.562000 0.484667 0.007000 0.012000
0 0.545000 0.452333 0.003000 0.004000
0 0.502250 0.413333 0.002500 0.012000
0 0.505250 0.410667 0.002500 0.012000
0 0.500000 0.404667 0.003000 0.012000
0 0.491250 0.414000 0.003500 0.008000
0 0.483250 0.438000 0.004500 0.010667
0 0.472000 0.421333 0.003000 0.010667
0 0.468500 0.406667 0.003000 0.002000
0 0.474500 0.405333 0.004000 0.002000
0 0.478250 0.407667 0.003500 0.001333
0 0.479250 0.405667 0.002500 0.001333
0 0.478750 0.405333 0.002500 0.002000
0 0.463000 0.404000 0.004000 0.008000
0 0.432250 0.398333 0.003500 0.000000
0 0.460750 0.377000 0.002500 0.007333
0 0.432000 0.376333 0.003000 0.006000
0 0.428750 0.363333 0.002500 0.008000
0 0.436250 0.355000 0.002500 0.006000
0 0.438250 0.353333 0.002500 0.005333
0 0.439250 0.347333 0.002500 0.005333
0 0.493500 0.364000 0.002000 0.008000
0 0.490750 0.373000 0.002500 0.008667
0 0.424250 0.517000 0.006500 0.019333
0 0.395500 0.468667 0.003000 0.009333
0 0.388750 0.468667 0.004500 0.004667
0 0.387000 0.463667 0.002000 0.006000
0 0.390500 0.466000 0.004000 0.002000
