0 0.203929 0.209543 0.002143 0.007614
0 0.234643 0.254442 0.003570 0.008883
0 0.080714 0.314721 0.004286 0.012690
0 0.097143 0.347081 0.002857 0.011421
0 0.098214 0.347716 0.002143 0.010152
0 0.200071 0.352157 0.002143 0.011421
0 0.203204 0.351523 0.002143 0.010152
0 0.203929 0.363579 0.002043 0.011421
0 0.252500 0.357868 0.002043 0.012690
0 0.206786 0.430203 0.002043 0.012690
0 0.363929 0.420050 0.002143 0.015228
0 0.365704 0.419416 0.002857 0.013959
0 0.424643 0.524746 0.003570 0.016497
0 0.550000 0.890497 0.005714 0.024112
0 0.259286 0.976523 0.005704 0.026650
0 0.248204 0.829949 0.005000 0.022843
0 0.253570 0.819162 0.004286 0.021574
0 0.201786 0.766497 0.005000 0.020305
0 0.243929 0.803452 0.005000 0.022843
0 0.253204 0.743655 0.005000 0.022843
0 0.105714 0.842005 0.007143 0.021574
0 0.116429 0.839467 0.007143 0.024112
0 0.082857 0.851523 0.007143 0.020305
0 0.095714 0.846447 0.008571 0.017766
0 0.068214 0.821701 0.007857 0.021574
0 0.059286 0.523477 0.005714 0.016497
0 0.062143 0.511421 0.005714 0.020305
0 0.047857 0.517132 0.004286 0.019036
0 0.043214 0.538071 0.006429 0.017766
0 0.030357 0.539975 0.006429 0.021574
0 0.016786 0.552030 0.006429 0.017766
0 0.010000 0.553934 0.004286 0.013959
0 0.014286 0.546954 0.005714 0.017766
0 0.004643 0.532995 0.003571 0.017766
0 0.005357 0.546320 0.005000 0.021574
0 0.097857 0.536068 0.005714 0.016497
0 0.053204 0.840736 0.009286 0.024112
0 0.020071 0.851523 0.009286 0.027919
0 0.030786 0.961294 0.009286 0.026650
0 0.052043 0.920685 0.007143 0.024112
0 0.074643 0.975254 0.007857 0.024112
0 0.081071 0.896574 0.007857 0.016497
