0 0.085000 0.119524 0.014286 0.037143
0 0.065714 0.102381 0.012857 0.033333
0 0.073571 0.110952 0.011429 0.037143
0 0.078214 0.121905 0.012143 0.034286
0 0.299643 0.070000 0.017857 0.042857
0 0.304286 0.238570 0.017143 0.048571
0 0.350704 0.172381 0.014286 0.043810
0 0.212143 0.320952 0.020000 0.038095
0 0.423204 0.103810 0.007857 0.026667
0 0.430714 0.104286 0.008571 0.027619
0 0.547500 0.046667 0.042143 0.045714
0 0.530357 0.074286 0.009286 0.038095
0 0.540357 0.070000 0.009286 0.039048
0 0.548204 0.059524 0.007857 0.027619
0 0.498929 0.108571 0.006429 0.015238
0 0.565000 0.056667 0.007143 0.016190
0 0.566786 0.056667 0.006429 0.020000
0 0.720786 0.034762 0.009286 0.029524
0 0.723929 0.040952 0.006429 0.020952
0 0.909643 0.039048 0.007857 0.013333
0 0.914643 0.125238 0.012143 0.025714
