0 0.075057 0.956401 0.016701 0.040816
0 0.538622 0.303803 0.005219 0.013915
0 0.509395 0.184137 0.003132 0.012059
0 0.489301 0.020872 0.001566 0.004638
0 0.495825 0.028757 0.001044 0.005566
0 0.980689 0.522727 0.009395 0.017625
0 0.985125 0.521336 0.006785 0.014842
0 0.884134 0.500464 0.006263 0.013915
0 0.888570 0.499536 0.006785 0.012059
0 0.883090 0.491651 0.007307 0.016698
0 0.810021 0.317718 0.006263 0.015770
0 0.793058 0.292208 0.005741 0.012987
0 0.783664 0.293599 0.005741 0.012059
0 0.723382 0.074861 0.004175 0.013915
0 0.700200 0.176716 0.003653 0.012059
0 0.700678 0.048423 0.002610 0.011132
0 0.664666 0.015955 0.002610 0.009276
0 0.639353 0.087662 0.002088 0.008349
0 0.635077 0.083488 0.003132 0.007421
0 0.579854 0.055659 0.002088 0.007421
