0 0.099643 0.379524 0.005000 0.014286
0 0.272857 0.608570 0.007143 0.036190
0 0.200000 0.820952 0.008570 0.030476
0 0.070714 0.979524 0.012857 0.040952
0 0.048571 0.984762 0.012857 0.030476
0 0.480071 0.034286 0.002143 0.007619
0 0.485704 0.042857 0.001429 0.007619
0 0.463929 0.010476 0.002143 0.011429
0 0.372043 0.270476 0.002857 0.011429
0 0.404286 0.268571 0.004286 0.013333
0 0.585000 0.007043 0.001429 0.006667
0 0.592500 0.001429 0.002143 0.005714
0 0.723929 0.693800 0.007857 0.037143
0 0.706071 0.737143 0.010714 0.026667
0 0.708570 0.386190 0.004286 0.016190
0 0.760000 0.650476 0.002857 0.038095
0 0.839643 0.472857 0.009286 0.027609
0 0.677500 0.688095 0.007857 0.014286
0 0.649643 0.545238 0.006429 0.012381
0 0.626786 0.460476 0.005000 0.012381
0 0.445000 0.343810 0.005714 0.015238
0 0.633929 0.390476 0.003571 0.011429
0 0.409286 0.415238 0.007143 0.011429
0 0.418214 0.498095 0.006429 0.017143
0 0.448571 0.312857 0.002857 0.010476
0 0.477500 0.210000 0.005000 0.008571
0 0.492500 0.163810 0.003571 0.007619
0 0.487143 0.161905 0.004286 0.009524
0 0.591786 0.056667 0.002143 0.006667
0 0.505357 0.072381 0.003571 0.005714
0 0.345357 0.751905 0.009286 0.023810
0 0.728929 0.548095 0.010714 0.014286
