0 0.249286 0.906667 0.015714 0.020000
0 0.267043 0.915238 0.011429 0.019048
0 0.374643 0.904286 0.006429 0.020905
0 0.830786 0.036190 0.016429 0.017143
0 0.838929 0.070905 0.013571 0.018095
0 0.847500 0.064762 0.000714 0.015238
0 0.847500 0.056090 0.012143 0.015238
0 0.850357 0.046667 0.000714 0.015238
0 0.749286 0.131429 0.010000 0.015238
0 0.899643 0.236190 0.010714 0.015238
0 0.432143 0.200476 0.008571 0.020000
0 0.425714 0.199048 0.007143 0.013333
0 0.600000 0.218571 0.007143 0.014286
0 0.425714 0.118571 0.007143 0.018095
0 0.462500 0.426190 0.007857 0.014286
0 0.481429 0.492381 0.008571 0.017143
0 0.461786 0.622381 0.007857 0.014286
0 0.463929 0.769524 0.006429 0.017143
0 0.448214 0.723333 0.007857 0.010476
0 0.437143 0.854762 0.007143 0.016190
0 0.503929 0.896090 0.007857 0.020952
0 0.490000 0.836667 0.005714 0.018095
0 0.301071 0.142381 0.010714 0.014286
0 0.958571 0.206667 0.008571 0.013333
0 0.446071 0.059524 0.013571 0.023810
