0 0.521786 0.890000 0.012143 0.027619
0 0.470000 0.790429 0.007143 0.013333
0 0.476786 0.800000 0.007857 0.022857
0 0.396070 0.551429 0.009286 0.020952
0 0.427500 0.564286 0.009286 0.008095
0 0.442500 0.592380 0.010714 0.015238
0 0.402857 0.111429 0.005714 0.022857
0 0.713214 0.755238 0.015000 0.028571
0 0.725000 0.922857 0.018571 0.032381
0 0.622143 0.272381 0.007143 0.015238
0 0.606786 0.311905 0.010714 0.018095
0 0.568929 0.192857 0.009286 0.018095
0 0.477857 0.069048 0.008571 0.014286
0 0.436429 0.005238 0.007143 0.024762
