0 0.937500 0.804286 0.020714 0.026667
0 0.927857 0.806190 0.015714 0.026667
0 0.535357 0.552857 0.006429 0.008570
0 0.548204 0.533333 0.006429 0.007619
0 0.390357 0.580952 0.003570 0.005714
0 0.420786 0.654762 0.006429 0.006667
0 0.285704 0.863333 0.007143 0.008571
0 0.286070 0.859048 0.005000 0.007619
0 0.286786 0.850429 0.006429 0.009524
0 0.208570 0.969524 0.007143 0.009524
0 0.203204 0.959524 0.005000 0.004762
0 0.207857 0.930952 0.004286 0.004762
0 0.204643 0.956667 0.005000 0.004762
0 0.206070 0.953810 0.005000 0.004762
0 0.296786 0.996090 0.009286 0.007619
