0 0.202500 0.040878 0.006429 0.017766
0 0.207500 0.027909 0.006429 0.017766
0 0.225357 0.022843 0.007857 0.007766
0 0.234286 0.022843 0.005704 0.017766
0 0.235000 0.043047 0.007143 0.017766
0 0.332857 0.007766 0.005714 0.017766
0 0.320357 0.046320 0.005000 0.009036
0 0.337857 0.053299 0.005704 0.020305
0 0.327500 0.074873 0.005000 0.007766
0 0.320704 0.078046 0.004286 0.011421
0 0.320357 0.075508 0.003570 0.016497
0 0.482500 0.752538 0.007857 0.005228
0 0.483929 0.989203 0.007857 0.016497
0 0.480071 0.662437 0.006429 0.012690
0 0.477857 0.640497 0.007143 0.013959
0 0.557857 0.609924 0.005714 0.013959
0 0.626429 0.566624 0.008570 0.011421
0 0.607043 0.581218 0.007143 0.007614
0 0.630357 0.602310 0.006429 0.008883
0 0.625357 0.642766 0.007857 0.003959
0 0.632500 0.636420 0.005000 0.011421
0 0.635357 0.664975 0.005000 0.002690
0 0.628570 0.657360 0.007143 0.015228
0 0.675000 0.729060 0.005714 0.011421
0 0.750429 0.113579 0.005714 0.019036
0 0.743929 0.007234 0.005000 0.013959
0 0.850071 0.031726 0.005000 0.012690
