0 0.901071 0.496667 0.017857 0.023810
0 0.987500 0.353333 0.006429 0.022857
0 0.989286 0.346090 0.017143 0.021905
0 0.870786 0.285238 0.012143 0.021905
0 0.406786 0.740952 0.015000 0.026667
0 0.370704 0.727619 0.011429 0.026667
0 0.363929 0.696667 0.000714 0.023810
0 0.423570 0.719048 0.012857 0.019048
0 0.427500 0.698095 0.003571 0.022857
0 0.520429 0.805714 0.014286 0.022857
0 0.335357 0.708570 0.013571 0.022857
0 0.301786 0.693333 0.013571 0.024762
0 0.306071 0.674286 0.012143 0.020952
0 0.323570 0.668571 0.017143 0.026667
0 0.300071 0.679048 0.013571 0.024762
0 0.266070 0.684762 0.013571 0.020952
0 0.262043 0.671429 0.012857 0.013333
0 0.252857 0.705714 0.010000 0.020000
0 0.322857 0.642380 0.012857 0.021905
0 0.407500 0.603333 0.009286 0.020952
0 0.392043 0.610952 0.008571 0.025714
0 0.385357 0.605238 0.012143 0.030476
0 0.408929 0.534762 0.009286 0.023810
0 0.406070 0.541905 0.009286 0.026667
0 0.396786 0.540476 0.000714 0.027619
0 0.393929 0.560476 0.009286 0.025704
0 0.385704 0.545238 0.010000 0.027619
0 0.376786 0.547609 0.012143 0.028571
0 0.343570 0.572857 0.011429 0.025714
0 0.328570 0.584286 0.010000 0.021905
0 0.320357 0.588095 0.000714 0.020000
0 0.239643 0.700476 0.000714 0.023810
0 0.088571 0.776667 0.017143 0.021905
0 0.051071 0.791429 0.019286 0.020952
0 0.050714 0.809524 0.020000 0.026667
0 0.005357 0.951429 0.030714 0.022857
0 0.002143 0.939524 0.024286 0.018095
0 0.057857 0.926667 0.027043 0.019048
0 0.360071 0.440952 0.010714 0.028571
0 0.350000 0.382857 0.001429 0.030476
0 0.323929 0.084286 0.007857 0.023810
0 0.274643 0.095714 0.007857 0.020000
0 0.280704 0.190000 0.010000 0.021905
0 0.306786 0.049524 0.009286 0.024762
0 0.280071 0.134286 0.009286 0.024762
0 0.273929 0.036667 0.012143 0.025714
0 0.696070 0.125714 0.006429 0.019048
0 0.690429 0.126190 0.007143 0.020000
0 0.666786 0.004286 0.006429 0.020000
0 0.660786 0.105714 0.007857 0.022857
0 0.622500 0.066090 0.007857 0.020000
