0 0.704500 0.904667 0.021000 0.034667
0 0.628000 0.892000 0.016000 0.018667
0 0.976250 0.774000 0.020500 0.026667
0 0.957250 0.806333 0.027500 0.028667
0 0.932750 0.795667 0.024500 0.028667
0 0.982250 0.537333 0.007500 0.030667
0 0.960750 0.526667 0.020500 0.033333
0 0.989250 0.383333 0.004500 0.029333
0 0.780750 0.433000 0.002500 0.028667
0 0.834750 0.398667 0.003500 0.029333
0 0.807250 0.359667 0.007500 0.019333
0 0.825500 0.343667 0.002000 0.024667
0 0.830750 0.346333 0.008500 0.009333
0 0.859000 0.328667 0.000000 0.025333
0 0.869750 0.332000 0.000500 0.028000
0 0.995750 0.282333 0.007500 0.024667
0 0.752000 0.382000 0.008000 0.017333
0 0.738250 0.386000 0.008500 0.016000
0 0.692250 0.415333 0.008500 0.025333
0 0.636500 0.426000 0.009000 0.026667
0 0.674750 0.490333 0.007500 0.023333
0 0.668000 0.486667 0.008000 0.025333
0 0.570000 0.769667 0.010000 0.024667
0 0.587000 0.748667 0.009000 0.020000
0 0.567250 0.726667 0.002500 0.026667
0 0.584000 0.708333 0.001000 0.031333
0 0.600500 0.700667 0.013000 0.030667
0 0.676500 0.593000 0.001000 0.031333
0 0.604500 0.628000 0.016000 0.041333
0 0.624500 0.690667 0.000000 0.030667
0 0.623000 0.676667 0.005000 0.033333
0 0.616250 0.664667 0.006500 0.013333
0 0.662250 0.548000 0.008500 0.038667
0 0.654000 0.539667 0.009000 0.030000
0 0.640250 0.533000 0.009500 0.034000
0 0.592500 0.520667 0.009000 0.028000
0 0.599750 0.526000 0.008500 0.025333
0 0.471750 0.614000 0.008500 0.033333
0 0.627750 0.434000 0.006500 0.020000
0 0.617250 0.438000 0.007500 0.020000
0 0.607500 0.437667 0.006000 0.030333
0 0.604250 0.436667 0.006500 0.025333
0 0.602750 0.456000 0.008500 0.029333
0 0.605750 0.459333 0.006500 0.028000
0 0.592750 0.457333 0.008500 0.028000
0 0.585750 0.447333 0.007500 0.024000
0 0.567750 0.453000 0.008500 0.020667
0 0.573250 0.473667 0.006500 0.032667
0 0.566750 0.508000 0.008500 0.028000
0 0.505250 0.502667 0.008500 0.032000
0 0.495250 0.520667 0.006500 0.031333
0 0.526500 0.465667 0.008000 0.027333
0 0.548500 0.476667 0.009000 0.025333
0 0.556000 0.462000 0.008000 0.029333
0 0.549750 0.456667 0.006500 0.029333
0 0.447000 0.424000 0.009000 0.028000
0 0.438500 0.393000 0.007000 0.018000
0 0.446500 0.388333 0.007000 0.015333
0 0.452000 0.406000 0.008000 0.016000
0 0.450000 0.400000 0.007000 0.020000
0 0.428000 0.539000 0.011000 0.026000
0 0.384500 0.975000 0.005000 0.040667
0 0.295500 0.702000 0.019000 0.040000
0 0.013500 0.966000 0.024000 0.037333
0 0.064500 0.980333 0.035000 0.032667
0 0.369500 0.502667 0.008000 0.022667
0 0.362500 0.500667 0.013000 0.024000
0 0.360750 0.508000 0.010500 0.021333
0 0.350750 0.513667 0.007500 0.010000
0 0.336750 0.586000 0.016500 0.017333
0 0.295000 0.486667 0.004000 0.030667
0 0.300000 0.459667 0.013000 0.027333
0 0.099750 0.367000 0.009500 0.023333
0 0.093500 0.370667 0.008000 0.021333
0 0.027500 0.302333 0.013000 0.026000
0 0.007250 0.276000 0.010500 0.022667
0 0.030000 0.288333 0.009000 0.008000
0 0.004500 0.262333 0.009000 0.009333
0 0.003750 0.220000 0.007500 0.012000
0 0.056000 0.209000 0.010000 0.020667
0 0.097250 0.046667 0.004500 0.004667
0 0.087250 0.036000 0.003500 0.002000
0 0.279250 0.257667 0.007500 0.027333
0 0.186000 0.098333 0.006000 0.010000
