0 0.558000 0.281333 0.011000 0.020000
0 0.570500 0.938333 0.036000 0.034000
0 0.545000 0.972000 0.009000 0.032000
0 0.539250 0.474667 0.011500 0.022667
0 0.437750 0.479000 0.009500 0.030333
0 0.440750 0.448333 0.009500 0.027333
0 0.470500 0.348000 0.008000 0.030667
0 0.528500 0.420667 0.009000 0.026667
0 0.535250 0.394667 0.000500 0.022667
0 0.670750 0.377000 0.012500 0.023333
0 0.673750 0.345333 0.001500 0.029333
0 0.550750 0.304000 0.008500 0.029333
0 0.460750 0.256667 0.007500 0.028000
0 0.458250 0.286667 0.009500 0.025333
0 0.477250 0.236000 0.008500 0.024000
0 0.482000 0.096000 0.007000 0.022667
0 0.482250 0.096667 0.004500 0.013333
0 0.509000 0.187333 0.004000 0.021333
0 0.505500 0.164667 0.005000 0.020000
0 0.522750 0.099000 0.005500 0.008000
0 0.483250 0.090000 0.004500 0.018000
0 0.498250 0.074000 0.005500 0.007333
0 0.479750 0.025667 0.004500 0.018000
0 0.509250 0.021333 0.004500 0.017333
0 0.523250 0.024333 0.004500 0.018000
0 0.509750 0.033333 0.006500 0.018667
0 0.509500 0.027667 0.004000 0.014000
0 0.508250 0.129333 0.005500 0.018667
0 0.506250 0.147667 0.005500 0.018000
0 0.522250 0.076000 0.005500 0.022667
0 0.525750 0.200333 0.010500 0.018000
0 0.526500 0.206333 0.004000 0.005333
0 0.536500 0.207333 0.007000 0.020000
0 0.747500 0.534667 0.005000 0.037333
0 0.894500 0.497667 0.009000 0.039333
0 0.890000 0.308000 0.006000 0.032000
0 0.734750 0.292333 0.011500 0.018000
0 0.714000 0.263333 0.007000 0.020000
0 0.720500 0.263667 0.006000 0.018000
0 0.407000 0.462000 0.011000 0.036000
0 0.392500 0.703000 0.018000 0.028667
0 0.306500 0.780000 0.017000 0.039333
0 0.468000 0.050333 0.005000 0.008000
0 0.505000 0.073000 0.004000 0.008000
0 0.500250 0.074333 0.004500 0.015333
0 0.467500 0.029333 0.005000 0.014667
