0 0.657857 0.509048 0.017143 0.034286
0 0.508571 0.148571 0.014286 0.024762
0 0.042857 0.396667 0.021429 0.042857
0 0.268929 0.380000 0.007857 0.032381
0 0.332857 0.048570 0.012857 0.026667
0 0.529286 0.065704 0.008571 0.019048
0 0.575000 0.076667 0.001429 0.029524
0 0.603929 0.090476 0.007857 0.034286
0 0.626429 0.096090 0.008571 0.030476
0 0.630000 0.077043 0.007143 0.026667
0 0.827500 0.039524 0.009286 0.031429
0 0.840786 0.144762 0.007857 0.034286
0 0.875000 0.011905 0.011429 0.025714
0 0.835704 0.125238 0.010000 0.029524
0 0.843929 0.024286 0.006429 0.025714
0 0.852043 0.124286 0.007143 0.027619
0 0.847500 0.012857 0.007857 0.020000
0 0.900429 0.104286 0.007143 0.027619
0 0.892500 0.000476 0.007857 0.023810
0 0.930071 0.123333 0.010714 0.031429
0 0.959643 0.036667 0.012143 0.029524
0 0.960000 0.016667 0.008571 0.029524
0 0.949286 0.018571 0.012857 0.023810
0 0.939286 0.008095 0.010000 0.023810
0 0.909286 0.096667 0.005714 0.021905
0 0.923929 0.000952 0.007857 0.024762
0 0.951071 0.085714 0.009286 0.022857
0 0.756786 0.330476 0.025000 0.026667
0 0.955714 0.166190 0.011429 0.018095
0 0.978571 0.173333 0.008571 0.019048
0 0.981429 0.162381 0.010000 0.016190
0 0.946429 0.093810 0.011429 0.018095
0 0.936070 0.083333 0.007857 0.029524
0 0.949286 0.054286 0.007043 0.022857
0 0.937043 0.064762 0.007143 0.022857
0 0.908929 0.023333 0.007857 0.020000
0 0.905357 0.022857 0.006429 0.022857
0 0.257857 0.379524 0.007143 0.029524
0 0.436070 0.284286 0.009286 0.025714
0 0.437043 0.300476 0.007143 0.033333
