0 0.429280 0.751855 0.004697 0.019481
0 0.432411 0.631725 0.005741 0.016698
0 0.474426 0.489332 0.005219 0.015770
0 0.490605 0.480983 0.005219 0.015770
0 0.519833 0.400278 0.005219 0.013915
0 0.527401 0.406772 0.004697 0.015770
0 0.504436 0.380798 0.005741 0.013915
0 0.791232 0.561688 0.006263 0.015770
0 0.698591 0.461967 0.004697 0.014842
0 0.740344 0.441095 0.004697 0.013915
0 0.715553 0.353432 0.003132 0.011132
0 0.796090 0.389147 0.004697 0.017625
0 0.570242 0.095547 0.002610 0.011132
0 0.573590 0.091373 0.002088 0.008349
