0 0.726786 0.852057 0.009286 0.011421
0 0.427857 0.021193 0.002857 0.011421
0 0.409286 0.123731 0.004286 0.019036
0 0.423204 0.121193 0.003571 0.016497
0 0.478929 0.223350 0.005000 0.005228
0 0.470071 0.214467 0.003571 0.012690
0 0.478204 0.263325 0.003571 0.016497
0 0.500071 0.237944 0.006429 0.011421
0 0.502857 0.220802 0.004286 0.017766
0 0.465000 0.071320 0.004286 0.015228
0 0.455357 0.087183 0.003571 0.013959
0 0.457857 0.207487 0.004286 0.001421
0 0.470000 0.076396 0.004286 0.012690
0 0.530429 0.465736 0.004286 0.012690
0 0.580429 0.451777 0.004286 0.012690
0 0.496070 0.503807 0.003571 0.010152
0 0.475000 0.507766 0.005714 0.012690
0 0.483929 0.476523 0.003570 0.011421
0 0.458929 0.500000 0.005000 0.002690
0 0.453204 0.448604 0.005000 0.006345
0 0.446070 0.456218 0.005000 0.013959
0 0.830000 0.892032 0.004286 0.005076
