0 0.354643 0.727043 0.019286 0.048571
0 0.095714 0.605714 0.022857 0.047619
0 0.650071 0.661905 0.022143 0.057143
0 0.602857 0.590952 0.008571 0.046667
0 0.505357 0.560905 0.013571 0.040000
0 0.483204 0.535238 0.010714 0.043810
0 0.474286 0.520429 0.010000 0.040952
0 0.474286 0.502381 0.010000 0.029524
0 0.471429 0.498571 0.010000 0.027619
0 0.274286 0.430000 0.011429 0.023810
0 0.323929 0.432857 0.010714 0.029524
0 0.346786 0.450000 0.010714 0.027619
0 0.296429 0.426667 0.001429 0.028571
0 0.340786 0.441905 0.006429 0.028571
0 0.345357 0.446090 0.007857 0.027619
0 0.346429 0.444286 0.005704 0.035238
0 0.347500 0.354762 0.007857 0.021905
0 0.058929 0.491905 0.013571 0.033333
0 0.012500 0.489048 0.016429 0.040952
0 0.115000 0.482381 0.008571 0.016190
0 0.027857 0.482857 0.012857 0.036190
0 0.054286 0.460000 0.005714 0.032381
0 0.013571 0.440000 0.011429 0.017143
0 0.089643 0.465704 0.010714 0.038095
0 0.079286 0.463333 0.001429 0.039048
0 0.030429 0.187143 0.002857 0.008571
0 0.392500 0.290476 0.005000 0.007143
0 0.392043 0.279524 0.004286 0.014286
0 0.450000 0.295704 0.004286 0.016190
0 0.473204 0.292381 0.005000 0.015238
0 0.489643 0.275238 0.005000 0.003333
0 0.493570 0.300476 0.004286 0.012381
0 0.542857 0.291905 0.005714 0.012381
0 0.603571 0.290476 0.004286 0.009524
0 0.634286 0.297143 0.004286 0.011429
0 0.923929 0.397609 0.009286 0.029524
0 0.960786 0.408571 0.007857 0.024762
0 0.881071 0.424762 0.009286 0.019048
0 0.700704 0.363810 0.008571 0.024762
0 0.652500 0.351905 0.006429 0.016190
0 0.641071 0.346190 0.006429 0.018095
0 0.613929 0.360952 0.006429 0.020952
0 0.532857 0.342857 0.005714 0.017143
0 0.600714 0.334286 0.005714 0.020952
