0 0.282500 0.588667 0.023000 0.050667
0 0.285750 0.565667 0.013500 0.035333
0 0.995000 0.390667 0.010000 0.028667
0 0.235500 0.295667 0.004000 0.039333
0 0.253250 0.290333 0.011500 0.038667
0 0.246250 0.276000 0.001500 0.037333
0 0.350500 0.260000 0.010000 0.039333
0 0.835750 0.492333 0.022500 0.040667
0 0.609750 0.007333 0.005500 0.014667
0 0.612000 0.075333 0.007000 0.014667
0 0.583500 0.008000 0.004000 0.012000
0 0.583500 0.008333 0.006000 0.011333
0 0.599750 0.005667 0.004500 0.012667
0 0.598500 0.023667 0.006000 0.015333
0 0.620250 0.040667 0.004500 0.020000
0 0.607000 0.041000 0.005000 0.020667
0 0.600750 0.041333 0.004500 0.020000
0 0.602250 0.039000 0.004500 0.020667
0 0.823000 0.058667 0.003000 0.008667
0 0.826750 0.064000 0.006500 0.020000
