0 0.400704 0.983810 0.014286 0.019048
0 0.463204 0.893333 0.009286 0.009524
0 0.326070 0.719524 0.006429 0.014286
0 0.309643 0.719524 0.007857 0.016190
0 0.403929 0.657143 0.012143 0.017143
0 0.422043 0.643333 0.007143 0.012381
0 0.403929 0.653333 0.009286 0.005238
0 0.570357 0.238095 0.007857 0.007143
0 0.472500 0.204762 0.005000 0.016190
0 0.756786 0.203333 0.006429 0.006190
0 0.728929 0.040952 0.007857 0.020952
0 0.720429 0.160000 0.005714 0.017143
0 0.588929 0.039524 0.005000 0.018095
0 0.723571 0.284286 0.007143 0.016190
0 0.725714 0.292857 0.005714 0.016190
0 0.573571 0.168571 0.005714 0.013333
0 0.639286 0.185714 0.007143 0.013333
0 0.555357 0.191905 0.005000 0.014286
0 0.500714 0.235714 0.004286 0.014286
0 0.503571 0.234286 0.004286 0.013333
0 0.487143 0.221429 0.005714 0.012381
0 0.440357 0.261905 0.005000 0.011429
0 0.596786 0.139524 0.003571 0.010476
0 0.506429 0.117619 0.004286 0.010476
