0 0.362857 0.053299 0.005704 0.017766
0 0.385704 0.071701 0.005714 0.021574
0 0.320071 0.038071 0.007857 0.020305
0 0.283929 0.008401 0.009286 0.024112
0 0.283929 0.001523 0.007857 0.020305
0 0.270786 0.107234 0.007857 0.021574
0 0.260000 0.017386 0.007143 0.019036
0 0.332500 0.052284 0.005000 0.022843
0 0.308214 0.153553 0.006429 0.017766
0 0.330000 0.203680 0.008570 0.016497
0 0.305714 0.194162 0.005714 0.022843
0 0.302500 0.089086 0.010714 0.022843
0 0.243204 0.168147 0.006429 0.021574
0 0.249286 0.094797 0.005714 0.016497
0 0.204643 0.240482 0.006429 0.024112
0 0.206429 0.234772 0.007043 0.020305
0 0.270000 0.373096 0.007043 0.017766
0 0.260704 0.365482 0.007143 0.020305
0 0.092857 0.345812 0.008571 0.026650
0 0.080357 0.368655 0.007857 0.026650
0 0.071429 0.379442 0.008571 0.022843
0 0.325357 0.506345 0.007857 0.025380
0 0.306429 0.541878 0.005714 0.022843
0 0.303570 0.545051 0.010000 0.029188
0 0.265704 0.502538 0.008571 0.017766
0 0.240429 0.582487 0.008571 0.020305
0 0.223570 0.556472 0.007143 0.016497
0 0.200714 0.600888 0.007143 0.021574
0 0.220704 0.684645 0.011429 0.024112
0 0.201429 0.709391 0.005714 0.017766
0 0.202043 0.770305 0.008571 0.027919
0 0.202043 0.809645 0.010000 0.027919
0 0.076429 0.826777 0.011429 0.024112
0 0.736070 0.180838 0.007857 0.024112
0 0.798929 0.080853 0.003571 0.019036
0 0.224286 0.073223 0.008571 0.021574
0 0.270429 0.035533 0.004286 0.015228
0 0.267500 0.027284 0.005000 0.006497
0 0.275704 0.031726 0.008571 0.020305
0 0.273570 0.005711 0.007143 0.011421
0 0.350429 0.029188 0.007143 0.017766
0 0.359643 0.009670 0.005000 0.016497
0 0.366071 0.029188 0.005000 0.015228
0 0.360429 0.031091 0.004286 0.016497
0 0.349286 0.064720 0.005714 0.020305
0 0.345704 0.072970 0.004286 0.019036
0 0.336070 0.069797 0.005000 0.020305
0 0.249286 0.068147 0.005714 0.021574
0 0.272043 0.500000 0.007143 0.017766
0 0.320357 0.540244 0.006429 0.016497
0 0.204286 0.590102 0.007143 0.017766
0 0.228570 0.560279 0.004286 0.016497
0 0.232857 0.570066 0.005714 0.017766
0 0.225357 0.579949 0.007857 0.020305
0 0.205000 0.704315 0.005714 0.017766
0 0.205000 0.720812 0.008571 0.020305
0 0.225000 0.720078 0.010000 0.026650
0 0.203929 0.758883 0.010714 0.030457
0 0.063570 0.815355 0.015714 0.026650
0 0.840704 0.227157 0.005714 0.020305
0 0.307500 0.157360 0.007857 0.017766
