0 0.946429 0.699524 0.020429 0.039048
0 0.908929 0.679048 0.002143 0.038095
0 0.888214 0.670952 0.013571 0.035238
0 0.972857 0.606667 0.011429 0.029524
0 0.958204 0.602857 0.010714 0.028571
0 0.508929 0.680000 0.003571 0.034286
0 0.546786 0.658570 0.007857 0.033333
0 0.544286 0.650429 0.010000 0.032381
0 0.552043 0.640952 0.008571 0.034286
0 0.444286 0.577043 0.012857 0.028571
0 0.453929 0.585704 0.012143 0.024762
0 0.457500 0.574286 0.007857 0.024762
0 0.450786 0.569524 0.007857 0.024762
0 0.463929 0.570952 0.000714 0.029524
0 0.449643 0.548095 0.006429 0.023800
0 0.455704 0.547143 0.007143 0.023810
0 0.468204 0.527619 0.009286 0.026667
0 0.449643 0.506667 0.007857 0.027619
0 0.440071 0.518571 0.007857 0.023810
0 0.466429 0.500476 0.007143 0.022857
0 0.053214 0.558571 0.013571 0.027619
0 0.048214 0.538571 0.009286 0.023810
0 0.055000 0.535238 0.008571 0.022857
0 0.065357 0.533333 0.010714 0.022857
0 0.037500 0.514286 0.009286 0.020952
0 0.380704 0.612857 0.010000 0.027619
0 0.388929 0.606667 0.000714 0.030476
0 0.854286 0.766090 0.015714 0.035238
0 0.467500 0.297609 0.006429 0.023810
0 0.472500 0.299524 0.006429 0.020905
0 0.477857 0.295238 0.005704 0.024762
0 0.483204 0.293810 0.006429 0.023810
0 0.480071 0.248095 0.007857 0.025714
0 0.482500 0.096190 0.009286 0.024762
0 0.949643 0.498570 0.010714 0.025714
0 0.990000 0.445704 0.012857 0.028571
