0 0.887500 0.004442 0.005000 0.008883
0 0.993204 0.069162 0.002143 0.008883
0 0.988570 0.071066 0.002857 0.010152
0 0.995704 0.074873 0.001429 0.007614
0 0.966429 0.055203 0.002857 0.003959
0 0.769643 0.680838 0.002043 0.008883
0 0.780357 0.670685 0.003570 0.011421
0 0.803214 0.675761 0.002143 0.006345
0 0.727857 0.728426 0.004286 0.000152
0 0.705357 0.751269 0.002143 0.007614
0 0.700429 0.776015 0.002857 0.011421
0 0.704286 0.741117 0.002857 0.012690
0 0.706786 0.746193 0.002143 0.010152
0 0.770071 0.684010 0.002143 0.010152
0 0.793929 0.668782 0.002043 0.007614
0 0.803204 0.666244 0.003571 0.007614
0 0.790000 0.663706 0.002857 0.000152
0 0.627857 0.406090 0.004286 0.010152
0 0.098571 0.171320 0.004286 0.007614
0 0.099643 0.161168 0.002143 0.005076
