0 0.387500 0.533800 0.010714 0.027619
0 0.395704 0.773333 0.012857 0.051429
0 0.590704 0.578095 0.011429 0.028571
0 0.607500 0.530000 0.009286 0.031429
0 0.222857 0.500000 0.007043 0.019048
0 0.230429 0.497143 0.007143 0.022857
0 0.297500 0.485238 0.005000 0.023800
0 0.305704 0.484762 0.010000 0.024762
0 0.285704 0.465238 0.005714 0.016190
0 0.040714 0.490952 0.007143 0.020000
0 0.032143 0.489048 0.005714 0.020000
0 0.290071 0.472857 0.006429 0.012381
0 0.601786 0.545714 0.007857 0.020952
0 0.192500 0.496190 0.010714 0.022857
0 0.424286 0.438095 0.004286 0.007143
