0 0.880250 0.870333 0.027500 0.043333
0 0.892750 0.821000 0.031500 0.035333
0 0.799500 0.840333 0.024000 0.036667
0 0.826250 0.803667 0.024500 0.044667
0 0.802750 0.801000 0.025500 0.043333
0 0.720250 0.915667 0.019500 0.051333
0 0.692750 0.904333 0.008500 0.047333
0 0.678000 0.942667 0.006000 0.049333
0 0.660250 0.907000 0.018500 0.043333
0 0.667250 0.880000 0.009500 0.041333
0 0.492750 0.578000 0.005500 0.041333
0 0.484500 0.535333 0.006000 0.042667
0 0.503250 0.539333 0.009500 0.042667
0 0.347500 0.602667 0.020000 0.044000
0 0.218750 0.413000 0.013500 0.026000
0 0.352000 0.302333 0.003000 0.035333
