0 0.405500 0.679333 0.023000 0.082667
0 0.339750 0.675333 0.007500 0.069333
0 0.322250 0.685000 0.008500 0.048667
0 0.346250 0.600667 0.023500 0.064667
0 0.506750 0.703000 0.017500 0.044667
0 0.527750 0.679333 0.020500 0.076000
0 0.727500 0.920667 0.045000 0.082667
0 0.673000 0.700667 0.014000 0.080667
0 0.678500 0.688667 0.014000 0.028000
0 0.667500 0.686333 0.003000 0.070000
0 0.608750 0.670667 0.020500 0.070000
0 0.609250 0.656667 0.024500 0.074667
0 0.225750 0.840000 0.036500 0.078667
0 0.262500 0.807667 0.035000 0.084667
0 0.269500 0.680667 0.026000 0.068000
0 0.270250 0.653333 0.022500 0.062667
0 0.277500 0.632000 0.022000 0.060000
0 0.378750 0.585000 0.022500 0.059333
0 0.075250 0.496333 0.012500 0.032667
0 0.241250 0.480000 0.018500 0.038667
0 0.284500 0.487333 0.004000 0.046667
0 0.300500 0.475333 0.019000 0.045333
0 0.357500 0.489333 0.001000 0.045333
0 0.362250 0.465667 0.002500 0.054000
0 0.340500 0.489667 0.014000 0.050000
0 0.527500 0.485000 0.018000 0.043333
0 0.541750 0.482333 0.008500 0.028667
0 0.389250 0.508333 0.013500 0.039333
0 0.489000 0.488667 0.001000 0.053333
0 0.460500 0.474333 0.004000 0.050000
0 0.469750 0.470333 0.001500 0.046000
0 0.470750 0.454667 0.008500 0.040000
0 0.477500 0.460667 0.014000 0.036000
0 0.506250 0.470667 0.013500 0.038667
0 0.427500 0.429667 0.009000 0.004000
0 0.408250 0.415333 0.011500 0.037333
0 0.390000 0.401000 0.009000 0.034000
0 0.343750 0.430667 0.012500 0.032667
0 0.072750 0.520000 0.020500 0.050667
0 0.049500 0.501333 0.025000 0.046667
0 0.033000 0.490667 0.023000 0.050667
0 0.050500 0.487667 0.022000 0.050333
0 0.027250 0.489000 0.005500 0.043333
0 0.058250 0.388333 0.003500 0.027333
0 0.070500 0.389333 0.002000 0.024000
0 0.430250 0.367667 0.009500 0.034000
0 0.382500 0.320667 0.011000 0.027333
0 0.449000 0.309000 0.006000 0.028667
0 0.452500 0.321333 0.006000 0.021333
0 0.458250 0.322667 0.007500 0.020333
0 0.476000 0.320667 0.007000 0.026667
0 0.469250 0.306000 0.008500 0.028000
0 0.490500 0.329667 0.006000 0.027333
0 0.498000 0.309667 0.006000 0.030000
0 0.486250 0.318000 0.006500 0.016000
0 0.812500 0.311667 0.006000 0.018000
0 0.749250 0.308000 0.007500 0.020333
0 0.755250 0.311333 0.007500 0.022667
0 0.698500 0.300000 0.005000 0.020000
0 0.648500 0.305000 0.005000 0.023333
0 0.754000 0.357000 0.009000 0.024667
0 0.506500 0.419667 0.012000 0.036667
0 0.550500 0.436000 0.005000 0.036000
0 0.585250 0.464000 0.001500 0.045333
0 0.572000 0.443000 0.002000 0.040667
0 0.533500 0.425333 0.010000 0.022667
0 0.053000 0.552000 0.020000 0.044000
0 0.033750 0.559000 0.001500 0.031333
0 0.326250 0.319667 0.009500 0.018000
0 0.362500 0.404000 0.007000 0.036000
0 0.337000 0.408000 0.000000 0.037333
0 0.335000 0.379333 0.008000 0.032000
0 0.357250 0.396333 0.007500 0.034000
0 0.663250 0.620000 0.007500 0.062667
0 0.650500 0.582667 0.012000 0.050667
0 0.720250 0.746667 0.026500 0.080000
0 0.749250 0.757667 0.030500 0.084667
0 0.702000 0.675333 0.008000 0.074667
