0 0.598204 0.541878 0.003571 0.007614
0 0.360704 0.839467 0.002857 0.008883
0 0.362857 0.829305 0.004286 0.008883
0 0.366429 0.825508 0.004286 0.006345
0 0.367857 0.835660 0.002857 0.006345
0 0.598570 0.809645 0.004286 0.007614
0 0.608204 0.755711 0.003571 0.006345
0 0.789286 0.050396 0.004286 0.011421
0 0.780357 0.064720 0.005000 0.010152
0 0.763929 0.014848 0.005000 0.008883
0 0.763204 0.093909 0.006429 0.010152
0 0.768204 0.099619 0.005000 0.011421
0 0.787500 0.068528 0.003570 0.007614
0 0.042857 0.803934 0.007043 0.008883
0 0.067500 0.790609 0.006429 0.005076
0 0.057857 0.807259 0.007143 0.007614
0 0.045704 0.840102 0.004286 0.005076
