0 0.548800 0.753711 0.012004 0.032468
0 0.663000 0.529221 0.007829 0.032468
0 0.555324 0.454082 0.006263 0.028757
0 0.547495 0.447588 0.005209 0.028757
0 0.550409 0.362245 0.004697 0.023191
0 0.536795 0.314471 0.005741 0.018553
0 0.609864 0.285250 0.004697 0.023091
0 0.530271 0.211503 0.004175 0.009276
0 0.510438 0.145176 0.003132 0.010204
0 0.602808 0.456865 0.007307 0.032468
0 0.550365 0.051206 0.002610 0.012987
0 0.543058 0.051206 0.002610 0.011132
0 0.535752 0.156308 0.003653 0.010204
0 0.542005 0.081169 0.002610 0.010204
0 0.510699 0.100649 0.002610 0.006494
0 0.533142 0.061224 0.001566 0.005566
0 0.520660 0.027365 0.001566 0.006494
