0 0.562500 0.030711 0.003571 0.012690
0 0.625000 0.782360 0.007043 0.026650
0 0.667500 0.685904 0.003571 0.011421
0 0.706429 0.667503 0.004286 0.012690
0 0.693929 0.606599 0.003570 0.015228
0 0.648204 0.687817 0.005000 0.010152
0 0.647043 0.682107 0.002857 0.011421
0 0.656070 0.684010 0.003571 0.012690
0 0.660000 0.679569 0.002857 0.003959
0 0.662857 0.679569 0.002857 0.003959
0 0.652500 0.670954 0.003571 0.013959
0 0.657043 0.673858 0.004286 0.015228
0 0.660071 0.670051 0.003571 0.015228
0 0.657043 0.664975 0.004286 0.015228
0 0.790357 0.825508 0.006429 0.006497
0 0.868570 0.968909 0.004286 0.021574
0 0.857857 0.928299 0.004286 0.020574
0 0.869286 0.925027 0.005714 0.022843
0 0.853570 0.905457 0.004286 0.021574
0 0.859286 0.899012 0.004286 0.021574
0 0.860000 0.888325 0.005704 0.017766
0 0.865704 0.895939 0.004286 0.017766
0 0.878570 0.913071 0.004286 0.024112
0 0.890071 0.970178 0.005000 0.026650
0 0.887043 0.932741 0.005714 0.025381
0 0.870000 0.848350 0.000000 0.016497
0 0.845357 0.782995 0.006429 0.025380
0 0.874286 0.877538 0.007043 0.021574
0 0.894286 0.950777 0.007143 0.022843
0 0.880000 0.895939 0.007043 0.017766
