0 0.110750 0.589333 0.023500 0.033333
0 0.131750 0.563333 0.018500 0.033333
0 0.000750 0.870667 0.020500 0.044000
0 0.073250 0.563000 0.012500 0.036667
0 0.530500 0.905667 0.014000 0.044667
0 0.570250 0.953333 0.006500 0.052000
0 0.566750 0.984667 0.008500 0.030667
0 0.662500 0.960000 0.030000 0.080000
0 0.659750 0.876333 0.026500 0.076667
0 0.627500 0.864333 0.027000 0.070333
0 0.592250 0.751333 0.020500 0.049333
0 0.591250 0.612000 0.013500 0.029333
0 0.600000 0.590333 0.015000 0.031333
0 0.675000 0.609333 0.008000 0.016000
0 0.646750 0.603000 0.012500 0.047333
0 0.674000 0.595333 0.004000 0.042667
0 0.622250 0.502333 0.014500 0.028667
0 0.502250 0.408333 0.011500 0.034000
0 0.630250 0.424000 0.007500 0.034667
0 0.640500 0.416000 0.009000 0.036000
0 0.808000 0.469000 0.015000 0.039333
0 0.884500 0.487000 0.005000 0.036667
0 0.818500 0.438333 0.016000 0.016667
0 0.894000 0.434333 0.013000 0.016667
0 0.832500 0.426333 0.017000 0.016667
0 0.686250 0.333000 0.008500 0.016667
0 0.708750 0.348333 0.007500 0.032667
0 0.723250 0.352667 0.005500 0.030667
0 0.749000 0.349667 0.007000 0.030333
0 0.773000 0.345333 0.007000 0.028000
0 0.789750 0.327000 0.008500 0.030333
0 0.824250 0.303667 0.005500 0.026000
0 0.877500 0.380333 0.009000 0.039333
0 0.662500 0.268667 0.004000 0.006000
0 0.764500 0.280667 0.005000 0.026000
