0 0.436429 0.635238 0.010000 0.013333
0 0.495000 0.664762 0.007143 0.015238
0 0.449286 0.618095 0.008571 0.015238
0 0.484286 0.627143 0.007143 0.014286
0 0.420714 0.649048 0.008571 0.012381
0 0.648929 0.527619 0.010714 0.013333
0 0.813214 0.517143 0.010714 0.011429
0 0.845714 0.475238 0.010000 0.009524
0 0.626429 0.410476 0.010000 0.015238
0 0.512143 0.230000 0.008571 0.012381
0 0.693214 0.513333 0.006429 0.009524
0 0.430000 0.148571 0.005714 0.011429
0 0.779286 0.330000 0.004286 0.010476
0 0.787500 0.337609 0.013571 0.012381
0 0.784286 0.347043 0.015714 0.008571
0 0.786429 0.355238 0.002857 0.009524
0 0.780000 0.363800 0.014286 0.009524
