0 0.380786 0.672381 0.037857 0.078095
0 0.322857 0.506667 0.021429 0.060000
0 0.255000 0.462857 0.020000 0.045704
0 0.055357 0.270476 0.013571 0.026667
0 0.268204 0.269524 0.010714 0.026667
0 0.409286 0.330952 0.010000 0.031429
0 0.432043 0.331429 0.017143 0.034286
0 0.447043 0.334762 0.010000 0.031429
0 0.465000 0.350905 0.014286 0.037143
0 0.501071 0.339048 0.015000 0.026667
0 0.701429 0.308571 0.012857 0.036190
0 0.796786 0.300476 0.006429 0.028571
0 0.790000 0.304762 0.004286 0.024762
0 0.806786 0.300476 0.007857 0.030476
0 0.790429 0.313333 0.007143 0.028571
0 0.784643 0.304286 0.009286 0.032381
0 0.776786 0.305238 0.007857 0.027609
0 0.767043 0.300476 0.007143 0.031429
0 0.728929 0.300476 0.012143 0.023810
0 0.868204 0.262857 0.006429 0.020952
0 0.873929 0.262857 0.006429 0.009048
0 0.960429 0.344286 0.011429 0.037143
0 0.856786 0.299524 0.010714 0.021905
