0 0.305000 0.480429 0.005714 0.020000
0 0.300000 0.409524 0.004286 0.019048
0 0.030714 0.307143 0.005714 0.016190
0 0.087857 0.312381 0.005714 0.017143
0 0.084643 0.290952 0.005000 0.016190
0 0.046786 0.303333 0.005000 0.016190
0 0.072143 0.285238 0.005714 0.014286
0 0.043571 0.285238 0.007143 0.012381
0 0.036429 0.287143 0.005714 0.016190
0 0.202500 0.284762 0.005000 0.005238
0 0.093571 0.281905 0.004286 0.015238
0 0.059286 0.299048 0.004286 0.017143
0 0.200786 0.278571 0.005000 0.014286
0 0.321429 0.408095 0.008571 0.012381
0 0.328571 0.270476 0.002857 0.011429
0 0.495000 0.078570 0.002857 0.006667
0 0.581786 0.534762 0.010714 0.016190
0 0.583929 0.509524 0.005000 0.013333
0 0.385000 0.307619 0.004286 0.009524
0 0.368571 0.335714 0.005714 0.012381
0 0.578929 0.330429 0.003571 0.015238
0 0.582043 0.305238 0.002857 0.014286
0 0.568570 0.318571 0.005714 0.012381
0 0.570357 0.330905 0.005000 0.014286
0 0.575000 0.336090 0.002857 0.011429
0 0.575704 0.317619 0.004286 0.014286
0 0.568204 0.310476 0.003571 0.013333
0 0.577857 0.320476 0.002857 0.002381
0 0.570714 0.351429 0.004286 0.011429
