0 0.955704 0.914762 0.008571 0.031429
0 0.967043 0.919048 0.008571 0.028571
0 0.822857 0.839524 0.007043 0.023810
0 0.986786 0.730429 0.003571 0.013333
0 0.992857 0.736667 0.002857 0.006190
0 0.997857 0.735704 0.002857 0.014286
0 0.659286 0.880000 0.008570 0.024762
0 0.634643 0.866667 0.006429 0.024762
0 0.585704 0.884762 0.008571 0.024762
0 0.534643 0.853800 0.007857 0.021905
0 0.468570 0.939524 0.010000 0.029524
0 0.435704 0.949048 0.007143 0.031429
0 0.442043 0.865714 0.005714 0.022857
0 0.409643 0.832380 0.005000 0.022857
0 0.420786 0.775238 0.005000 0.019048
0 0.440071 0.781429 0.003571 0.016190
0 0.470429 0.787619 0.004286 0.019048
0 0.479643 0.788570 0.005000 0.020952
0 0.337143 0.737143 0.004286 0.013333
0 0.407043 0.705238 0.004286 0.012381
0 0.426070 0.719048 0.005000 0.011429
0 0.423570 0.690476 0.004286 0.013333
0 0.254643 0.756667 0.005000 0.010476
0 0.250786 0.633810 0.003571 0.006667
0 0.250071 0.619048 0.002143 0.007619
0 0.270357 0.588570 0.002143 0.005714
0 0.255704 0.565238 0.001429 0.004762
0 0.244286 0.623800 0.002857 0.007619
0 0.442857 0.732380 0.004286 0.013333
0 0.597857 0.843333 0.005704 0.016190
0 0.669643 0.823333 0.005000 0.008095
