0 0.356070 0.369924 0.006429 0.024112
0 0.372857 0.250635 0.005704 0.024112
0 0.340786 0.184010 0.006429 0.027919
0 0.384643 0.083756 0.003570 0.017766
0 0.448570 0.091371 0.004286 0.020305
0 0.448570 0.015228 0.004286 0.017766
0 0.301071 0.048223 0.005000 0.017766
0 0.392857 0.043047 0.004286 0.017766
0 0.937857 0.620193 0.014286 0.034264
0 0.944643 0.606117 0.012143 0.026650
0 0.935357 0.594543 0.009286 0.009036
0 0.937500 0.589467 0.007857 0.009036
0 0.849286 0.327401 0.008571 0.027919
0 0.836070 0.324873 0.007857 0.022843
0 0.835357 0.301548 0.005000 0.021574
0 0.882500 0.276005 0.005000 0.019036
0 0.830786 0.230330 0.005000 0.024112
0 0.827857 0.230599 0.004286 0.024112
0 0.865000 0.233503 0.008570 0.020305
0 0.880429 0.256345 0.005714 0.022843
0 0.890429 0.271574 0.008571 0.022843
0 0.897857 0.283629 0.005704 0.024112
