0 0.011429 0.818571 0.034286 0.046667
0 0.000714 0.815714 0.038571 0.046667
0 0.234286 0.702380 0.027143 0.046667
0 0.233570 0.689524 0.028571 0.043810
0 0.207143 0.680476 0.025714 0.046667
0 0.204643 0.705238 0.026429 0.052380
0 0.092500 0.689524 0.022143 0.047619
0 0.074286 0.687619 0.025714 0.043810
0 0.073571 0.678095 0.027143 0.049524
0 0.286070 0.701905 0.023571 0.043810
0 0.287500 0.690429 0.023571 0.040000
0 0.305704 0.626190 0.020000 0.040952
0 0.298570 0.615714 0.015714 0.040952
0 0.297043 0.591905 0.020000 0.040952
0 0.277857 0.627043 0.018571 0.042857
0 0.275000 0.601429 0.020000 0.038095
0 0.265000 0.604286 0.020429 0.040952
0 0.292500 0.574762 0.002143 0.039048
0 0.290357 0.559048 0.006429 0.040000
0 0.300357 0.544762 0.006429 0.036190
0 0.328204 0.536190 0.017857 0.038095
0 0.345357 0.554286 0.007857 0.038095
0 0.347043 0.540000 0.017143 0.040000
0 0.396070 0.604286 0.016429 0.040952
0 0.388570 0.596190 0.015714 0.040000
0 0.379286 0.543800 0.017143 0.041905
0 0.370357 0.530000 0.002143 0.040952
0 0.440704 0.548095 0.012857 0.039048
0 0.430429 0.544762 0.011429 0.036190
0 0.420071 0.525714 0.013571 0.036190
0 0.405000 0.521429 0.018571 0.033333
0 0.457043 0.501429 0.012857 0.040952
0 0.476429 0.500952 0.012857 0.035238
0 0.483204 0.528095 0.012143 0.037143
0 0.494643 0.528570 0.015000 0.040000
0 0.506429 0.469524 0.004286 0.038095
0 0.508929 0.477619 0.010714 0.033333
0 0.538204 0.472381 0.012143 0.030476
0 0.565000 0.520952 0.005714 0.038095
0 0.570786 0.513333 0.010714 0.036190
0 0.498929 0.656667 0.009286 0.037143
0 0.677043 0.475714 0.012857 0.039048
0 0.696429 0.470952 0.001429 0.037143
0 0.688204 0.462381 0.012143 0.035238
0 0.707857 0.495704 0.014286 0.035238
0 0.707857 0.509048 0.020000 0.042857
0 0.706070 0.443810 0.012143 0.038095
0 0.706071 0.433333 0.013571 0.038095
0 0.700357 0.413333 0.013571 0.038095
0 0.724643 0.407619 0.013571 0.037143
0 0.736429 0.392857 0.002857 0.033333
0 0.729286 0.389524 0.002857 0.038095
0 0.724643 0.384286 0.002143 0.033333
0 0.835357 0.360000 0.003571 0.032381
0 0.789643 0.304762 0.002143 0.032381
0 0.803214 0.287143 0.012143 0.031429
0 0.905357 0.498095 0.022143 0.034286
0 0.903214 0.494762 0.019286 0.035238
0 0.402500 0.378095 0.002143 0.036190
0 0.403214 0.374286 0.009286 0.034286
0 0.424286 0.379524 0.000000 0.033333
0 0.408929 0.355704 0.010714 0.029524
0 0.400000 0.323333 0.008571 0.029524
0 0.396429 0.309524 0.008570 0.030476
0 0.379643 0.302381 0.009286 0.028571
0 0.405704 0.301429 0.008571 0.029524
0 0.401786 0.305238 0.006429 0.027619
0 0.077043 0.596190 0.027143 0.043810
0 0.062857 0.580952 0.024286 0.040905
0 0.096070 0.567143 0.022143 0.040952
0 0.087500 0.550000 0.006429 0.035238
0 0.000714 0.536667 0.020000 0.040952
0 0.021429 0.544286 0.020000 0.039048
0 0.051786 0.525714 0.019286 0.041905
0 0.062857 0.515238 0.017143 0.036190
0 0.071429 0.518571 0.020000 0.040952
0 0.058214 0.356667 0.013571 0.031429
0 0.061786 0.350476 0.013571 0.032381
0 0.075357 0.356190 0.010714 0.030476
0 0.071071 0.348571 0.013571 0.034286
0 0.653214 0.364286 0.010714 0.021905
0 0.686786 0.372381 0.010714 0.019048
