0 0.270000 0.289975 0.005704 0.011421
0 0.250357 0.269670 0.003570 0.006345
0 0.225000 0.253807 0.002857 0.000152
0 0.290071 0.262690 0.005000 0.012690
0 0.280704 0.265228 0.004286 0.015228
0 0.272043 0.285533 0.004286 0.010152
0 0.260704 0.276015 0.004286 0.013959
0 0.256429 0.260052 0.004286 0.012690
0 0.260357 0.260421 0.003571 0.012690
0 0.335357 0.325508 0.005000 0.003959
0 0.350786 0.315990 0.003571 0.012690
0 0.340786 0.354695 0.003571 0.013959
0 0.360786 0.347081 0.005000 0.013959
0 0.380704 0.324239 0.004286 0.013959
0 0.946429 0.058629 0.002857 0.012690
0 0.963570 0.171320 0.004286 0.012690
0 0.967043 0.192259 0.002857 0.008883
0 0.960786 0.191624 0.002143 0.007614
0 0.953929 0.095431 0.003571 0.007614
0 0.960000 0.059264 0.005714 0.011421
0 0.976786 0.047208 0.003571 0.010152
0 0.978204 0.157995 0.006429 0.013959
0 0.988929 0.075761 0.003571 0.011421
0 0.936429 0.033249 0.004286 0.012690
0 0.930429 0.182107 0.001429 0.008883
0 0.733204 0.069797 0.003571 0.012690
