0 0.422500 0.801333 0.035000 0.118667
0 0.533000 0.686333 0.025000 0.094000
0 0.654750 0.693000 0.037500 0.080667
0 0.390000 0.636000 0.025000 0.089333
0 0.370500 0.593667 0.024000 0.064667
0 0.563500 0.588333 0.009000 0.075333
0 0.702500 0.550000 0.030000 0.076000
0 0.690000 0.550667 0.019000 0.054000
0 0.495500 0.490000 0.025000 0.078000
0 0.979750 0.538667 0.029500 0.082667
0 0.945000 0.502333 0.021000 0.047333
0 0.807500 0.584333 0.026000 0.054000
0 0.799750 0.532000 0.030500 0.060000
0 0.617250 0.520000 0.026500 0.068000
0 0.395000 0.416667 0.024000 0.061333
0 0.490000 0.447000 0.016000 0.051333
0 0.069500 0.624000 0.043000 0.072000
0 0.046500 0.593333 0.029000 0.096000
0 0.017750 0.537667 0.035500 0.074000
0 0.599250 0.502333 0.006500 0.078000
0 0.490000 0.446667 0.016000 0.054667
0 0.492750 0.418000 0.013500 0.046667
0 0.448250 0.365667 0.004500 0.050000
0 0.407000 0.359667 0.004000 0.038000
0 0.232750 0.087667 0.008500 0.026000
0 0.240250 0.186000 0.007500 0.024000
0 0.253750 0.081000 0.006500 0.019333
0 0.300000 0.231333 0.011000 0.026667
0 0.307000 0.217667 0.008000 0.015333
0 0.267000 0.204667 0.007000 0.028000
0 0.227000 0.600333 0.029000 0.048667
0 0.403500 0.292000 0.011000 0.044000
0 0.422250 0.297333 0.007500 0.032000
0 0.426250 0.284000 0.000500 0.041333
0 0.470500 0.230333 0.008000 0.031333
0 0.645750 0.384000 0.006500 0.052000
0 0.660250 0.393333 0.017500 0.057333
0 0.779500 0.383333 0.005000 0.050667
