0 0.797857 0.683800 0.017143 0.040000
0 0.276786 0.507043 0.013571 0.040952
0 0.060357 0.594286 0.015000 0.040000
0 0.039643 0.547043 0.025000 0.054286
0 0.006786 0.555714 0.019286 0.042857
0 0.300357 0.568570 0.007857 0.022857
0 0.307500 0.555704 0.013571 0.040952
0 0.366429 0.458570 0.005714 0.018095
0 0.019286 0.433810 0.011429 0.027619
0 0.086786 0.418571 0.009286 0.021905
0 0.026786 0.425704 0.012143 0.026667
0 0.009286 0.430476 0.004286 0.028571
0 0.072043 0.425714 0.010000 0.022857
0 0.092143 0.423333 0.005714 0.018095
0 0.072143 0.408571 0.008571 0.011429
0 0.068214 0.407143 0.009286 0.018095
0 0.063929 0.408571 0.009286 0.015238
0 0.381429 0.431429 0.007143 0.020952
0 0.513571 0.429524 0.008571 0.015238
0 0.496429 0.383800 0.004286 0.019048
0 0.500704 0.385238 0.007143 0.021905
0 0.600429 0.380952 0.007143 0.020952
0 0.637857 0.525714 0.012857 0.032381
0 0.900071 0.407143 0.007857 0.023810
0 0.909286 0.409524 0.007043 0.022857
0 0.830357 0.420952 0.006429 0.022857
0 0.824286 0.424762 0.005704 0.020952
0 0.806429 0.420476 0.008570 0.020000
0 0.785704 0.425238 0.007143 0.020000
0 0.778570 0.421905 0.004286 0.015238
0 0.836070 0.418571 0.005000 0.021905
0 0.838570 0.418095 0.005714 0.019048
0 0.823204 0.412857 0.006429 0.021905
0 0.824286 0.408571 0.005714 0.020000
0 0.800071 0.413810 0.006429 0.020000
0 0.795704 0.412857 0.005714 0.021905
0 0.789286 0.409524 0.007143 0.021905
0 0.775357 0.408095 0.005000 0.017143
0 0.770357 0.406190 0.005000 0.019048
0 0.765000 0.404762 0.005714 0.021905
0 0.572043 0.365238 0.004286 0.010476
