0 0.765036 0.528293 0.005219 0.030612
0 0.361169 0.602505 0.005219 0.023191
0 0.455898 0.205937 0.002610 0.007421
0 0.447808 0.252319 0.004175 0.011132
0 0.460334 0.245826 0.003132 0.009276
0 0.504958 0.250464 0.002610 0.011132
0 0.554802 0.287570 0.003132 0.011132
0 0.567328 0.286642 0.003132 0.012987
0 0.593163 0.194805 0.002610 0.009276
0 0.586900 0.102041 0.002610 0.007421
0 0.593946 0.121985 0.002088 0.006494
0 0.613257 0.199443 0.003132 0.007421
0 0.617171 0.243506 0.003653 0.010204
0 0.629436 0.269944 0.003132 0.009276
0 0.438413 0.293599 0.004175 0.008349
0 0.434760 0.353432 0.003132 0.011132
0 0.414666 0.373840 0.002610 0.012987
0 0.424061 0.405844 0.004697 0.010204
0 0.412578 0.413729 0.003653 0.009276
0 0.403445 0.413265 0.004175 0.010204
0 0.393006 0.463822 0.004175 0.012987
0 0.409186 0.481911 0.005219 0.013915
0 0.903967 0.933210 0.008351 0.024119
0 0.915710 0.956401 0.008873 0.025974
0 0.907276 0.925325 0.008873 0.025046
