0 0.805000 0.607609 0.014286 0.024762
0 0.862043 0.633810 0.015714 0.025714
0 0.806070 0.507143 0.016429 0.027619
0 0.649286 0.464762 0.005714 0.026667
0 0.809643 0.469524 0.010714 0.017143
0 0.800000 0.486090 0.012857 0.027619
0 0.709286 0.368095 0.002857 0.027619
0 0.658929 0.357043 0.010714 0.024762
0 0.595000 0.308570 0.010000 0.024762
0 0.580071 0.269048 0.009286 0.027619
0 0.634286 0.282380 0.011429 0.025714
0 0.300786 0.322857 0.012143 0.028571
0 0.202857 0.374286 0.018571 0.026667
0 0.021786 0.286190 0.015000 0.025714
0 0.099643 0.420476 0.015000 0.031429
0 0.404643 0.277609 0.010714 0.029524
0 0.444643 0.250905 0.010714 0.027619
0 0.476429 0.264762 0.000000 0.028571
0 0.486429 0.297043 0.011429 0.030476
0 0.785704 0.246190 0.010000 0.033333
0 0.920357 0.275704 0.015000 0.023810
0 0.835000 0.330952 0.004286 0.035238
0 0.836070 0.736190 0.019286 0.024762
0 0.083570 0.290952 0.018571 0.031429
0 0.005714 0.257619 0.018571 0.029524
0 0.082857 0.266090 0.020000 0.023810
0 0.250000 0.275704 0.017143 0.027619
0 0.257043 0.270952 0.011429 0.016190
0 0.232500 0.296667 0.005000 0.025714
0 0.204286 0.289048 0.014286 0.027619
0 0.204286 0.279048 0.010000 0.017143
0 0.223204 0.274286 0.016429 0.024762
0 0.008214 0.358095 0.019286 0.032381
0 0.018571 0.336190 0.014286 0.026667
0 0.267857 0.350476 0.005714 0.026667
0 0.275357 0.370952 0.002143 0.027619
0 0.083929 0.233810 0.016429 0.023810
0 0.162857 0.244286 0.014286 0.027619
0 0.352857 0.305238 0.008571 0.016190
0 0.346786 0.306667 0.009286 0.019048
0 0.865000 0.300952 0.000000 0.024762
0 0.852857 0.340952 0.004286 0.022857
0 0.844643 0.340429 0.009286 0.018095
0 0.806071 0.266667 0.012143 0.028571
0 0.868570 0.280952 0.011429 0.028571
0 0.864286 0.224286 0.008571 0.020000
0 0.820357 0.172857 0.009286 0.016190
0 0.870704 0.809048 0.011429 0.023810
0 0.876070 0.792857 0.010714 0.025714
0 0.745357 0.603333 0.010714 0.018095
