0 0.369643 0.255704 0.007857 0.020000
0 0.385704 0.486190 0.005714 0.016190
0 0.390000 0.479524 0.007043 0.016190
0 0.397043 0.475714 0.007143 0.016190
0 0.402500 0.473800 0.006429 0.012381
0 0.403571 0.476667 0.008571 0.018095
0 0.026786 0.967619 0.017857 0.011429
0 0.375357 0.877619 0.010714 0.010476
0 0.383214 0.914762 0.010714 0.016190
0 0.421786 0.910476 0.010714 0.015238
0 0.346071 0.745714 0.009286 0.011429
0 0.607857 0.748095 0.012857 0.016190
0 0.566786 0.722857 0.009286 0.017143
0 0.816071 0.745238 0.013571 0.018095
0 0.841071 0.782381 0.012143 0.010476
0 0.862143 0.733810 0.010000 0.012381
0 0.617857 0.720952 0.010000 0.009524
0 0.897857 0.753333 0.011429 0.015238
0 0.482143 0.563810 0.010000 0.013333
0 0.412857 0.089524 0.007143 0.007619
0 0.412143 0.086190 0.005714 0.012381
0 0.461786 0.015714 0.005000 0.012381
0 0.427857 0.342381 0.007143 0.014286
