0 0.087043 0.182741 0.010000 0.025381
0 0.043214 0.270939 0.009286 0.031726
0 0.051429 0.276015 0.012857 0.029188
0 0.230429 0.480964 0.011429 0.035533
0 0.288929 0.397843 0.009286 0.036802
0 0.360000 0.280091 0.005714 0.031726
0 0.393929 0.242386 0.007857 0.040609
0 0.069643 0.969543 0.010714 0.025381
0 0.203929 0.843909 0.013571 0.030457
0 0.306786 0.756345 0.007857 0.032995
0 0.320357 0.708274 0.012143 0.027919
0 0.338204 0.730964 0.007857 0.025381
0 0.442857 0.830218 0.010000 0.022843
0 0.402857 0.744924 0.001429 0.027919
0 0.406786 0.737300 0.010714 0.025381
0 0.929286 0.454305 0.012857 0.025381
0 0.920429 0.361041 0.010000 0.024112
0 0.926786 0.365482 0.009286 0.022843
0 0.840704 0.447970 0.008571 0.025381
0 0.875357 0.404340 0.009286 0.024112
0 0.879286 0.424492 0.008570 0.021574
0 0.885704 0.408629 0.010000 0.020305
0 0.888570 0.414340 0.008571 0.024112
0 0.512143 0.567893 0.014286 0.024112
0 0.377857 0.585660 0.007043 0.024112
0 0.038929 0.880345 0.022143 0.034264
0 0.060357 0.805838 0.007857 0.030457
0 0.066071 0.658629 0.010714 0.032995
0 0.306786 0.036168 0.009286 0.026650
0 0.339286 0.000787 0.005714 0.021574
0 0.334286 0.009508 0.005714 0.019036
