0 0.792500 0.207043 0.005000 0.012381
0 0.808214 0.223333 0.005000 0.012381
0 0.827043 0.225238 0.005714 0.012381
0 0.823929 0.205238 0.005000 0.011429
0 0.843204 0.200952 0.003571 0.011429
0 0.888929 0.039524 0.005000 0.010476
0 0.848929 0.200952 0.005000 0.001429
0 0.830357 0.207619 0.006429 0.012381
0 0.884643 0.308095 0.005000 0.000476
0 0.850071 0.193333 0.005000 0.011429
0 0.060786 0.808095 0.010714 0.014286
0 0.108214 0.761905 0.009286 0.013333
0 0.206070 0.687143 0.010714 0.014286
0 0.089286 0.794286 0.001429 0.015238
0 0.224643 0.761429 0.007857 0.014286
0 0.478204 0.465238 0.003571 0.010476
0 0.989643 0.428095 0.006429 0.004286
0 0.985357 0.425238 0.007857 0.004286
0 0.965357 0.403333 0.006429 0.000476
0 0.823929 0.509524 0.005000 0.003333
