0 0.047143 0.173333 0.011429 0.028571
0 0.045357 0.161429 0.009286 0.021905
0 0.078570 0.561429 0.028571 0.025714
0 0.038570 0.704762 0.028571 0.024762
0 0.055357 0.599524 0.019286 0.027619
0 0.243929 0.480476 0.016429 0.027619
0 0.350357 0.340000 0.013571 0.022857
0 0.376786 0.336190 0.013571 0.022857
0 0.796786 0.089048 0.009286 0.030429
0 0.839286 0.207143 0.012857 0.032381
0 0.988570 0.683810 0.021429 0.024762
0 0.924643 0.309524 0.002143 0.034286
0 0.930000 0.424286 0.007043 0.014286
0 0.935000 0.426090 0.015714 0.029524
0 0.908204 0.520476 0.022143 0.027619
0 0.854643 0.544762 0.005000 0.026667
0 0.848929 0.050429 0.016429 0.034286
