0 0.480786 0.903333 0.010714 0.016190
0 0.483929 0.907619 0.007857 0.010476
0 0.490786 0.922381 0.009286 0.016190
0 0.478204 0.818571 0.009286 0.012381
0 0.492500 0.823333 0.009286 0.004286
0 0.595000 0.801905 0.012857 0.012381
0 0.829286 0.905238 0.011429 0.012381
0 0.895357 0.914286 0.013571 0.017143
0 0.290714 0.889048 0.012857 0.014286
0 0.460714 0.614286 0.010000 0.011429
0 0.565000 0.601905 0.007143 0.013333
0 0.511429 0.089048 0.005714 0.012381
0 0.571429 0.065238 0.004286 0.012381
0 0.628570 0.174286 0.008571 0.017143
0 0.666070 0.250476 0.006429 0.017143
0 0.672043 0.321429 0.007143 0.018095
