0 0.890989 0.653149 0.018598 0.054389
0 0.782546 0.846374 0.008598 0.049618
0 0.674893 0.802023 0.019313 0.057252
0 0.494278 0.607347 0.004306 0.039122
0 0.423820 0.603550 0.015021 0.043893
0 0.505021 0.719943 0.020029 0.035305
0 0.547200 0.808683 0.012876 0.039122
0 0.448856 0.567748 0.003591 0.038168
0 0.808655 0.592557 0.003591 0.045802
0 0.324034 0.375477 0.000014 0.027672
0 0.077601 0.260496 0.009299 0.024809
0 0.263233 0.398378 0.000014 0.031489
0 0.639843 0.365935 0.007868 0.030489
0 0.682403 0.333015 0.005722 0.015267
0 0.245350 0.331584 0.010014 0.025763
0 0.226037 0.335400 0.012876 0.025763
0 0.028040 0.291985 0.010014 0.024809
0 0.216381 0.414122 0.009299 0.017176
0 0.226395 0.405534 0.006438 0.019084
0 0.309742 0.594943 0.010014 0.029580
0 0.355150 0.672233 0.016452 0.023855
0 0.370602 0.653149 0.012160 0.039122
0 0.386266 0.645038 0.004306 0.036260
0 0.380974 0.623569 0.015737 0.035305
0 0.625894 0.690794 0.015737 0.038168
0 0.728083 0.718034 0.014306 0.037214
0 0.705308 0.736164 0.020029 0.042939
0 0.988197 0.944656 0.022175 0.028626
0 0.908440 0.709447 0.020029 0.039122
0 0.649857 0.568702 0.013591 0.024809
0 0.657368 0.560592 0.007153 0.023855
0 0.661660 0.552958 0.010014 0.021947
