0 0.736500 0.793667 0.034000 0.078000
0 0.457750 0.712667 0.020500 0.049333
0 0.459250 0.648333 0.007500 0.040667
0 0.477500 0.652667 0.023000 0.036000
0 0.467250 0.481333 0.014500 0.040000
0 0.480500 0.473000 0.013000 0.044667
0 0.620500 0.435000 0.003000 0.043333
0 0.608500 0.424000 0.013000 0.038667
0 0.478500 0.370000 0.013000 0.024000
0 0.493250 0.347333 0.007500 0.024000
0 0.436500 0.288000 0.008000 0.030667
0 0.444500 0.286667 0.001000 0.030667
0 0.564250 0.302667 0.008500 0.024000
0 0.553000 0.291333 0.009000 0.017333
0 0.552000 0.286667 0.009000 0.018667
0 0.596000 0.271667 0.010000 0.016667
0 0.508250 0.250333 0.006500 0.025333
0 0.558250 0.248667 0.006500 0.016000
0 0.558250 0.244000 0.006500 0.020000
0 0.565500 0.229333 0.007000 0.017333
0 0.580000 0.219000 0.007000 0.023333
0 0.552250 0.096333 0.005500 0.022000
0 0.507000 0.225000 0.008000 0.020667
0 0.507000 0.061333 0.004000 0.016000
0 0.541500 0.177000 0.005000 0.011333
0 0.557750 0.069333 0.005500 0.018667
0 0.540500 0.167667 0.006000 0.008667
