0 0.002500 0.320952 0.026429 0.028571
0 0.333204 0.277143 0.022143 0.028571
0 0.290714 0.338571 0.020000 0.029524
0 0.306429 0.335704 0.020000 0.029524
0 0.270071 0.339048 0.022143 0.026667
0 0.302500 0.375714 0.019286 0.027619
0 0.290429 0.381905 0.022857 0.024762
0 0.268929 0.383333 0.022043 0.027619
0 0.265000 0.362857 0.020000 0.026667
0 0.300357 0.362857 0.023570 0.022857
0 0.748571 0.025714 0.020000 0.043810
0 0.754643 0.326667 0.032143 0.026667
0 0.759286 0.312381 0.028571 0.028571
0 0.897500 0.683800 0.032143 0.026667
0 0.840357 0.533333 0.019286 0.024762
0 0.683214 0.795238 0.020714 0.032381
0 0.644286 0.706090 0.014286 0.025714
0 0.990071 0.785238 0.017857 0.029524
0 0.442500 0.280000 0.019286 0.032381
0 0.508214 0.443333 0.015000 0.023810
0 0.527500 0.465714 0.016429 0.020952
0 0.510000 0.432381 0.010000 0.036190
0 0.904286 0.013810 0.031429 0.027619
0 0.002500 0.372381 0.025000 0.026667
