0 0.206429 0.161168 0.004286 0.010152
0 0.082857 0.206218 0.004286 0.011421
0 0.262500 0.229060 0.005000 0.011421
0 0.268929 0.220802 0.003571 0.010152
0 0.265704 0.199873 0.002857 0.011421
0 0.276786 0.235406 0.003570 0.011421
0 0.276429 0.220447 0.004286 0.011421
0 0.272043 0.203680 0.002857 0.011421
0 0.284643 0.200025 0.002143 0.008883
0 0.288204 0.217005 0.003571 0.012690
0 0.463204 0.122462 0.002143 0.008883
0 0.467500 0.009772 0.002143 0.008883
0 0.459286 0.071954 0.002857 0.011421
0 0.456070 0.181472 0.002143 0.010152
0 0.456429 0.078299 0.002857 0.011421
0 0.523204 0.096447 0.002143 0.010152
0 0.497043 0.153553 0.001429 0.010152
0 0.974643 0.298223 0.005000 0.000152
0 0.922500 0.807007 0.005000 0.012690
0 0.228204 0.456853 0.003571 0.012690
