0 0.030714 0.406190 0.011429 0.029524
0 0.098204 0.468095 0.012143 0.033333
0 0.095357 0.440905 0.010714 0.030476
0 0.047500 0.464762 0.005000 0.034286
0 0.025357 0.401429 0.012143 0.030476
0 0.003214 0.538571 0.023571 0.039048
0 0.035357 0.529048 0.009286 0.039048
0 0.096786 0.607043 0.015000 0.039048
0 0.400704 0.512381 0.011429 0.038095
0 0.002500 0.601429 0.012143 0.031429
0 0.093929 0.386667 0.002143 0.030476
0 0.049286 0.400952 0.015714 0.030476
0 0.207143 0.308571 0.011429 0.022857
0 0.007043 0.396190 0.010000 0.028571
0 0.529643 0.501429 0.015000 0.034286
0 0.749286 0.277043 0.007143 0.024762
0 0.780000 0.246667 0.007043 0.022857
0 0.766070 0.215238 0.006429 0.022857
0 0.689286 0.567609 0.011429 0.040000
0 0.730357 0.562857 0.002143 0.040000
0 0.800357 0.617143 0.015000 0.038095
0 0.839286 0.600952 0.015714 0.042857
0 0.855000 0.640476 0.001429 0.033333
0 0.885704 0.607143 0.018571 0.044762
0 0.846070 0.586667 0.016429 0.040000
0 0.876070 0.629048 0.016429 0.044762
0 0.841429 0.638571 0.015714 0.025714
0 0.660714 0.370000 0.008571 0.020000
0 0.583929 0.181429 0.005000 0.008571
0 0.493214 0.176667 0.005000 0.008571
