0 0.711786 0.866667 0.012143 0.022857
0 0.663929 0.781429 0.012143 0.021905
0 0.565357 0.644286 0.009286 0.018095
0 0.559286 0.558571 0.010000 0.014286
0 0.738929 0.477143 0.007857 0.017143
0 0.588571 0.423333 0.012857 0.016190
0 0.457500 0.736090 0.007857 0.020952
0 0.450357 0.701905 0.009286 0.020000
0 0.460071 0.712381 0.009286 0.017143
0 0.418929 0.543810 0.009286 0.015238
0 0.484643 0.564286 0.009286 0.012381
0 0.379286 0.439048 0.010000 0.015238
0 0.458214 0.430000 0.010714 0.018095
0 0.457143 0.444762 0.012857 0.015238
0 0.456429 0.380429 0.005714 0.016190
0 0.773929 0.262857 0.006429 0.005238
0 0.778929 0.267609 0.006429 0.013333
0 0.797857 0.268570 0.005714 0.013333
0 0.806071 0.353810 0.006429 0.016190
0 0.833570 0.342381 0.007143 0.010476
