0 0.062500 0.497143 0.005000 0.011429
0 0.084643 0.525238 0.006429 0.014286
0 0.087857 0.588095 0.007143 0.014286
0 0.270429 0.609048 0.008571 0.014286
0 0.362857 0.606667 0.005704 0.015238
0 0.370071 0.592857 0.005000 0.014286
0 0.275357 0.529048 0.003570 0.010476
0 0.277857 0.530000 0.004286 0.000476
0 0.280704 0.533333 0.004286 0.011429
0 0.290071 0.526667 0.005000 0.013333
0 0.303204 0.520476 0.005000 0.014286
0 0.397043 0.581429 0.005714 0.016190
0 0.438929 0.497043 0.005000 0.011429
0 0.430000 0.503333 0.004286 0.002381
0 0.427500 0.500429 0.005000 0.014286
0 0.427500 0.552857 0.003570 0.012381
0 0.430357 0.553333 0.005000 0.003333
0 0.433204 0.569048 0.005000 0.014286
0 0.430000 0.568570 0.004286 0.017143
0 0.486429 0.460905 0.005714 0.013333
0 0.496429 0.448570 0.004286 0.009524
0 0.505357 0.444762 0.003570 0.009524
0 0.520000 0.446667 0.004286 0.009524
0 0.528570 0.430476 0.002857 0.009524
0 0.533929 0.439048 0.003570 0.009524
0 0.509643 0.469524 0.003570 0.011429
