0 0.265704 0.513810 0.008571 0.010476
0 0.280357 0.427609 0.003571 0.011429
0 0.247857 0.425238 0.004286 0.002381
0 0.320357 0.470952 0.003570 0.010476
0 0.382857 0.432857 0.002857 0.008570
0 0.403929 0.445238 0.006429 0.016190
0 0.465704 0.372857 0.001429 0.008571
0 0.560000 0.203333 0.001429 0.005714
0 0.557500 0.203333 0.002143 0.003810
0 0.568929 0.223333 0.002043 0.006667
0 0.575704 0.251905 0.001429 0.006667
0 0.588204 0.297619 0.002143 0.006667
0 0.585704 0.298095 0.001429 0.005714
0 0.590429 0.317143 0.002857 0.007619
0 0.590071 0.328095 0.002143 0.010476
0 0.600786 0.329048 0.002143 0.010476
0 0.639643 0.356090 0.002143 0.009524
0 0.643929 0.356090 0.002143 0.007619
0 0.358214 0.403810 0.009286 0.009524
0 0.422500 0.379048 0.003571 0.005714
0 0.413571 0.426190 0.007143 0.006667
0 0.569286 0.485714 0.002857 0.005714
0 0.571071 0.510476 0.003571 0.007619
0 0.556786 0.487143 0.003571 0.012381
0 0.573214 0.555714 0.005000 0.008571
0 0.582500 0.636190 0.005000 0.009524
