0 0.038929 0.890228 0.015000 0.019036
0 0.059286 0.880076 0.014286 0.019036
0 0.209643 0.778553 0.010714 0.013959
0 0.200000 0.656091 0.012857 0.017766
0 0.083571 0.671320 0.014286 0.012690
0 0.035357 0.800761 0.012143 0.022843
0 0.006429 0.786802 0.012857 0.012690
0 0.092857 0.874365 0.004286 0.012690
0 0.065000 0.906878 0.015714 0.016497
0 0.066070 0.946701 0.017857 0.015228
0 0.090071 0.693528 0.012143 0.011421
0 0.013929 0.672589 0.016429 0.012690
0 0.300071 0.460660 0.012143 0.012690
0 0.299286 0.574239 0.001429 0.013959
0 0.288570 0.750000 0.010000 0.022843
0 0.342500 0.487300 0.010714 0.017766
0 0.370357 0.649012 0.009286 0.021574
0 0.757043 0.828046 0.012857 0.031726
0 0.846070 0.167513 0.009286 0.025381
0 0.854286 0.059264 0.011429 0.024112
0 0.860000 0.056091 0.008571 0.020305
0 0.886070 0.190355 0.012143 0.017766
0 0.876070 0.182741 0.013571 0.022843
0 0.359643 0.269670 0.000714 0.024112
0 0.352043 0.268401 0.010000 0.019036
