0 0.505000 0.905238 0.011429 0.017143
0 0.383929 0.908571 0.010714 0.016190
0 0.367043 0.979524 0.008571 0.012381
0 0.375000 0.984762 0.007043 0.009524
0 0.005714 0.818571 0.015714 0.018095
0 0.082500 0.580952 0.009286 0.015238
0 0.244643 0.780000 0.010714 0.011429
0 0.311786 0.604762 0.010714 0.017143
0 0.053571 0.820476 0.014286 0.016190
0 0.491429 0.603810 0.008571 0.019048
0 0.497500 0.625238 0.009286 0.016190
0 0.420000 0.550952 0.008570 0.021905
0 0.529643 0.457043 0.006429 0.019048
0 0.408214 0.382857 0.007857 0.022857
0 0.406786 0.258571 0.006429 0.018095
0 0.359643 0.260476 0.009286 0.008095
0 0.430357 0.093810 0.006429 0.020000
0 0.446070 0.093810 0.006429 0.020000
0 0.423929 0.010000 0.007857 0.016190
0 0.587143 0.473333 0.007143 0.015238
0 0.549643 0.604286 0.007857 0.008095
0 0.601071 0.606667 0.007857 0.017143
0 0.521786 0.655714 0.010714 0.018095
0 0.518571 0.674762 0.008571 0.016190
0 0.558929 0.704762 0.009286 0.015238
0 0.607500 0.661429 0.009286 0.016190
0 0.742143 0.730476 0.008571 0.013333
0 0.759643 0.695714 0.013571 0.018095
0 0.783929 0.680000 0.010714 0.017143
0 0.048204 0.552857 0.009286 0.016190
0 0.882857 0.522380 0.007143 0.008571
0 0.804643 0.545238 0.010714 0.016190
