0 0.640658 0.752783 0.016180 0.038033
0 0.642745 0.766234 0.012004 0.033395
0 0.656837 0.454545 0.007829 0.033395
0 0.504958 0.500000 0.010960 0.031540
0 0.383873 0.381725 0.008873 0.013915
0 0.415710 0.301484 0.005741 0.018553
0 0.542276 0.282931 0.005219 0.016698
0 0.535752 0.283859 0.003653 0.022263
0 0.533403 0.280076 0.004175 0.018553
0 0.536013 0.197124 0.003132 0.006494
0 0.544102 0.190631 0.003653 0.008349
0 0.570720 0.048887 0.001566 0.006494
0 0.568011 0.147032 0.002610 0.006494
0 0.569154 0.135900 0.001566 0.004638
0 0.555585 0.123840 0.001566 0.004638
0 0.557672 0.119666 0.001566 0.003711
