0 0.010357 0.522843 0.010714 0.025381
0 0.073929 0.564086 0.012143 0.026650
0 0.028570 0.807107 0.017143 0.040609
0 0.778929 0.954949 0.007857 0.024012
0 0.767857 0.970802 0.008571 0.022843
0 0.752500 0.979060 0.009286 0.029188
0 0.685000 0.932107 0.007143 0.019036
0 0.666070 0.923223 0.007857 0.026650
0 0.605714 0.838198 0.011429 0.021574
0 0.653570 0.762690 0.007143 0.020305
0 0.706429 0.723985 0.005704 0.021574
0 0.656786 0.700777 0.005000 0.022843
0 0.647043 0.697335 0.005714 0.021574
0 0.649643 0.670050 0.006429 0.015228
0 0.703571 0.652919 0.007143 0.021574
0 0.669286 0.642766 0.008570 0.024112
0 0.658929 0.401168 0.009286 0.025381
0 0.670357 0.354695 0.006429 0.009036
0 0.642857 0.275380 0.010000 0.017766
0 0.642857 0.019924 0.005714 0.024112
0 0.588204 0.154822 0.003571 0.015228
0 0.580071 0.140228 0.010714 0.019036
0 0.544643 0.355964 0.002143 0.024112
0 0.320000 0.260787 0.007043 0.021574
0 0.596429 0.056091 0.005714 0.020305
0 0.592500 0.054822 0.005000 0.017766
0 0.600429 0.159264 0.004286 0.021574
0 0.647043 0.123096 0.004286 0.020305
0 0.585704 0.174492 0.004286 0.016497
0 0.587500 0.077030 0.003571 0.019036
0 0.590071 0.175127 0.003571 0.017766
0 0.592500 0.073858 0.003571 0.020305
0 0.672857 0.359037 0.005714 0.020305
0 0.704643 0.654088 0.005000 0.024112
0 0.699286 0.656090 0.005714 0.017766
0 0.694286 0.665609 0.005704 0.021574
0 0.701071 0.724619 0.007857 0.017766
0 0.695357 0.935914 0.006429 0.008883
0 0.658929 0.920685 0.006429 0.020574
0 0.648929 0.834390 0.009286 0.016497
