0 0.082985 0.799165 0.007307 0.021336
0 0.063361 0.555195 0.004175 0.013915
0 0.205898 0.438776 0.003653 0.011132
0 0.192589 0.442950 0.003132 0.008349
0 0.209990 0.383117 0.003653 0.011132
0 0.220816 0.379406 0.003132 0.012987
0 0.297234 0.297310 0.001566 0.004638
0 0.779228 0.889600 0.007307 0.025974
0 0.793840 0.891929 0.006263 0.026902
0 0.584812 0.637291 0.005741 0.011132
0 0.588727 0.590909 0.005209 0.020408
0 0.487213 0.654917 0.003653 0.012987
0 0.486430 0.651206 0.005219 0.014842
0 0.440762 0.537570 0.004697 0.012059
0 0.524008 0.506494 0.003032 0.012987
0 0.519833 0.504638 0.004175 0.011132
0 0.450408 0.486085 0.003132 0.014842
0 0.468424 0.480447 0.003653 0.011132
0 0.489823 0.476345 0.004697 0.012059
