0 0.520250 0.677667 0.015500 0.028667
0 0.485750 0.489000 0.010500 0.023333
0 0.852000 0.534333 0.004000 0.032667
0 0.895500 0.456000 0.010000 0.026667
0 0.906750 0.457000 0.010500 0.024667
0 0.566250 0.212333 0.005500 0.015333
0 0.541250 0.168667 0.006500 0.017333
0 0.431250 0.028000 0.003500 0.012000
0 0.436500 0.008333 0.003000 0.010000
0 0.480500 0.008000 0.002000 0.000667
0 0.480000 0.010333 0.002000 0.007333
0 0.533250 0.040000 0.003500 0.006000
0 0.527000 0.062000 0.003000 0.006000
0 0.503250 0.081667 0.004500 0.016667
