0 0.796786 0.538095 0.006429 0.007143
0 0.793570 0.546667 0.007143 0.019048
0 0.723570 0.562381 0.007143 0.021905
0 0.729643 0.563333 0.006429 0.020905
0 0.764643 0.569048 0.007857 0.020000
0 0.755000 0.615714 0.008571 0.020000
0 0.663204 0.755238 0.009286 0.030476
0 0.622043 0.621905 0.010000 0.024762
0 0.030714 0.553810 0.010000 0.023810
0 0.303929 0.429524 0.006429 0.009048
0 0.679286 0.870952 0.012857 0.031429
0 0.458929 0.737043 0.005000 0.019048
0 0.298929 0.884286 0.005000 0.031429
0 0.287857 0.837609 0.010000 0.037143
0 0.285704 0.707143 0.008571 0.029524
0 0.282500 0.689048 0.007857 0.020000
