0 0.000000 0.364762 0.017143 0.032381
0 0.237500 0.045704 0.007857 0.015238
0 0.309643 0.042381 0.005000 0.020000
0 0.326429 0.046667 0.007043 0.013333
0 0.352043 0.070952 0.010000 0.023810
0 0.470357 0.056667 0.007857 0.025714
0 0.509286 0.077619 0.007143 0.018095
0 0.525704 0.166190 0.008571 0.027619
0 0.492500 0.052381 0.009286 0.022857
0 0.505357 0.057143 0.005000 0.020952
0 0.005704 0.408095 0.008571 0.029524
0 0.048929 0.062857 0.006429 0.022857
0 0.400714 0.132381 0.005714 0.017143
0 0.506429 0.036667 0.005714 0.020000
0 0.501071 0.133810 0.006429 0.020000
0 0.026070 0.076190 0.009286 0.028571
0 0.251786 0.202857 0.012143 0.020952
0 0.276429 0.229048 0.011429 0.025714
0 0.022143 0.119524 0.010000 0.023810
0 0.242500 0.072857 0.007857 0.018095
0 0.208929 0.407043 0.013571 0.033333
