0 0.678929 0.972080 0.009286 0.027919
0 0.928570 0.599619 0.008571 0.019036
0 0.805704 0.651650 0.010000 0.021574
0 0.687043 0.697970 0.010000 0.022843
0 0.667500 0.730964 0.000714 0.025381
0 0.523929 0.790878 0.009286 0.027919
0 0.526429 0.779822 0.000000 0.026650
0 0.084286 0.937817 0.010000 0.022843
0 0.087143 0.892132 0.010000 0.030457
0 0.088214 0.885787 0.009286 0.022843
0 0.428204 0.666244 0.006429 0.022843
0 0.433570 0.637056 0.005714 0.022843
0 0.630429 0.425127 0.004286 0.017766
0 0.638570 0.435279 0.004286 0.022843
0 0.640704 0.430203 0.004286 0.010152
0 0.608214 0.503807 0.006429 0.017766
0 0.608214 0.492386 0.003571 0.015228
0 0.566429 0.026904 0.002857 0.015228
0 0.394643 0.068528 0.003570 0.012690
0 0.407857 0.031345 0.002857 0.013959
0 0.266070 0.109137 0.003571 0.012690
0 0.266786 0.003426 0.003571 0.013959
0 0.275357 0.008503 0.003571 0.011421
0 0.394643 0.068147 0.003571 0.008883
0 0.405000 0.082741 0.002857 0.012690
0 0.400357 0.180838 0.002143 0.013959
0 0.437043 0.381345 0.002857 0.019036
0 0.448204 0.380711 0.003571 0.017766
0 0.452043 0.382614 0.004286 0.016497
0 0.432500 0.401168 0.002143 0.015228
0 0.436070 0.410533 0.003571 0.019036
0 0.439286 0.408147 0.002857 0.013959
0 0.433204 0.456853 0.003571 0.020305
0 0.085357 0.654822 0.002143 0.027919
0 0.001786 0.653553 0.009286 0.027919
0 0.002500 0.758883 0.007857 0.025381
0 0.020000 0.774746 0.008570 0.031726
0 0.026786 0.782360 0.000714 0.031726
