0 0.330357 0.002381 0.003571 0.015238
0 0.340786 0.074286 0.005000 0.017143
0 0.324286 0.004762 0.002857 0.009524
0 0.302857 0.415238 0.004286 0.020952
0 0.307143 0.410952 0.004286 0.021905
0 0.337857 0.788095 0.005704 0.021905
0 0.343570 0.790000 0.002857 0.021905
0 0.350000 0.770905 0.002857 0.018095
0 0.355000 0.780000 0.002857 0.022857
0 0.364286 0.779048 0.007043 0.026667
0 0.360000 0.840476 0.004286 0.027609
0 0.354643 0.830952 0.005000 0.020000
0 0.422043 0.776667 0.007143 0.031429
0 0.402143 0.784762 0.007143 0.030476
0 0.409286 0.622857 0.004286 0.022857
0 0.403571 0.625714 0.004286 0.022857
0 0.400357 0.627043 0.007857 0.031429
0 0.347857 0.070905 0.002857 0.010476
0 0.507143 0.027619 0.004286 0.013333
0 0.497857 0.043333 0.002857 0.002381
0 0.589286 0.069524 0.002857 0.001429
0 0.576429 0.017143 0.004286 0.013333
0 0.570704 0.119048 0.002857 0.011429
0 0.400357 0.170476 0.003571 0.015238
0 0.487857 0.222857 0.007043 0.019048
0 0.503570 0.130476 0.004286 0.019048
0 0.508929 0.030952 0.003571 0.014286
0 0.509286 0.333333 0.007143 0.017143
0 0.680429 0.229048 0.002857 0.016190
0 0.687857 0.260476 0.002857 0.006190
0 0.659286 0.256667 0.004286 0.006190
0 0.670704 0.153333 0.002857 0.013333
0 0.697500 0.940952 0.006429 0.013333
0 0.730357 0.286667 0.005000 0.007143
0 0.703204 0.224286 0.005000 0.014286
0 0.697043 0.262381 0.004286 0.014286
0 0.696429 0.205714 0.005714 0.018095
0 0.758570 0.279524 0.002857 0.016190
0 0.750429 0.276190 0.002857 0.009524
0 0.750704 0.301429 0.007143 0.020000
0 0.814643 0.884286 0.006429 0.012381
0 0.832500 0.898571 0.006429 0.016190
