0 0.709286 0.956218 0.012857 0.034264
0 0.523929 0.375635 0.006429 0.030457
0 0.407857 0.229061 0.005714 0.019036
0 0.400071 0.204315 0.006429 0.020305
0 0.372500 0.061168 0.007857 0.017766
0 0.664643 0.640497 0.006429 0.034264
0 0.690786 0.697970 0.009286 0.030457
0 0.700357 0.693528 0.009286 0.029088
0 0.896786 0.959390 0.010714 0.022843
0 0.895357 0.946700 0.015000 0.017766
0 0.902500 0.977057 0.013571 0.030457
0 0.933204 0.969543 0.009286 0.030457
0 0.406071 0.714467 0.009286 0.030457
0 0.422500 0.843909 0.000714 0.017766
0 0.476786 0.296954 0.007857 0.025380
