0 0.599165 0.620594 0.018789 0.059369
0 0.747390 0.942486 0.030271 0.076067
0 0.789144 0.945269 0.027140 0.072356
0 0.527923 0.069759 0.005741 0.027829
0 0.533042 0.170686 0.006785 0.025974
0 0.473021 0.116883 0.004697 0.018553
0 0.503392 0.118738 0.004697 0.016698
0 0.601775 0.128942 0.006263 0.018553
0 0.649791 0.128942 0.006263 0.014842
0 0.746086 0.227737 0.009916 0.032468
0 0.707641 0.142857 0.006263 0.022263
0 0.726253 0.045176 0.007829 0.026902
0 0.720033 0.116419 0.004697 0.019481
0 0.724948 0.016883 0.005219 0.022263
0 0.702944 0.119666 0.005219 0.020408
0 0.734342 0.095547 0.004075 0.014842
0 0.795407 0.044991 0.003132 0.010204
0 0.783142 0.073284 0.003653 0.011132
0 0.770660 0.059369 0.002610 0.016698
0 0.770094 0.059369 0.003653 0.004842
0 0.860647 0.089981 0.004175 0.018553
0 0.750260 0.089518 0.004697 0.013915
