0 0.508570 0.836294 0.008571 0.020305
0 0.502857 0.802817 0.007143 0.024112
0 0.702857 0.709543 0.008571 0.025381
0 0.708571 0.720812 0.008571 0.025381
0 0.708570 0.909898 0.010000 0.020305
0 0.843204 0.899746 0.012143 0.020305
0 0.834643 0.826042 0.009286 0.022843
0 0.773929 0.775380 0.009286 0.020305
0 0.775000 0.800027 0.008571 0.021574
0 0.989286 0.806472 0.007143 0.024112
0 0.930357 0.293782 0.000714 0.024112
0 0.770000 0.086294 0.007043 0.022843
0 0.762857 0.088832 0.007043 0.017766
0 0.369286 0.302183 0.005714 0.022843
0 0.545000 0.506497 0.005714 0.027919
