0 0.523747 0.789889 0.010960 0.025046
0 0.629958 0.621985 0.010438 0.021336
0 0.591075 0.477737 0.009916 0.020408
0 0.602557 0.480519 0.007829 0.020408
0 0.580681 0.256494 0.006785 0.021336
0 0.621086 0.112709 0.005219 0.013915
0 0.605167 0.391466 0.006785 0.020408
0 0.629958 0.246753 0.006263 0.018553
0 0.611691 0.238868 0.006263 0.017625
0 0.614301 0.210575 0.006263 0.012987
0 0.610908 0.163265 0.004697 0.014842
0 0.617954 0.144712 0.006263 0.018553
0 0.610908 0.134045 0.005741 0.017625
0 0.661013 0.128015 0.004697 0.012987
0 0.661273 0.132653 0.004175 0.011132
0 0.661013 0.107607 0.004697 0.016698
0 0.639092 0.079314 0.004697 0.015770
0 0.646921 0.021336 0.003653 0.011132
0 0.647182 0.022263 0.004175 0.014842
0 0.651096 0.008813 0.004697 0.012059
0 0.674582 0.002987 0.007829 0.018553
0 0.735125 0.394712 0.007829 0.019481
