0 0.000357 0.541244 0.019286 0.024112
0 0.005000 0.564720 0.010000 0.025381
0 0.072500 0.578046 0.003571 0.026650
0 0.073570 0.561548 0.012857 0.021574
0 0.030357 0.519036 0.012143 0.022843
0 0.080714 0.485406 0.011429 0.024112
0 0.224286 0.483503 0.001429 0.022843
0 0.253570 0.506980 0.010000 0.024112
0 0.279286 0.504442 0.008570 0.024112
0 0.280357 0.487300 0.007857 0.020305
0 0.289286 0.492386 0.010000 0.012690
0 0.302500 0.467640 0.009286 0.029188
0 0.342500 0.526005 0.006429 0.019036
0 0.351071 0.531091 0.010714 0.019036
0 0.348570 0.515863 0.007143 0.034264
0 0.357857 0.550760 0.008571 0.025381
0 0.366429 0.476523 0.007043 0.029188
0 0.370000 0.503073 0.004286 0.024112
0 0.372043 0.491117 0.005714 0.022843
0 0.380429 0.479695 0.007143 0.022843
0 0.377043 0.460025 0.004286 0.026650
0 0.360071 0.446701 0.007857 0.030457
0 0.366429 0.434000 0.007143 0.027919
0 0.375357 0.395939 0.006429 0.025380
0 0.974643 0.860406 0.022043 0.022843
0 0.980000 0.878073 0.018571 0.022843
0 0.970357 0.887056 0.020704 0.015228
0 0.964286 0.898477 0.007143 0.012690
0 0.880000 0.870558 0.002857 0.015228
0 0.860071 0.845812 0.016429 0.016497
0 0.860000 0.830584 0.001429 0.019036
0 0.874286 0.840736 0.002857 0.019036
0 0.874286 0.854695 0.001429 0.013959
0 0.828570 0.817259 0.012857 0.017766
0 0.802500 0.803299 0.006429 0.020305
0 0.797500 0.801548 0.016429 0.021574
0 0.778929 0.826042 0.013571 0.020305
0 0.779286 0.807259 0.012857 0.017766
0 0.748929 0.755076 0.009286 0.022843
0 0.728929 0.807007 0.013571 0.020305
0 0.706071 0.800127 0.009286 0.019036
0 0.700357 0.782995 0.007857 0.015228
0 0.708214 0.784898 0.010714 0.024112
0 0.693570 0.769036 0.012857 0.022843
0 0.700357 0.769036 0.009286 0.022843
0 0.676429 0.752538 0.000000 0.020305
0 0.660357 0.705584 0.006429 0.015228
0 0.684643 0.679569 0.002143 0.024112
0 0.688929 0.675027 0.009286 0.022843
0 0.645000 0.669406 0.011429 0.024112
0 0.647043 0.663071 0.007143 0.029188
0 0.630357 0.627538 0.007857 0.020574
0 0.656786 0.635787 0.009286 0.025380
0 0.637857 0.587563 0.005704 0.025381
0 0.643929 0.642766 0.006429 0.024012
0 0.642043 0.610406 0.007143 0.022843
0 0.646070 0.569797 0.007857 0.022843
0 0.643929 0.550396 0.009286 0.021574
0 0.660357 0.514594 0.009286 0.026650
0 0.645000 0.498730 0.007143 0.025381
0 0.679643 0.480964 0.007857 0.022843
0 0.696070 0.472081 0.006429 0.025381
0 0.702500 0.530457 0.007857 0.027909
0 0.708570 0.531726 0.008571 0.027919
0 0.727043 0.530457 0.010000 0.022843
0 0.702857 0.503173 0.011429 0.024112
0 0.663571 0.044416 0.010000 0.027919
0 0.672500 0.040878 0.003571 0.022843
0 0.676070 0.010787 0.005000 0.021574
0 0.745000 0.005863 0.010000 0.021574
0 0.748570 0.065355 0.010000 0.024112
0 0.765357 0.067259 0.006429 0.025380
0 0.736786 0.088098 0.009286 0.024112
0 0.752500 0.090736 0.009286 0.026650
0 0.746429 0.088832 0.008570 0.025381
0 0.746429 0.098350 0.008570 0.029188
0 0.740071 0.104695 0.007857 0.026650
0 0.753929 0.007868 0.007857 0.025381
0 0.747043 0.110406 0.008571 0.025381
0 0.740000 0.028807 0.007143 0.029188
0 0.744286 0.043401 0.007143 0.027919
0 0.755000 0.027538 0.004286 0.016497
0 0.748204 0.135152 0.007857 0.024112
0 0.758570 0.157995 0.007143 0.029188
0 0.750071 0.156726 0.006429 0.029188
0 0.748570 0.168147 0.007143 0.026650
0 0.730704 0.201777 0.007143 0.027919
0 0.737500 0.203198 0.006429 0.025381
0 0.739286 0.200025 0.005714 0.024112
0 0.743204 0.213832 0.007857 0.031726
0 0.750357 0.204305 0.006429 0.027919
0 0.756070 0.201777 0.007857 0.025381
0 0.756786 0.220447 0.009286 0.026650
0 0.740786 0.237944 0.007857 0.024112
0 0.747043 0.236675 0.008571 0.021574
0 0.732500 0.244289 0.007857 0.024012
0 0.733571 0.240482 0.005714 0.016497
0 0.720786 0.259518 0.005000 0.021574
0 0.726070 0.260152 0.006429 0.027919
0 0.725704 0.272843 0.008571 0.022843
0 0.730429 0.272208 0.007143 0.024112
0 0.746786 0.267766 0.007857 0.022843
0 0.758204 0.267766 0.007857 0.022843
0 0.764286 0.269036 0.008570 0.027919
0 0.708571 0.465736 0.011429 0.025381
0 0.717500 0.456853 0.006429 0.020305
0 0.742857 0.470078 0.008571 0.021574
0 0.737857 0.457487 0.001429 0.021574
0 0.720786 0.442893 0.007857 0.027919
0 0.705357 0.425127 0.006429 0.022843
0 0.723929 0.401802 0.009286 0.029188
0 0.759643 0.399012 0.010714 0.026650
0 0.684286 0.333022 0.005714 0.026650
0 0.730704 0.365482 0.008571 0.025381
0 0.730357 0.342005 0.007857 0.024012
0 0.739286 0.350523 0.008571 0.027919
0 0.742500 0.355964 0.007857 0.026650
0 0.760357 0.353426 0.009286 0.026650
0 0.758204 0.335025 0.007857 0.027919
0 0.750000 0.332487 0.008570 0.025381
0 0.723204 0.303299 0.007857 0.025381
0 0.739286 0.305203 0.007043 0.024112
0 0.746429 0.306472 0.008570 0.026650
