0 0.094643 0.060476 0.002143 0.004762
0 0.098204 0.174762 0.002143 0.004762
0 0.094643 0.078095 0.003571 0.005714
0 0.075000 0.010000 0.002857 0.004762
0 0.086429 0.409048 0.004286 0.007619
0 0.085357 0.389048 0.003570 0.006667
0 0.043571 0.380476 0.004286 0.008571
0 0.037500 0.368095 0.003571 0.008571
0 0.042500 0.370000 0.003571 0.006667
0 0.049286 0.378095 0.005714 0.009524
0 0.040357 0.341905 0.005000 0.009524
0 0.053571 0.331905 0.002857 0.006667
0 0.047143 0.342857 0.002857 0.007619
0 0.050000 0.257043 0.002857 0.005714
0 0.012857 0.256190 0.002857 0.007619
0 0.017500 0.255714 0.002143 0.004762
0 0.015714 0.256190 0.002857 0.005714
0 0.078214 0.473810 0.005000 0.008571
0 0.762043 0.681429 0.002857 0.006667
0 0.770429 0.683333 0.004286 0.006667
