0 0.627000 0.934667 0.022000 0.069333
0 0.738500 0.870667 0.035000 0.074000
0 0.530250 0.842333 0.020500 0.076667
0 0.526250 0.824000 0.011500 0.029333
0 0.516750 0.910667 0.036500 0.076000
0 0.308750 0.963667 0.039500 0.060667
0 0.293500 0.943667 0.024000 0.044667
0 0.336000 0.640667 0.033000 0.056000
0 0.408250 0.650333 0.019500 0.056667
0 0.435000 0.672333 0.020000 0.064667
0 0.446750 0.690333 0.020500 0.067333
0 0.390750 0.580333 0.013500 0.052000
0 0.427250 0.595000 0.020500 0.060667
0 0.404750 0.582000 0.016500 0.054667
0 0.437750 0.586333 0.005500 0.054000
0 0.423500 0.566667 0.008000 0.053333
0 0.383500 0.569333 0.002000 0.061333
0 0.408750 0.547667 0.014500 0.054000
0 0.434250 0.543000 0.002500 0.051333
0 0.450500 0.580667 0.011000 0.058667
0 0.452750 0.541667 0.018500 0.031333
0 0.478500 0.558333 0.005000 0.051333
0 0.502000 0.577667 0.012000 0.054000
0 0.533250 0.564000 0.001500 0.054667
0 0.547000 0.535667 0.002000 0.046000
0 0.522000 0.534333 0.003000 0.047333
0 0.500750 0.528333 0.012500 0.052667
0 0.488250 0.548667 0.013500 0.028000
0 0.487500 0.509667 0.020000 0.040667
0 0.506500 0.500000 0.017000 0.046000
0 0.503750 0.502333 0.008500 0.059333
0 0.536500 0.523333 0.001000 0.050667
0 0.530000 0.495000 0.014000 0.042000
0 0.542000 0.491333 0.012000 0.029333
0 0.552750 0.478333 0.002500 0.044667
0 0.552250 0.504333 0.002500 0.044667
0 0.560500 0.498333 0.009000 0.048667
0 0.565000 0.562667 0.003000 0.050667
0 0.577000 0.567667 0.008000 0.054000
0 0.564250 0.579333 0.008500 0.018667
0 0.570750 0.583667 0.008500 0.019333
0 0.525500 0.639000 0.014000 0.030000
0 0.524250 0.647333 0.004500 0.061333
0 0.021250 0.648000 0.026500 0.064000
0 0.072500 0.562000 0.020000 0.058667
0 0.200500 0.502333 0.019000 0.046000
0 0.193750 0.531333 0.017500 0.037333
0 0.226500 0.491667 0.015000 0.032667
0 0.250750 0.506000 0.013500 0.034667
0 0.241250 0.482333 0.013500 0.032667
0 0.246500 0.496000 0.014000 0.037333
0 0.387000 0.370333 0.011000 0.036000
0 0.412000 0.330333 0.009000 0.023333
0 0.425750 0.323333 0.008500 0.020000
0 0.445250 0.328000 0.005500 0.026667
0 0.629500 0.453333 0.012000 0.037333
0 0.629500 0.402333 0.013000 0.042000
0 0.700250 0.444333 0.012500 0.043333
0 0.730750 0.438000 0.005500 0.044000
0 0.680500 0.411000 0.010000 0.019333
0 0.696000 0.404000 0.010000 0.025333
0 0.748750 0.387000 0.001500 0.034000
0 0.750250 0.376333 0.003500 0.032667
0 0.800250 0.368333 0.001500 0.038000
0 0.779250 0.389333 0.015500 0.032000
0 0.934500 0.494333 0.022000 0.040667
0 0.988750 0.495667 0.022500 0.047333
0 0.984750 0.440000 0.015500 0.037333
0 0.967000 0.365333 0.020000 0.032000
0 0.802500 0.335667 0.000000 0.031333
0 0.806000 0.332333 0.009000 0.030000
0 0.843000 0.346333 0.009000 0.026000
0 0.850500 0.348000 0.002000 0.033333
0 0.864250 0.344667 0.000500 0.026667
0 0.878250 0.354000 0.003500 0.034667
0 0.876250 0.327000 0.009500 0.027333
0 0.900250 0.308333 0.009500 0.028667
0 0.892750 0.326333 0.007500 0.012667
0 0.945750 0.325667 0.002500 0.022000
0 0.950250 0.252667 0.001500 0.024000
0 0.826750 0.229000 0.004500 0.018000
