0 0.544286 0.468274 0.007043 0.027919
0 0.560786 0.442259 0.006429 0.026650
0 0.508929 0.432007 0.005000 0.011421
0 0.546429 0.435279 0.004286 0.002690
0 0.577043 0.440355 0.004286 0.017766
0 0.568570 0.432741 0.004286 0.017766
0 0.580786 0.436548 0.003571 0.015228
0 0.572500 0.430472 0.003571 0.015228
0 0.586786 0.420320 0.003571 0.022843
0 0.562857 0.378073 0.005714 0.020305
0 0.640071 0.366117 0.005000 0.013959
0 0.562857 0.427030 0.004286 0.006497
0 0.568570 0.425127 0.002857 0.015228
0 0.575357 0.430838 0.003570 0.013959
0 0.580704 0.422589 0.004286 0.012690
0 0.585000 0.406244 0.004286 0.017766
0 0.528204 0.703046 0.006429 0.020305
0 0.693929 0.798858 0.007857 0.036802
0 0.703929 0.795685 0.007857 0.035533
0 0.830000 0.782995 0.007043 0.022843
0 0.873204 0.676396 0.007857 0.030457
0 0.762857 0.620193 0.007143 0.031726
0 0.770704 0.629442 0.004286 0.015228
0 0.750357 0.534264 0.007857 0.027909
0 0.732500 0.532360 0.005000 0.006497
0 0.840000 0.607386 0.007143 0.029188
0 0.768929 0.529822 0.006429 0.029088
0 0.745704 0.494289 0.007143 0.024112
0 0.734643 0.460929 0.006429 0.022843
0 0.742043 0.461294 0.007143 0.024112
0 0.727043 0.447335 0.004286 0.019036
0 0.720786 0.432741 0.005000 0.020305
0 0.697043 0.385152 0.005714 0.024112
0 0.766070 0.500635 0.005000 0.026650
0 0.782857 0.527909 0.007143 0.025381
0 0.800000 0.555838 0.005704 0.025381
0 0.829643 0.590736 0.006429 0.026650
0 0.794286 0.535533 0.005704 0.022843
0 0.775357 0.500904 0.007857 0.021574
0 0.776786 0.475254 0.006429 0.026650
0 0.847500 0.583022 0.006429 0.029188
0 0.870786 0.619289 0.007857 0.030457
0 0.876070 0.625635 0.005000 0.017766
0 0.877500 0.637690 0.009286 0.006497
0 0.928204 0.710025 0.010714 0.029188
0 0.803214 0.573604 0.006429 0.022843
0 0.800714 0.560279 0.005714 0.021574
0 0.808570 0.546954 0.004286 0.020305
0 0.758929 0.473350 0.006429 0.020305
0 0.758204 0.456218 0.003571 0.016497
0 0.760786 0.452411 0.005000 0.019036
0 0.769643 0.457487 0.006429 0.024012
0 0.789643 0.484037 0.005000 0.021574
0 0.782500 0.479060 0.006429 0.026650
