0 0.746429 0.836294 0.000000 0.050761
0 0.738929 0.827401 0.007857 0.043147
0 0.808571 0.545051 0.007143 0.031726
0 0.772043 0.519670 0.010000 0.029188
0 0.500429 0.543147 0.008571 0.035533
0 0.494643 0.539340 0.006429 0.032995
0 0.509286 0.684010 0.012857 0.053299
0 0.370786 0.574873 0.009286 0.043147
0 0.286429 0.470078 0.007143 0.019036
0 0.304643 0.477057 0.007857 0.030457
0 0.279643 0.468274 0.006429 0.022843
0 0.408929 0.496827 0.007857 0.019036
0 0.577043 0.499365 0.007143 0.024112
0 0.573570 0.498096 0.004286 0.031726
0 0.483929 0.364203 0.006429 0.022843
