0 0.486429 0.088452 0.004286 0.011421
0 0.457043 0.272208 0.002857 0.008883
0 0.475704 0.187183 0.002857 0.011421
0 0.470429 0.183376 0.004286 0.011421
0 0.455704 0.343274 0.004286 0.011421
0 0.452043 0.370558 0.002857 0.012690
0 0.455357 0.400015 0.003571 0.010152
0 0.446070 0.426396 0.002143 0.010152
0 0.426786 0.702563 0.003571 0.013959
0 0.434286 0.707640 0.004286 0.013959
0 0.429286 0.833022 0.004286 0.013959
0 0.407857 0.797589 0.004286 0.011421
0 0.408214 0.786802 0.003571 0.010152
0 0.405000 0.974619 0.004286 0.015228
