0 0.293570 0.930203 0.011429 0.025381
0 0.001429 0.979061 0.015714 0.034264
0 0.069643 0.857868 0.005000 0.030457
0 0.220000 0.862310 0.012857 0.021574
0 0.267500 0.802183 0.007857 0.015228
0 0.268570 0.782995 0.008571 0.015228
0 0.299643 0.749365 0.000714 0.021574
0 0.288570 0.729695 0.004286 0.015228
0 0.290000 0.675027 0.010000 0.025381
0 0.276071 0.716371 0.007857 0.021574
0 0.268204 0.736675 0.010714 0.026650
0 0.254643 0.744289 0.009286 0.029088
0 0.196429 0.757614 0.015714 0.025381
0 0.057857 0.684010 0.014286 0.027919
0 0.041429 0.686548 0.007143 0.020305
0 0.017857 0.688452 0.012857 0.029188
0 0.020714 0.666878 0.007143 0.024112
0 0.061786 0.619924 0.010714 0.026650
0 0.340071 0.559645 0.007857 0.020305
0 0.287043 0.550761 0.010000 0.027919
0 0.260786 0.539975 0.010714 0.016497
0 0.224643 0.541244 0.007857 0.029188
0 0.260714 0.477157 0.005714 0.022843
0 0.080357 0.413071 0.010714 0.026650
0 0.297857 0.403553 0.007143 0.015228
0 0.233929 0.395939 0.007857 0.015228
0 0.293214 0.294416 0.017857 0.015228
0 0.084643 0.308376 0.007857 0.025381
0 0.220786 0.258249 0.006429 0.021574
0 0.237043 0.186548 0.005714 0.025381
0 0.304286 0.215736 0.005714 0.015228
0 0.300000 0.173858 0.014286 0.012690
0 0.306786 0.126904 0.006429 0.017766
0 0.258570 0.124365 0.007143 0.020305
0 0.301071 0.051396 0.007857 0.021574
0 0.259286 0.086294 0.008570 0.022843
0 0.236070 0.104061 0.007857 0.020305
0 0.253204 0.028553 0.007857 0.021574
0 0.275704 0.014594 0.007143 0.019036
0 0.720429 0.085660 0.004286 0.021574
0 0.670704 0.318528 0.008571 0.030457
0 0.243570 0.107234 0.007143 0.013959
0 0.312857 0.124365 0.007143 0.020305
0 0.242043 0.184010 0.005714 0.012690
0 0.227500 0.260421 0.007857 0.022843
0 0.239286 0.390228 0.008571 0.013959
0 0.230357 0.536802 0.007857 0.015228
0 0.268929 0.479695 0.006429 0.020305
0 0.279643 0.540609 0.000714 0.017766
0 0.276786 0.560279 0.007857 0.024012
0 0.264643 0.530457 0.007857 0.002690
0 0.021071 0.638325 0.012143 0.020305
0 0.027143 0.668782 0.010000 0.025381
0 0.070429 0.989848 0.010000 0.015228
0 0.080357 0.990117 0.007857 0.015228
0 0.290704 0.956853 0.010000 0.022843
0 0.216786 0.890228 0.009286 0.016497
0 0.207500 0.892132 0.007857 0.017766
