0 0.265714 0.413071 0.004286 0.013959
0 0.232500 0.059898 0.005000 0.015228
0 0.277500 0.019289 0.003571 0.010152
0 0.272857 0.017386 0.002857 0.013959
0 0.243204 0.156091 0.003571 0.012690
0 0.276070 0.120558 0.002143 0.010152
0 0.320071 0.078046 0.002143 0.011421
0 0.390000 0.119924 0.002857 0.008883
0 0.736429 0.006345 0.002857 0.002690
0 0.758929 0.442893 0.005000 0.005228
0 0.964643 0.244289 0.005000 0.009036
0 0.958929 0.046574 0.006429 0.016497
0 0.980000 0.045305 0.007143 0.013959
0 0.986070 0.151015 0.005000 0.015228
0 0.990786 0.146574 0.005000 0.013959
