0 0.730500 0.058000 0.009000 0.025333
0 0.858500 0.030333 0.012000 0.020667
0 0.789750 0.039000 0.011500 0.022000
0 0.607000 0.121000 0.007000 0.019333
0 0.604500 0.071333 0.006000 0.018667
0 0.608000 0.172667 0.006000 0.013333
0 0.673750 0.238667 0.008500 0.020333
0 0.660500 0.220000 0.008000 0.019333
0 0.701250 0.248000 0.005500 0.014667
0 0.699250 0.235000 0.009500 0.005333
0 0.666250 0.255333 0.007500 0.020000
0 0.564250 0.061000 0.004500 0.011333
0 0.607500 0.113667 0.008000 0.014000
0 0.563750 0.052333 0.005500 0.016667
0 0.800250 0.226667 0.012500 0.018667
0 0.654250 0.225667 0.004500 0.000000
0 0.733250 0.387333 0.009500 0.006000
0 0.725500 0.377000 0.003000 0.014000
0 0.672000 0.435333 0.003000 0.013333
0 0.669750 0.403667 0.009500 0.007333
0 0.766250 0.501667 0.014500 0.015333
0 0.567750 0.446000 0.008500 0.004667
0 0.502250 0.437000 0.009500 0.006667
0 0.084250 0.548333 0.022500 0.004000
0 0.096000 0.578000 0.009000 0.013333
0 0.058000 0.655333 0.009000 0.013333
0 0.082000 0.659333 0.009000 0.013333
0 0.033500 0.720667 0.023000 0.004667
0 0.005750 0.693000 0.020500 0.012667
0 0.065000 0.575000 0.007000 0.019333
