0 0.098571 0.993810 0.014286 0.010476
0 0.391071 0.702857 0.010714 0.019048
0 0.209643 0.580952 0.013571 0.020952
0 0.480786 0.510476 0.007857 0.017143
0 0.282500 0.472857 0.009286 0.020000
0 0.320071 0.436190 0.007857 0.017143
0 0.363204 0.353333 0.007857 0.020952
0 0.633929 0.596667 0.007857 0.010476
0 0.668571 0.447619 0.011429 0.015238
0 0.635704 0.387619 0.007143 0.024762
0 0.488204 0.396667 0.007857 0.018095
0 0.858929 0.192857 0.005000 0.012381
0 0.743204 0.326667 0.009286 0.017143
0 0.782857 0.207143 0.005714 0.019048
0 0.748570 0.197619 0.007143 0.018095
0 0.697857 0.255238 0.004286 0.007143
0 0.706429 0.237619 0.005714 0.018095
0 0.709286 0.246667 0.007143 0.022857
