0 0.399269 0.608070 0.009395 0.043599
0 0.396399 0.602040 0.008873 0.038961
0 0.417015 0.661410 0.007307 0.022263
0 0.449113 0.674861 0.017223 0.025046
0 0.482255 0.696097 0.014614 0.038033
0 0.476253 0.678008 0.010960 0.033395
0 0.436587 0.480056 0.009906 0.038033
0 0.437630 0.519481 0.012004 0.022263
0 0.500260 0.423006 0.008873 0.031540
0 0.708768 0.788960 0.013570 0.051020
0 0.662578 0.563544 0.000960 0.023191
0 0.603601 0.547774 0.009916 0.021336
0 0.603862 0.543135 0.010438 0.028757
0 0.586639 0.442022 0.007307 0.028757
0 0.669885 0.427644 0.008873 0.029685
0 0.651096 0.406308 0.009916 0.029685
0 0.589248 0.383117 0.009395 0.025974
0 0.520877 0.299629 0.007307 0.025974
0 0.612213 0.356215 0.007307 0.018553
0 0.601169 0.341837 0.006263 0.023191
0 0.617954 0.342764 0.007307 0.017625
0 0.624739 0.340909 0.007307 0.021336
0 0.594990 0.224954 0.004075 0.023191
0 0.526879 0.093414 0.004697 0.019481
0 0.520606 0.192022 0.003653 0.018553
0 0.595251 0.186456 0.004697 0.016698
0 0.589248 0.187384 0.004175 0.016698
0 0.572286 0.186920 0.004697 0.017625
0 0.548017 0.167440 0.004175 0.015770
0 0.584029 0.085529 0.004175 0.016698
0 0.594729 0.050278 0.004697 0.018553
0 0.474687 0.085529 0.004697 0.018553
0 0.470555 0.153525 0.003653 0.013915
0 0.480428 0.048423 0.003653 0.016698
0 0.489300 0.179963 0.003653 0.016698
0 0.489562 0.173933 0.002088 0.010204
0 0.604023 0.119666 0.003653 0.011132
0 0.550626 0.001577 0.004175 0.010204
0 0.502526 0.088590 0.004175 0.013915
0 0.518267 0.089518 0.003132 0.008349
0 0.531837 0.049629 0.003132 0.008349
0 0.590858 0.073284 0.002088 0.011132
0 0.590553 0.068082 0.002610 0.010204
0 0.593685 0.070965 0.002600 0.012059
0 0.600514 0.069109 0.002610 0.013915
0 0.572808 0.046382 0.002610 0.005566
0 0.574374 0.030148 0.002610 0.006494
0 0.563152 0.025510 0.002088 0.006494
