0 0.277857 0.900000 0.000000 0.034286
0 0.257043 0.904762 0.010000 0.040000
0 0.086429 0.859048 0.001429 0.040000
0 0.281429 0.890952 0.008571 0.021905
0 0.261429 0.892857 0.010000 0.018095
0 0.245357 0.762857 0.009286 0.019048
0 0.449643 0.484286 0.006429 0.020905
0 0.596429 0.489524 0.004286 0.009524
0 0.776786 0.678095 0.012143 0.022857
0 0.669643 0.208570 0.003571 0.009524
0 0.740714 0.165238 0.002857 0.004762
0 0.725000 0.196667 0.004286 0.006667
0 0.711071 0.232857 0.003571 0.004762
0 0.698571 0.304286 0.004286 0.006667
0 0.642500 0.482857 0.006429 0.009524
0 0.670000 0.507143 0.008571 0.024762
0 0.677043 0.512381 0.005714 0.026667
0 0.950429 0.554286 0.008571 0.026667
0 0.954643 0.567609 0.007857 0.028571
0 0.848204 0.174286 0.002143 0.007619
