0 0.080420 0.127551 0.003132 0.010204
0 0.073590 0.173469 0.003132 0.012987
0 0.074896 0.073933 0.003653 0.012059
0 0.010125 0.199443 0.004175 0.014842
0 0.013518 0.200835 0.005741 0.015770
0 0.098591 0.284787 0.003653 0.024119
0 0.204071 0.288961 0.006263 0.010204
0 0.070098 0.372913 0.006785 0.027829
0 0.064718 0.385436 0.010438 0.013915
0 0.462944 0.760132 0.016701 0.065863
0 0.497129 0.684137 0.016180 0.043599
0 0.469468 0.420150 0.008873 0.038961
0 0.463727 0.405121 0.007829 0.038033
0 0.479023 0.405844 0.006263 0.036178
0 0.476775 0.403525 0.008873 0.038960
0 0.467380 0.402034 0.008873 0.036178
0 0.555846 0.400742 0.009395 0.025974
0 0.520660 0.307978 0.006785 0.027829
0 0.507223 0.303803 0.005219 0.028757
0 0.494520 0.330633 0.004697 0.021336
0 0.480689 0.281076 0.007307 0.016698
0 0.480428 0.276902 0.004697 0.007625
0 0.465814 0.262523 0.004697 0.016698
0 0.464770 0.260204 0.005741 0.015770
0 0.493476 0.269944 0.003653 0.006698
0 0.497029 0.270872 0.005741 0.020408
0 0.496086 0.267061 0.003653 0.018553
0 0.498695 0.270872 0.005740 0.022263
0 0.502870 0.277365 0.004697 0.018553
0 0.503032 0.274119 0.005219 0.017625
0 0.507046 0.273655 0.005740 0.020408
0 0.566284 0.068646 0.002088 0.005566
0 0.690806 0.649814 0.013048 0.051020
0 0.700939 0.669295 0.000438 0.054731
0 0.705637 0.654453 0.008350 0.036178
0 0.693633 0.679963 0.009395 0.035250
0 0.653706 0.698980 0.009311 0.051020
0 0.707463 0.806327 0.015136 0.064935
0 0.844207 0.925788 0.026608 0.074212
0 0.302092 0.264842 0.006263 0.019481
0 0.407098 0.240260 0.003032 0.014842
0 0.404228 0.239332 0.004697 0.008553
