0 0.606070 0.913810 0.009286 0.018095
0 0.578570 0.860476 0.007143 0.012381
0 0.686786 0.558095 0.012143 0.017143
0 0.798570 0.450000 0.011429 0.023810
0 0.770786 0.395714 0.010714 0.020000
0 0.593214 0.195238 0.012143 0.019048
0 0.588571 0.187143 0.012857 0.016190
0 0.603571 0.115714 0.012857 0.025714
0 0.244286 0.038095 0.017143 0.030476
0 0.086429 0.091429 0.015714 0.026667
0 0.237500 0.194762 0.013571 0.021905
0 0.090071 0.289048 0.013571 0.020000
0 0.098570 0.312381 0.015714 0.019048
0 0.022500 0.452381 0.019286 0.019048
0 0.030357 0.446667 0.015000 0.017143
0 0.051429 0.661905 0.015714 0.019048
