0 0.522857 0.608571 0.020000 0.056190
0 0.380429 0.669048 0.018571 0.050476
0 0.440071 0.611905 0.013571 0.048571
0 0.540429 0.605714 0.024286 0.045714
0 0.395704 0.550952 0.015714 0.054286
0 0.402143 0.530000 0.017143 0.052381
0 0.476070 0.534286 0.016429 0.051429
0 0.366429 0.509524 0.007143 0.041905
0 0.344286 0.502857 0.015714 0.039048
0 0.407857 0.495238 0.014286 0.047619
0 0.390357 0.469048 0.023570 0.040952
0 0.320429 0.431429 0.015714 0.049524
0 0.363570 0.441905 0.012857 0.045714
0 0.354286 0.432857 0.002857 0.037143
0 0.983929 0.666090 0.029286 0.054286
