0 0.166786 0.961905 0.017857 0.022857
0 0.308214 0.986190 0.019286 0.021905
0 0.337043 0.417619 0.015714 0.025714
0 0.226786 0.282857 0.007857 0.024762
0 0.089643 0.439048 0.019286 0.017143
0 0.041429 0.278095 0.020000 0.024762
0 0.202143 0.400000 0.015714 0.020952
0 0.220786 0.380952 0.019286 0.022857
0 0.547500 0.440429 0.009286 0.021905
0 0.534643 0.676090 0.012143 0.020952
0 0.657500 0.684762 0.009286 0.019048
0 0.763570 0.109524 0.014286 0.034286
0 0.753929 0.006667 0.015000 0.034286
0 0.758570 0.065714 0.017143 0.040000
0 0.058929 0.015238 0.022143 0.032381
0 0.020071 0.159048 0.022143 0.032381
0 0.792500 0.700952 0.009286 0.017143
0 0.848204 0.863810 0.022143 0.019048
0 0.870000 0.903333 0.024286 0.030429
0 0.804643 0.899524 0.007857 0.023810
0 0.750071 0.960952 0.020714 0.024762
0 0.787043 0.957143 0.020000 0.024762
0 0.846070 0.930476 0.022143 0.026667
0 0.863570 0.934762 0.024286 0.020000
0 0.743570 0.779048 0.015714 0.019048
0 0.708214 0.803333 0.016429 0.020000
0 0.720071 0.814762 0.006429 0.016190
0 0.730704 0.796190 0.018571 0.022857
