0 0.957500 0.328046 0.020704 0.016497
0 0.958204 0.316624 0.017857 0.019036
0 0.031429 0.782360 0.011429 0.013959
0 0.037500 0.760787 0.016429 0.013959
0 0.323204 0.786168 0.009286 0.019036
0 0.374286 0.763325 0.008570 0.006345
0 0.425000 0.807893 0.007143 0.016497
0 0.446070 0.798223 0.010714 0.020305
0 0.456070 0.817893 0.007857 0.021574
0 0.437857 0.822970 0.008570 0.019036
0 0.379286 0.770305 0.000000 0.012690
0 0.562500 0.637056 0.006429 0.002690
0 0.580704 0.630076 0.010000 0.019036
0 0.608214 0.756345 0.009286 0.020305
0 0.652857 0.701294 0.010000 0.016497
0 0.601786 0.880711 0.010714 0.027919
0 0.594643 0.973350 0.000714 0.022843
0 0.673570 0.765863 0.011429 0.019036
0 0.682043 0.761421 0.007143 0.017766
0 0.686786 0.752538 0.009286 0.007766
0 0.706429 0.734772 0.015714 0.020305
0 0.732857 0.762690 0.001429 0.022843
0 0.753570 0.764594 0.014286 0.016497
0 0.745704 0.720178 0.012857 0.013959
0 0.627857 0.376269 0.000000 0.013959
0 0.943570 0.683376 0.007143 0.013959
0 0.693570 0.712563 0.011429 0.019036
