0 0.256500 0.089000 0.023000 0.040667
0 0.090750 0.702000 0.036500 0.021333
0 0.088750 0.726667 0.036500 0.024000
0 0.050000 0.885667 0.039000 0.038000
0 0.025750 0.831667 0.027500 0.030000
0 0.067500 0.800333 0.029000 0.028667
0 0.175500 0.774000 0.029000 0.026667
0 0.264250 0.836000 0.016500 0.025333
0 0.090250 0.664333 0.025500 0.022000
0 0.205750 0.666667 0.026500 0.022667
0 0.205000 0.639667 0.009000 0.012667
0 0.222250 0.640667 0.021500 0.014000
0 0.251000 0.613000 0.017000 0.030000
0 0.299750 0.627000 0.018500 0.014000
0 0.300750 0.640333 0.017500 0.016000
0 0.397250 0.540000 0.016500 0.020667
0 0.408750 0.526333 0.018500 0.020667
0 0.693250 0.317333 0.019500 0.026667
0 0.712500 0.310667 0.017000 0.025333
0 0.649500 0.466333 0.020000 0.032667
0 0.665750 0.488000 0.007500 0.017333
0 0.978500 0.339333 0.040000 0.020000
0 0.979000 0.455333 0.028000 0.022667
0 0.986500 0.444000 0.027000 0.026667
0 0.818250 0.423000 0.008500 0.014000
0 0.835500 0.408667 0.014000 0.016000
0 0.773250 0.470333 0.023500 0.009333
0 0.793000 0.495667 0.026000 0.026000
0 0.799250 0.490333 0.021500 0.020667
0 0.882500 0.601667 0.020000 0.027333
0 0.523500 0.725333 0.016000 0.025333
0 0.493250 0.664000 0.020500 0.030667
0 0.532000 0.667333 0.003000 0.017333
0 0.447500 0.700333 0.015000 0.024000
0 0.401500 0.716333 0.022000 0.028667
0 0.393750 0.783333 0.014500 0.029333
