0 0.243570 0.174492 0.005714 0.019036
0 0.246071 0.252538 0.010714 0.015228
0 0.226786 0.204949 0.006429 0.020574
0 0.230357 0.330218 0.007857 0.022843
0 0.235704 0.351523 0.007143 0.015228
0 0.208571 0.333756 0.010000 0.027919
0 0.025714 0.852792 0.014286 0.032995
0 0.096429 0.820066 0.011429 0.025381
0 0.000000 0.802030 0.010000 0.020305
0 0.005357 0.769670 0.009286 0.019036
0 0.203570 0.678299 0.007143 0.024112
0 0.240000 0.602057 0.008571 0.019036
0 0.046071 0.572335 0.007857 0.020305
0 0.236070 0.436548 0.006429 0.025381
0 0.670357 0.680838 0.007857 0.026650
0 0.644286 0.625000 0.004286 0.026650
0 0.639643 0.658629 0.000714 0.030457
0 0.908571 0.892766 0.015714 0.031726
0 0.328570 0.042513 0.005714 0.016497
0 0.276070 0.095178 0.006429 0.017766
0 0.266429 0.097080 0.007143 0.019036
0 0.264286 0.012944 0.004286 0.017766
0 0.270786 0.113579 0.005000 0.019036
0 0.282500 0.045939 0.007857 0.020305
0 0.248929 0.072589 0.007857 0.025381
0 0.235357 0.599609 0.006429 0.016497
0 0.200000 0.671954 0.011429 0.021574
0 0.050000 0.564721 0.007143 0.020305
0 0.052500 0.557741 0.007857 0.019036
0 0.008929 0.760787 0.012143 0.024112
0 0.662043 0.121193 0.005714 0.019036
0 0.676070 0.684645 0.006429 0.029188
