0 0.024286 0.908782 0.012857 0.045685
0 0.040071 0.910533 0.010714 0.046954
0 0.042500 0.901168 0.010714 0.043147
0 0.048570 0.980330 0.011429 0.036802
0 0.062500 0.974609 0.012143 0.043147
0 0.056786 0.977792 0.002143 0.039340
0 0.056429 0.936548 0.001429 0.040609
0 0.064286 0.902909 0.011429 0.036802
0 0.070000 0.899012 0.012857 0.044416
0 0.078570 0.947970 0.012857 0.043147
0 0.088570 0.957487 0.012857 0.039340
0 0.087500 0.932740 0.017857 0.040609
0 0.057500 0.928934 0.015000 0.048223
0 0.056071 0.925127 0.010714 0.040609
0 0.200429 0.945431 0.008571 0.030457
0 0.079643 0.895939 0.013571 0.048223
0 0.095000 0.878807 0.010000 0.036802
0 0.207857 0.892032 0.008571 0.043147
0 0.202143 0.902284 0.005714 0.030457
0 0.230071 0.926396 0.009286 0.043147
0 0.330714 0.875000 0.012857 0.039340
0 0.225357 0.870558 0.000714 0.048223
0 0.233204 0.782360 0.012143 0.052030
0 0.223929 0.743655 0.009286 0.035533
0 0.246070 0.657360 0.007857 0.040609
0 0.257857 0.604695 0.008570 0.031726
0 0.256429 0.658629 0.000000 0.043147
0 0.259286 0.637056 0.008570 0.038071
0 0.263570 0.634518 0.008571 0.032995
0 0.272857 0.625635 0.005704 0.030457
0 0.276070 0.605330 0.006429 0.032995
0 0.282043 0.605330 0.007143 0.035533
0 0.266429 0.586294 0.008570 0.032995
0 0.240786 0.605330 0.007857 0.038071
0 0.280429 0.588832 0.008571 0.030457
0 0.292500 0.597080 0.007857 0.034264
0 0.295704 0.593909 0.007143 0.038071
0 0.303929 0.564720 0.006429 0.030457
0 0.284643 0.573604 0.007857 0.027909
0 0.290000 0.560904 0.007143 0.032995
0 0.282857 0.562807 0.008571 0.034264
0 0.265357 0.525380 0.006429 0.035533
0 0.259286 0.532360 0.005704 0.036802
0 0.295704 0.538706 0.008571 0.029188
0 0.293570 0.530457 0.007143 0.030457
0 0.322500 0.255076 0.005000 0.020305
0 0.298204 0.253173 0.005000 0.019036
0 0.295000 0.270305 0.004286 0.022843
0 0.255704 0.309010 0.005714 0.019036
0 0.235357 0.300914 0.005000 0.020305
0 0.322857 0.274746 0.005704 0.019036
0 0.273570 0.312183 0.007143 0.020305
0 0.287857 0.320430 0.007143 0.021574
0 0.293570 0.307741 0.004286 0.019036
0 0.297043 0.309645 0.004286 0.015228
0 0.302857 0.305355 0.008571 0.024112
0 0.302143 0.317893 0.007143 0.021574
0 0.302857 0.312817 0.005714 0.021574
0 0.320000 0.301548 0.005714 0.024112
0 0.280000 0.290244 0.004286 0.024112
0 0.283929 0.289975 0.005000 0.024012
0 0.308570 0.293782 0.004286 0.024112
0 0.303929 0.289340 0.005000 0.020305
0 0.329643 0.308376 0.006429 0.020305
0 0.328570 0.299492 0.004286 0.022843
0 0.328929 0.248730 0.003571 0.022843
0 0.335704 0.276650 0.004286 0.022843
0 0.332857 0.249365 0.004286 0.009036
0 0.340786 0.315990 0.005000 0.020305
0 0.333929 0.294406 0.003571 0.022843
0 0.339643 0.296954 0.003570 0.020305
0 0.339643 0.282360 0.005000 0.026650
0 0.343570 0.286168 0.004286 0.024112
0 0.345000 0.288706 0.005704 0.021574
0 0.348204 0.313452 0.005000 0.020305
0 0.352857 0.320701 0.004286 0.021574
0 0.350704 0.314086 0.004286 0.021574
0 0.350071 0.299492 0.005000 0.022843
0 0.350786 0.289340 0.005000 0.025381
0 0.353929 0.284898 0.005000 0.026650
0 0.356429 0.295685 0.004286 0.022843
0 0.358929 0.287437 0.006429 0.026650
0 0.358570 0.290609 0.007143 0.022843
0 0.365704 0.307107 0.005714 0.022843
0 0.368204 0.310279 0.003571 0.013959
0 0.363204 0.289975 0.005000 0.019036
0 0.369643 0.295050 0.006429 0.024112
0 0.374286 0.302665 0.005704 0.024112
0 0.388570 0.286168 0.004286 0.026650
0 0.395704 0.286802 0.004286 0.020305
0 0.406429 0.284264 0.005704 0.022843
0 0.420357 0.297589 0.006429 0.009036
0 0.420357 0.295685 0.005000 0.020305
0 0.540000 0.062083 0.002857 0.010152
0 0.577500 0.205584 0.003570 0.017766
0 0.577043 0.222081 0.002857 0.020305
0 0.583570 0.243655 0.004286 0.020305
0 0.587857 0.240117 0.002857 0.017766
0 0.592043 0.256345 0.004286 0.020305
0 0.588929 0.273477 0.005000 0.020574
0 0.649286 0.330584 0.005704 0.016497
0 0.650000 0.328680 0.005704 0.020305
0 0.676786 0.306472 0.005000 0.020574
0 0.650357 0.307259 0.005000 0.025381
0 0.626786 0.329949 0.006429 0.022843
0 0.606786 0.329949 0.003570 0.020305
0 0.577500 0.320430 0.005000 0.019036
0 0.592857 0.300027 0.002857 0.019036
0 0.604643 0.302183 0.003571 0.020305
0 0.630357 0.307259 0.007857 0.022843
0 0.638204 0.294416 0.003571 0.022843
0 0.636786 0.303299 0.006429 0.022843
0 0.637043 0.312817 0.004286 0.019036
0 0.639643 0.304086 0.007857 0.021574
0 0.484643 0.300396 0.005000 0.019036
0 0.487500 0.297589 0.006429 0.009036
0 0.490429 0.295685 0.005714 0.015228
0 0.494643 0.293047 0.009286 0.020305
0 0.368570 0.321701 0.002857 0.016497
0 0.368929 0.362944 0.005000 0.020305
0 0.652500 0.570701 0.007857 0.031726
0 0.565000 0.437807 0.008571 0.025381
0 0.506786 0.440355 0.007857 0.022843
0 0.500714 0.471447 0.007143 0.026650
0 0.483570 0.455584 0.004286 0.022843
0 0.503929 0.447335 0.005000 0.026650
0 0.567043 0.428299 0.005714 0.026650
0 0.568204 0.425127 0.007857 0.025381
0 0.606429 0.449873 0.005714 0.024112
0 0.587500 0.473350 0.007857 0.027909
0 0.597500 0.468274 0.006429 0.027909
0 0.595704 0.462563 0.005714 0.024112
0 0.573204 0.444797 0.005000 0.026650
0 0.575000 0.440355 0.007043 0.027919
0 0.574643 0.437083 0.007857 0.029188
0 0.578929 0.440990 0.005000 0.020574
0 0.582043 0.463832 0.004286 0.026650
0 0.588570 0.449873 0.005714 0.024112
0 0.626070 0.468274 0.006429 0.027919
0 0.620357 0.435904 0.006429 0.024112
0 0.620000 0.434645 0.008570 0.026650
0 0.623570 0.440990 0.005714 0.026650
0 0.630357 0.473350 0.006429 0.027909
0 0.628929 0.456853 0.006429 0.027909
0 0.634286 0.454305 0.005714 0.025381
0 0.640704 0.449873 0.005714 0.029188
0 0.400071 0.442893 0.005000 0.025381
0 0.397043 0.452411 0.005714 0.026650
0 0.384643 0.479061 0.007857 0.019036
0 0.348204 0.499365 0.005000 0.034264
0 0.356070 0.478426 0.007857 0.030457
0 0.307500 0.526015 0.006429 0.029188
0 0.303570 0.516497 0.007143 0.032995
0 0.288929 0.482234 0.005000 0.025380
0 0.296429 0.484037 0.005714 0.029188
0 0.302043 0.482234 0.004286 0.030457
0 0.300429 0.474619 0.007143 0.032995
0 0.301071 0.505076 0.005000 0.025381
0 0.306071 0.506345 0.007857 0.027919
0 0.305357 0.493020 0.006429 0.026650
0 0.302143 0.494924 0.005714 0.030457
0 0.320786 0.508249 0.005000 0.026650
0 0.326429 0.494289 0.005704 0.029188
0 0.306786 0.430203 0.005000 0.020305
0 0.309643 0.428299 0.007857 0.026650
0 0.305714 0.473350 0.005714 0.027919
0 0.320000 0.475254 0.005704 0.029188
0 0.329286 0.473350 0.004286 0.025380
0 0.323570 0.465102 0.005714 0.026650
0 0.309286 0.461929 0.007143 0.030457
0 0.308571 0.455584 0.007143 0.027919
0 0.328929 0.457487 0.005000 0.030726
0 0.334286 0.437807 0.005714 0.025381
0 0.325357 0.407513 0.006429 0.025381
0 0.309643 0.420320 0.006429 0.027919
0 0.303204 0.414975 0.005000 0.027919
0 0.309643 0.403071 0.006429 0.026650
0 0.309286 0.407360 0.007043 0.030457
0 0.328570 0.402919 0.005714 0.026650
0 0.333929 0.423223 0.006429 0.029088
0 0.338929 0.423223 0.006429 0.026650
0 0.347500 0.408782 0.005000 0.022843
0 0.340071 0.416244 0.005000 0.027919
0 0.332500 0.406726 0.005000 0.029088
0 0.370357 0.466370 0.005000 0.031726
0 0.371071 0.429569 0.005000 0.019036
0 0.382043 0.440990 0.005714 0.029188
0 0.387857 0.452401 0.005714 0.024112
0 0.376070 0.451777 0.006429 0.027919
0 0.370071 0.448604 0.006429 0.024112
