0 0.526429 0.465704 0.004286 0.017143
0 0.609643 0.509524 0.005000 0.003333
0 0.604643 0.496667 0.005000 0.018095
0 0.606070 0.502857 0.005000 0.011429
0 0.622500 0.525238 0.007857 0.012381
0 0.037143 0.679524 0.008571 0.020000
0 0.035714 0.734286 0.011429 0.019048
0 0.018929 0.730000 0.010714 0.014286
0 0.406786 0.534286 0.006429 0.017143
0 0.405357 0.509048 0.007857 0.008095
0 0.420000 0.480476 0.007043 0.016190
0 0.536070 0.453810 0.005000 0.016190
0 0.420000 0.442857 0.007043 0.017143
0 0.425000 0.473333 0.005704 0.017143
0 0.390071 0.467143 0.007857 0.020000
0 0.380000 0.456667 0.005704 0.016190
0 0.167143 0.518095 0.007143 0.007619
0 0.265357 0.488095 0.005000 0.010476
0 0.176786 0.496190 0.006429 0.015238
0 0.230000 0.313810 0.005714 0.014286
0 0.235000 0.291429 0.004286 0.009524
0 0.253204 0.291429 0.005000 0.011429
0 0.252857 0.347043 0.007143 0.012381
0 0.232857 0.350905 0.004286 0.012381
0 0.357500 0.330476 0.006429 0.007143
0 0.408570 0.287619 0.004286 0.011429
0 0.385704 0.353810 0.004286 0.014286
0 0.398929 0.350000 0.005000 0.004286
0 0.380000 0.353333 0.004286 0.005238
0 0.377043 0.347619 0.004286 0.015238
0 0.394643 0.342857 0.006429 0.001429
0 0.394643 0.336090 0.003571 0.011429
0 0.392043 0.334286 0.002857 0.011429
0 0.382857 0.346667 0.002857 0.003333
0 0.403204 0.336190 0.003571 0.013333
0 0.588571 0.158095 0.004286 0.009524
0 0.586429 0.156667 0.002857 0.008571
0 0.711786 0.156190 0.005000 0.009524
0 0.791071 0.164762 0.003571 0.009524
0 0.793214 0.164286 0.003571 0.008571
0 0.508214 0.158571 0.003571 0.010476
0 0.066429 0.031429 0.005714 0.013333
0 0.051786 0.113810 0.005000 0.012381
0 0.230357 0.095238 0.003570 0.011429
