0 0.768750 0.253000 0.004500 0.034000
0 0.804500 0.319000 0.013000 0.032667
0 0.803500 0.354000 0.018000 0.045333
0 0.827750 0.375000 0.020500 0.023333
0 0.824250 0.369000 0.018500 0.023333
0 0.847750 0.367667 0.019500 0.026000
0 0.690000 0.371000 0.017000 0.042000
0 0.630500 0.374333 0.003000 0.042000
0 0.025750 0.322000 0.019500 0.045333
0 0.046500 0.309667 0.018000 0.039333
0 0.308000 0.113333 0.005000 0.016000
0 0.463500 0.059333 0.003000 0.008000
0 0.383000 0.084333 0.003000 0.008667
0 0.380250 0.085000 0.003500 0.000000
0 0.390000 0.082667 0.004000 0.000667
