0 0.504643 0.802857 0.012143 0.020952
0 0.530429 0.789524 0.015714 0.032381
0 0.532857 0.765238 0.002857 0.029524
0 0.546070 0.752381 0.013571 0.024762
0 0.560786 0.652381 0.010714 0.024762
0 0.568204 0.646667 0.013571 0.030476
0 0.550786 0.587619 0.013571 0.032381
0 0.442500 0.598570 0.010714 0.029524
0 0.456070 0.588571 0.012143 0.028571
0 0.470429 0.579524 0.012857 0.027619
0 0.503570 0.529048 0.012857 0.025714
0 0.504643 0.522381 0.010714 0.029524
0 0.492500 0.405704 0.013571 0.034286
0 0.643929 0.420476 0.002143 0.033333
0 0.660071 0.416667 0.010714 0.031429
0 0.247857 0.760952 0.022857 0.009048
0 0.248204 0.749048 0.020714 0.020000
0 0.082043 0.768571 0.025714 0.024762
0 0.071429 0.730952 0.027143 0.029524
0 0.051429 0.721429 0.022857 0.025714
0 0.066429 0.710952 0.028571 0.023810
0 0.068571 0.692857 0.024286 0.027619
0 0.237857 0.673333 0.008571 0.024762
0 0.269286 0.549524 0.005714 0.034286
0 0.254286 0.546667 0.005714 0.030476
0 0.275000 0.464762 0.002857 0.032381
0 0.288204 0.457143 0.012143 0.034286
0 0.302500 0.450952 0.003571 0.033333
0 0.205357 0.396190 0.015000 0.032381
0 0.208204 0.394762 0.017857 0.033333
0 0.252043 0.402857 0.014286 0.028571
0 0.270786 0.428571 0.016429 0.034286
0 0.280071 0.427619 0.013571 0.032381
0 0.300429 0.429524 0.014286 0.032381
0 0.338204 0.421905 0.010714 0.030476
0 0.345000 0.420476 0.001429 0.031429
0 0.286070 0.374762 0.013571 0.031429
0 0.300357 0.377143 0.012143 0.030476
0 0.306786 0.377143 0.009286 0.030476
0 0.350000 0.368095 0.002857 0.033333
0 0.404643 0.350429 0.013571 0.026667
0 0.404643 0.344286 0.016429 0.029524
0 0.308204 0.349048 0.010714 0.027619
0 0.307857 0.350952 0.012857 0.033333
0 0.325704 0.350476 0.011429 0.034286
0 0.333929 0.356090 0.009286 0.034286
0 0.350357 0.303810 0.013571 0.033333
0 0.360357 0.304762 0.002143 0.034286
0 0.357500 0.296667 0.000714 0.033333
0 0.328204 0.235714 0.009286 0.027619
0 0.343570 0.244286 0.011429 0.035238
0 0.360071 0.249524 0.010714 0.030476
0 0.373929 0.248095 0.009286 0.030429
0 0.350429 0.239524 0.011429 0.031429
0 0.362043 0.236667 0.011429 0.031429
0 0.354286 0.227043 0.010000 0.031429
0 0.380357 0.232857 0.009286 0.030429
0 0.390357 0.220905 0.010714 0.028571
0 0.446071 0.236667 0.010714 0.025714
0 0.443571 0.234286 0.010000 0.022857
0 0.441786 0.231905 0.010714 0.027619
0 0.009286 0.213810 0.018571 0.020000
0 0.036070 0.163810 0.020714 0.028571
0 0.092043 0.064762 0.017143 0.032381
0 0.001786 0.062857 0.016429 0.032381
0 0.021071 0.104762 0.015000 0.030476
0 0.033214 0.102857 0.012143 0.032381
0 0.058571 0.095714 0.014286 0.029524
0 0.075357 0.103333 0.012143 0.029524
0 0.080714 0.125238 0.015714 0.031429
0 0.072043 0.016667 0.017143 0.031429
0 0.058570 0.018571 0.014286 0.031429
0 0.048929 0.007143 0.015000 0.030476
0 0.238214 0.137619 0.013571 0.023810
0 0.232857 0.138571 0.012857 0.023810
0 0.273570 0.160952 0.012857 0.034286
0 0.286429 0.055714 0.011429 0.031429
0 0.264643 0.055714 0.013571 0.033333
0 0.262043 0.137143 0.010000 0.026667
0 0.267043 0.134762 0.012857 0.029524
0 0.286070 0.139048 0.010714 0.030476
0 0.290704 0.138571 0.011429 0.031429
0 0.326070 0.200952 0.012143 0.032381
0 0.330429 0.195714 0.012857 0.031429
0 0.337043 0.194762 0.010000 0.031429
0 0.302143 0.185714 0.011429 0.034286
0 0.307500 0.179048 0.010714 0.030476
0 0.348929 0.085238 0.009286 0.025714
0 0.355704 0.184286 0.010000 0.029524
0 0.337857 0.080952 0.010000 0.030476
0 0.340071 0.177619 0.010714 0.033333
0 0.337500 0.059048 0.010714 0.028571
0 0.342500 0.057143 0.010714 0.028571
0 0.760000 0.004286 0.010000 0.026667
0 0.753929 0.002857 0.009286 0.025714
