0 0.363750 0.038000 0.024500 0.053333
0 0.346750 0.070333 0.019500 0.053333
0 0.307500 0.069000 0.027000 0.056667
0 0.330500 0.037333 0.025000 0.056000
0 0.262000 0.247667 0.030000 0.036667
0 0.282750 0.172000 0.026500 0.033333
0 0.300000 0.003000 0.027000 0.026000
0 0.454000 0.349000 0.023000 0.034000
0 0.439000 0.318333 0.022000 0.034000
0 0.379750 0.546333 0.023500 0.032667
0 0.499250 0.332667 0.027500 0.042667
0 0.601750 0.485667 0.025500 0.024667
0 0.437250 0.728000 0.009500 0.041333
0 0.394500 0.753000 0.024000 0.034000
0 0.360000 0.786333 0.031000 0.030000
0 0.300250 0.882000 0.028500 0.034667
0 0.327500 0.660667 0.027000 0.034667
0 0.263500 0.754667 0.036000 0.036000
0 0.306000 0.720333 0.029000 0.030000
0 0.281750 0.820667 0.035500 0.037333
0 0.091000 0.684667 0.039000 0.025333
0 0.872750 0.934000 0.043500 0.054667
0 0.684250 0.627667 0.028500 0.031333
0 0.016000 0.394333 0.039000 0.031333
0 0.099750 0.360333 0.046500 0.030667
0 0.057250 0.271667 0.036500 0.035333
