0 0.402662 0.799065 0.015136 0.049165
0 0.068580 0.807050 0.012526 0.040816
0 0.386221 0.273191 0.009395 0.026902
0 0.438935 0.204082 0.008351 0.014842
0 0.454071 0.209647 0.005219 0.025974
0 0.438674 0.105288 0.004697 0.015770
0 0.435543 0.086271 0.003653 0.016698
0 0.430324 0.090445 0.004697 0.012059
0 0.462944 0.172542 0.004175 0.016698
0 0.464248 0.118738 0.003653 0.012987
0 0.474426 0.070037 0.004175 0.010204
0 0.450939 0.011132 0.002088 0.005566
0 0.607777 0.250464 0.002610 0.012987
0 0.606201 0.253711 0.004697 0.023191
0 0.601691 0.259740 0.004175 0.014842
0 0.601169 0.255102 0.006263 0.020408
0 0.674843 0.520408 0.000438 0.050093
0 0.695198 0.611317 0.013570 0.037106
0 0.740910 0.594156 0.010960 0.043599
0 0.741910 0.647032 0.012004 0.030612
0 0.807589 0.552876 0.010960 0.033395
0 0.802092 0.547310 0.010438 0.033395
0 0.974065 0.722171 0.015136 0.051020
0 0.980994 0.717069 0.017223 0.044527
0 0.764353 0.775510 0.017223 0.051948
0 0.854906 0.827922 0.014614 0.039889
0 0.794363 0.864100 0.021921 0.041744
0 0.824374 0.485158 0.009916 0.029685
0 0.738779 0.419295 0.010960 0.027829
0 0.806889 0.400946 0.008351 0.031540
0 0.656576 0.238868 0.007307 0.017625
0 0.725992 0.256494 0.006263 0.021336
0 0.737735 0.418367 0.009916 0.025974
0 0.630741 0.161410 0.004697 0.016698
0 0.619259 0.154917 0.004697 0.012987
0 0.598382 0.067254 0.003653 0.002059
0 0.592902 0.034787 0.003032 0.012059
0 0.576722 0.022727 0.003132 0.008349
0 0.579071 0.027365 0.002610 0.008349
