0 0.086786 0.867386 0.016429 0.021574
0 0.208214 0.710660 0.015000 0.025381
0 0.056071 0.786802 0.016429 0.022843
0 0.019286 0.975254 0.017143 0.026650
0 0.032500 0.859772 0.017857 0.016497
0 0.014643 0.858503 0.015000 0.024112
0 0.068570 0.971447 0.015714 0.026650
0 0.057500 0.949239 0.005000 0.025381
0 0.050357 0.835025 0.007857 0.025381
0 0.067043 0.796954 0.014286 0.025381
0 0.862857 0.820066 0.017143 0.030457
0 0.282500 0.440624 0.013571 0.025381
0 0.303204 0.279822 0.007857 0.031726
0 0.308570 0.109772 0.008571 0.029188
0 0.300071 0.115482 0.006429 0.020305
0 0.288929 0.018020 0.007857 0.027919
0 0.029643 0.045685 0.005000 0.017766
0 0.028214 0.039340 0.005000 0.020305
0 0.280429 0.120558 0.007143 0.025381
0 0.304286 0.270305 0.005704 0.025381
0 0.282143 0.434010 0.005714 0.012690
0 0.045704 0.934010 0.012857 0.022843
0 0.729286 0.200508 0.008570 0.032995
0 0.773570 0.524746 0.012857 0.036802
0 0.785704 0.524112 0.010000 0.040609
0 0.794286 0.533629 0.001429 0.039340
