0 0.000357 0.207487 0.010714 0.026650
0 0.005000 0.227792 0.000000 0.024112
0 0.005000 0.259508 0.010000 0.024112
0 0.006071 0.244289 0.010714 0.021574
0 0.023204 0.237944 0.010714 0.021574
0 0.001071 0.264594 0.010714 0.021574
0 0.007857 0.281091 0.014286 0.029188
0 0.022857 0.274746 0.002857 0.021574
0 0.027857 0.263959 0.004286 0.025381
0 0.035357 0.279088 0.010714 0.020305
0 0.036070 0.270939 0.010714 0.024112
0 0.042043 0.269670 0.008571 0.024112
0 0.043204 0.288706 0.012143 0.026650
0 0.044643 0.280726 0.012143 0.025381
0 0.037857 0.300760 0.011429 0.025381
0 0.055000 0.302030 0.001429 0.022843
0 0.067500 0.296954 0.002143 0.022843
0 0.043204 0.326142 0.010714 0.022843
0 0.053929 0.343274 0.000714 0.024112
0 0.074286 0.326777 0.001429 0.029188
0 0.082857 0.307259 0.014286 0.030457
0 0.067857 0.357234 0.002857 0.029188
0 0.064643 0.350523 0.006429 0.012690
0 0.089643 0.357868 0.003571 0.025381
0 0.086070 0.364848 0.010714 0.021574
0 0.085704 0.356599 0.011429 0.020305
0 0.075704 0.373731 0.011429 0.021574
0 0.074286 0.385787 0.001429 0.027919
0 0.080786 0.382614 0.010714 0.021574
0 0.084643 0.376904 0.000714 0.020305
0 0.094286 0.406726 0.001429 0.026650
0 0.095704 0.342640 0.012857 0.025381
0 0.099643 0.334390 0.013571 0.026650
0 0.009643 0.342005 0.010714 0.026650
0 0.009643 0.366751 0.010714 0.022843
0 0.003571 0.375635 0.012857 0.025381
0 0.034643 0.372462 0.010714 0.026650
0 0.038571 0.362944 0.010000 0.020305
0 0.028929 0.390228 0.010714 0.024112
0 0.039286 0.422589 0.011429 0.027919
0 0.043929 0.412437 0.012143 0.027919
0 0.065357 0.419416 0.010714 0.024112
0 0.061071 0.426396 0.010714 0.022843
0 0.078214 0.425127 0.012143 0.022843
0 0.200357 0.455584 0.000714 0.025381
0 0.045357 0.468274 0.012143 0.025381
0 0.049643 0.443528 0.012143 0.024112
0 0.065000 0.454949 0.011429 0.026650
0 0.069286 0.451777 0.008571 0.027919
0 0.073571 0.468909 0.011429 0.024112
0 0.065000 0.488579 0.011429 0.025381
0 0.171071 0.500000 0.007857 0.012690
0 0.070000 0.511421 0.010000 0.020305
0 0.077500 0.480964 0.009286 0.027919
0 0.081429 0.490482 0.010000 0.024112
0 0.082500 0.505711 0.013571 0.024112
0 0.082857 0.566624 0.012857 0.024112
0 0.070714 0.586929 0.010000 0.021574
0 0.176429 0.596447 0.014286 0.015228
0 0.081071 0.644036 0.015000 0.019036
0 0.096429 0.532360 0.011429 0.024112
0 0.205357 0.555838 0.009286 0.022843
0 0.200786 0.561548 0.009286 0.024112
0 0.233204 0.583122 0.009286 0.026650
0 0.090000 0.690990 0.010000 0.024112
0 0.200000 0.700508 0.000000 0.022843
0 0.203204 0.723350 0.009286 0.017766
0 0.208214 0.730330 0.009286 0.019036
0 0.229643 0.708909 0.009286 0.021574
0 0.234643 0.747462 0.000714 0.022843
0 0.246429 0.749365 0.008570 0.019036
0 0.250704 0.758883 0.010000 0.027919
0 0.263204 0.714467 0.009286 0.025381
0 0.275714 0.754442 0.008571 0.013959
0 0.307043 0.754442 0.007143 0.019036
0 0.324286 0.739203 0.008571 0.026650
0 0.300714 0.696066 0.011429 0.026650
0 0.307857 0.685904 0.010000 0.024112
0 0.330357 0.645305 0.000714 0.021574
0 0.328204 0.728426 0.009286 0.017766
0 0.338570 0.722716 0.005714 0.016497
0 0.343204 0.710660 0.007857 0.022843
0 0.349643 0.722706 0.007857 0.021574
0 0.354643 0.692893 0.007857 0.027909
0 0.365704 0.648477 0.008571 0.022843
0 0.372500 0.638959 0.007857 0.026650
0 0.380704 0.655457 0.005714 0.024112
0 0.383204 0.663071 0.007857 0.024112
0 0.548204 0.982868 0.007857 0.021574
0 0.547857 0.953046 0.007043 0.022843
0 0.579643 0.953046 0.009286 0.025380
0 0.582500 0.965736 0.009286 0.020305
0 0.632500 0.984772 0.003571 0.017766
0 0.636429 0.993655 0.008570 0.010152
0 0.800000 0.975888 0.005714 0.015228
0 0.800786 0.963198 0.013571 0.022843
0 0.806429 0.907513 0.012857 0.027919
0 0.794643 0.937807 0.015000 0.020305
0 0.773570 0.908629 0.014286 0.022843
0 0.779643 0.892766 0.005000 0.026650
0 0.773570 0.944797 0.015714 0.029188
0 0.772500 0.956853 0.003571 0.025381
0 0.745000 0.954305 0.014286 0.025381
0 0.759643 0.966370 0.012143 0.024112
0 0.770071 0.980330 0.009286 0.019036
0 0.650071 0.908629 0.007857 0.017766
0 0.650704 0.894036 0.008571 0.024112
0 0.700000 0.829315 0.012857 0.021574
0 0.701071 0.818528 0.012143 0.025381
0 0.764286 0.820430 0.010000 0.024112
0 0.670071 0.793147 0.010714 0.025381
0 0.662857 0.782360 0.000000 0.019036
0 0.662043 0.767766 0.008571 0.022843
0 0.664643 0.757604 0.007857 0.027919
0 0.690000 0.701929 0.008571 0.025381
0 0.655357 0.700508 0.007857 0.007766
0 0.672857 0.689720 0.008571 0.019036
0 0.693204 0.652919 0.007857 0.024112
0 0.700357 0.564086 0.007857 0.021574
0 0.720704 0.575508 0.008571 0.029188
0 0.729286 0.505076 0.008570 0.022843
0 0.730071 0.512690 0.007857 0.025381
0 0.738570 0.522208 0.008571 0.019036
0 0.750429 0.455584 0.008571 0.025381
0 0.760357 0.460929 0.007857 0.025381
0 0.755000 0.430203 0.000000 0.027919
0 0.764643 0.423858 0.007857 0.025380
0 0.770704 0.431472 0.011429 0.027919
0 0.809643 0.329305 0.010714 0.026650
0 0.858570 0.196066 0.010000 0.026650
0 0.843570 0.194162 0.005714 0.025381
0 0.849643 0.094797 0.007857 0.024112
0 0.848204 0.183376 0.009286 0.024112
0 0.865704 0.180838 0.011429 0.029188
0 0.865357 0.059898 0.009286 0.027919
0 0.604286 0.212563 0.005714 0.029188
0 0.600071 0.256980 0.007857 0.029188
0 0.599643 0.200025 0.006429 0.024112
0 0.593214 0.220812 0.005000 0.012690
0 0.608929 0.201929 0.006429 0.027919
0 0.552500 0.307007 0.006429 0.022843
0 0.550786 0.325508 0.007857 0.024112
0 0.540786 0.308376 0.005000 0.025381
0 0.507500 0.364848 0.007857 0.009036
0 0.500429 0.398477 0.005714 0.027919
0 0.507857 0.400015 0.007143 0.025381
0 0.474286 0.438452 0.005704 0.026650
0 0.477043 0.452411 0.005714 0.026650
0 0.498929 0.457487 0.006429 0.020574
0 0.440429 0.509518 0.008571 0.024112
0 0.446786 0.522208 0.005000 0.006497
0 0.438570 0.574239 0.007143 0.026650
0 0.428204 0.568528 0.005000 0.020305
0 0.422500 0.587563 0.000714 0.022843
0 0.423570 0.562183 0.008571 0.020305
0 0.406071 0.579315 0.005000 0.024112
0 0.400000 0.577411 0.008571 0.022843
0 0.382500 0.582487 0.005000 0.022843
