0 0.228929 0.274746 0.002143 0.036802
0 0.445000 0.090355 0.010000 0.035533
0 0.086429 0.085914 0.010000 0.024112
0 0.205357 0.204949 0.000714 0.041878
0 0.068204 0.210025 0.012143 0.029188
0 0.057043 0.210660 0.015714 0.030457
0 0.057043 0.218909 0.008571 0.021574
0 0.061786 0.241751 0.007857 0.026650
0 0.084286 0.229060 0.011429 0.031726
0 0.245000 0.003325 0.010000 0.026650
0 0.530357 0.484037 0.007857 0.024112
0 0.497043 0.557107 0.007143 0.027919
0 0.402143 0.591371 0.011429 0.027919
0 0.490429 0.548858 0.007143 0.024112
0 0.503214 0.553299 0.009286 0.027919
0 0.530786 0.557107 0.006429 0.027919
0 0.575357 0.562807 0.006429 0.021574
0 0.678570 0.497462 0.008571 0.027919
0 0.683929 0.507604 0.009286 0.030457
0 0.702043 0.427030 0.010000 0.029188
0 0.708571 0.384518 0.011429 0.027919
0 0.728929 0.404975 0.009286 0.027919
0 0.723570 0.411802 0.007143 0.036802
0 0.786429 0.223985 0.000000 0.024112
0 0.577043 0.477157 0.011429 0.022843
0 0.500357 0.521574 0.009286 0.030457
0 0.509286 0.509036 0.007143 0.022843
0 0.528570 0.542513 0.010000 0.021574
0 0.727043 0.393401 0.008571 0.027919
0 0.750786 0.297589 0.007857 0.026650
0 0.748570 0.310279 0.005714 0.011421
0 0.468570 0.873731 0.011429 0.019036
0 0.457500 0.862944 0.009286 0.005228
