0 0.053750 0.486667 0.007500 0.028000
0 0.060750 0.426667 0.010500 0.025333
0 0.567500 0.625333 0.020000 0.033333
0 0.571250 0.604667 0.012500 0.038667
0 0.778500 0.551333 0.020000 0.034667
0 0.810500 0.559667 0.016000 0.038000
0 0.821000 0.554000 0.014000 0.024000
0 0.882500 0.738667 0.022000 0.054667
0 0.457000 0.208667 0.003000 0.010667
0 0.309500 0.258667 0.003000 0.009333
0 0.330250 0.262667 0.005500 0.013333
0 0.335750 0.266667 0.003500 0.008000
0 0.863500 0.256000 0.004000 0.006000
0 0.869250 0.256000 0.006500 0.004667
