0 0.017500 0.755238 0.023571 0.049524
0 0.050357 0.754286 0.026429 0.053333
0 0.066071 0.752857 0.022143 0.050476
0 0.285357 0.760952 0.023570 0.049524
0 0.272500 0.758095 0.025000 0.043800
0 0.098214 0.672857 0.022143 0.046667
0 0.202500 0.567143 0.016429 0.042857
0 0.225704 0.565714 0.017143 0.047619
0 0.237500 0.567043 0.013571 0.042857
0 0.404643 0.580476 0.005000 0.039048
0 0.405000 0.587143 0.011429 0.039048
0 0.442043 0.521905 0.012857 0.036190
0 0.457043 0.519048 0.011429 0.041905
0 0.468929 0.469524 0.000714 0.038095
0 0.396786 0.427609 0.012143 0.032381
0 0.402857 0.426667 0.010000 0.036190
0 0.353929 0.334762 0.009286 0.030429
0 0.346070 0.334286 0.010714 0.030476
0 0.500429 0.285714 0.008571 0.028571
0 0.500357 0.289524 0.007857 0.028571
0 0.508214 0.290952 0.006429 0.031429
0 0.506071 0.307143 0.006429 0.027619
0 0.523204 0.306667 0.006429 0.026667
0 0.542043 0.251429 0.008571 0.026667
0 0.500071 0.439524 0.012143 0.037143
0 0.500714 0.441429 0.011429 0.037143
0 0.558204 0.350476 0.010714 0.024762
0 0.568929 0.354286 0.009286 0.032380
