0 0.030500 0.677333 0.031000 0.016000
0 0.043500 0.662000 0.023000 0.000667
0 0.046500 0.690667 0.024000 0.012667
0 0.050500 0.703000 0.040000 0.023333
0 0.035000 0.733667 0.017000 0.010000
0 0.238000 0.652000 0.027000 0.022667
0 0.231000 0.572667 0.028000 0.024000
0 0.344750 0.638000 0.021500 0.028000
0 0.307500 0.687667 0.023000 0.015333
0 0.286750 0.603000 0.029500 0.027333
0 0.329000 0.572667 0.020000 0.029333
0 0.622500 0.724000 0.018000 0.032000
0 0.697000 0.603333 0.008000 0.021333
0 0.701500 0.611000 0.024000 0.028667
0 0.889250 0.460667 0.023500 0.024000
0 0.848750 0.475000 0.029500 0.038000
0 0.788000 0.465667 0.020000 0.036667
0 0.770750 0.439000 0.015500 0.030000
0 0.553250 0.448667 0.009500 0.028000
0 0.547250 0.426333 0.012500 0.023333
0 0.497750 0.370333 0.016500 0.027333
0 0.573000 0.360000 0.009000 0.020667
0 0.511500 0.334000 0.012000 0.026667
0 0.785750 0.625667 0.020500 0.024667
0 0.782250 0.668667 0.020500 0.022667
0 0.389250 0.621333 0.025500 0.030667
0 0.759000 0.620667 0.020000 0.027333
