0 0.387143 0.928571 0.017143 0.019048
0 0.452857 0.869048 0.012857 0.023810
0 0.407857 0.841429 0.014286 0.020000
0 0.421786 0.785238 0.012143 0.021905
0 0.468929 0.794762 0.013571 0.020000
0 0.431071 0.833333 0.012143 0.022857
0 0.503571 0.875238 0.017143 0.019048
0 0.493929 0.858095 0.006429 0.032381
0 0.303214 0.752857 0.013571 0.035238
0 0.233571 0.649048 0.010000 0.020000
0 0.202143 0.568095 0.008571 0.020000
0 0.182857 0.598095 0.015714 0.017143
0 0.162143 0.598571 0.014286 0.016190
0 0.165714 0.577143 0.011429 0.015238
0 0.159286 0.576190 0.008571 0.017143
0 0.577500 0.377609 0.007857 0.021905
0 0.562500 0.357619 0.007857 0.014286
0 0.553214 0.326190 0.003571 0.014286
0 0.422857 0.293333 0.005714 0.009524
0 0.413571 0.298095 0.007143 0.011429
0 0.658214 0.352381 0.005000 0.026667
0 0.607857 0.200000 0.004286 0.011429
0 0.615714 0.194286 0.004286 0.009524
0 0.817857 0.816190 0.014286 0.022857
