0 0.056250 0.534333 0.016500 0.024667
0 0.086500 0.570333 0.023000 0.038000
0 0.002250 0.575333 0.018500 0.040000
0 0.036000 0.483333 0.009000 0.037333
0 0.045500 0.461333 0.013000 0.030667
0 0.246250 0.430000 0.009500 0.031333
0 0.253750 0.436000 0.008500 0.020000
0 0.293750 0.398667 0.009500 0.025333
0 0.292500 0.298000 0.013000 0.020000
0 0.293000 0.283333 0.006000 0.022667
0 0.372000 0.030667 0.005000 0.020000
0 0.447750 0.053333 0.003500 0.003333
0 0.408500 0.022333 0.004000 0.018000
0 0.404250 0.122333 0.004500 0.018000
0 0.469000 0.083000 0.004000 0.006667
0 0.398250 0.250333 0.007500 0.026000
0 0.408250 0.364333 0.007500 0.022000
0 0.449000 0.340333 0.008000 0.025333
0 0.446000 0.363000 0.010000 0.020667
0 0.434250 0.386333 0.013500 0.024667
0 0.310250 0.360000 0.009500 0.021333
0 0.311000 0.408333 0.008000 0.019333
0 0.328250 0.372000 0.001500 0.025333
0 0.332500 0.380333 0.008000 0.008000
0 0.338500 0.394000 0.009000 0.022667
0 0.367250 0.404000 0.009500 0.026667
0 0.385750 0.436000 0.001500 0.028000
0 0.393500 0.409333 0.009000 0.024000
0 0.401750 0.417667 0.010500 0.020667
0 0.328750 0.728000 0.008500 0.036000
0 0.362000 0.809000 0.006000 0.038000
0 0.403250 0.558000 0.010500 0.030667
0 0.405250 0.534000 0.011500 0.026667
0 0.470750 0.409333 0.009500 0.030667
0 0.502250 0.365000 0.001500 0.024667
0 0.490000 0.326000 0.009000 0.017333
0 0.498750 0.317667 0.007500 0.020667
0 0.533750 0.325000 0.005500 0.022000
0 0.518500 0.343333 0.010000 0.024000
0 0.534750 0.350333 0.009500 0.018000
0 0.536000 0.422333 0.008000 0.020667
0 0.550500 0.400667 0.008000 0.026667
0 0.639000 0.406000 0.001000 0.024000
0 0.656000 0.407667 0.009000 0.026000
0 0.644250 0.426333 0.013500 0.024667
0 0.820500 0.357667 0.015000 0.023333
