0 0.481211 0.756957 0.019833 0.077922
0 0.638831 0.110390 0.011482 0.037106
0 0.654228 0.014100 0.009916 0.025974
0 0.706942 0.040074 0.009916 0.038961
0 0.720033 0.139610 0.009916 0.049165
0 0.740605 0.041002 0.010438 0.046382
0 0.739562 0.033581 0.009395 0.044527
0 0.727808 0.128015 0.010960 0.050093
0 0.706858 0.128479 0.015136 0.051020
0 0.758873 0.382189 0.017745 0.046382
0 0.778706 0.409555 0.019833 0.041744
0 0.794885 0.432746 0.015658 0.041744
0 0.801848 0.401670 0.023486 0.066790
0 0.793058 0.391929 0.021399 0.032468
0 0.760960 0.586735 0.007745 0.060297
0 0.809415 0.610853 0.026096 0.062152
0 0.762004 0.569109 0.017745 0.038033
0 0.923539 0.342301 0.012004 0.037106
0 0.925887 0.337662 0.019833 0.053803
0 0.929280 0.338590 0.019311 0.044527
0 0.973904 0.094056 0.011482 0.041744
0 0.979906 0.002041 0.012004 0.037106
0 0.956159 0.163265 0.016701 0.035250
0 0.950939 0.047959 0.009395 0.045455
0 0.972338 0.153525 0.024008 0.043599
0 0.968063 0.786642 0.036534 0.068646
0 0.977035 0.765306 0.007745 0.061224
0 0.983038 0.777829 0.027662 0.065863
0 0.982506 0.807050 0.032881 0.074212
