0 0.909286 0.754286 0.017143 0.011429
0 0.908214 0.800476 0.019286 0.010476
0 0.940071 0.785714 0.020714 0.011429
0 0.524286 0.322857 0.005704 0.011429
0 0.532857 0.355238 0.007043 0.017143
0 0.520071 0.399048 0.010714 0.009524
0 0.486070 0.386190 0.007857 0.014286
0 0.502857 0.352857 0.007043 0.016190
0 0.495704 0.319524 0.007143 0.012381
0 0.487500 0.348095 0.007857 0.002381
0 0.460071 0.428095 0.007857 0.014286
0 0.400704 0.386190 0.007143 0.010476
0 0.403214 0.400476 0.010714 0.014286
0 0.205714 0.683333 0.012857 0.008571
0 0.242043 0.694286 0.012857 0.009524
0 0.204286 0.652380 0.012857 0.007619
0 0.400071 0.167143 0.007857 0.018095
0 0.927500 0.258570 0.010714 0.020000
0 0.953929 0.250000 0.002143 0.008571
0 0.702857 0.252380 0.012857 0.015238
0 0.051429 0.216190 0.011429 0.017143
