0 0.290071 0.384762 0.015000 0.045714
0 0.282857 0.393333 0.000000 0.036190
0 0.490429 0.656667 0.017143 0.044762
0 0.507500 0.678095 0.003571 0.038095
0 0.500786 0.384286 0.017857 0.040952
0 0.670429 0.316667 0.014286 0.039048
0 0.709286 0.267143 0.011429 0.029524
0 0.765704 0.541429 0.020000 0.046667
0 0.803571 0.499048 0.017143 0.047619
0 0.859643 0.494762 0.020704 0.042857
0 0.873929 0.504762 0.019286 0.042857
0 0.653570 0.667143 0.015714 0.042857
0 0.665000 0.692380 0.018571 0.041905
0 0.385000 0.230905 0.007143 0.039048
0 0.376786 0.224762 0.000714 0.032381
