0 0.292043 0.872462 0.008571 0.024112
0 0.227857 0.870827 0.010000 0.022843
0 0.237857 0.852792 0.000000 0.022843
0 0.282500 0.779088 0.009286 0.027919
0 0.255000 0.734772 0.004286 0.030457
0 0.280704 0.641497 0.007143 0.026650
0 0.302857 0.633249 0.007143 0.020305
0 0.387500 0.500000 0.007857 0.025380
0 0.376429 0.496827 0.000000 0.024112
0 0.363570 0.513959 0.010000 0.022843
0 0.360704 0.543147 0.010000 0.020305
0 0.270357 0.500635 0.000714 0.031726
0 0.326786 0.224609 0.007857 0.025381
0 0.322857 0.033883 0.005714 0.019036
0 0.340357 0.086929 0.009286 0.024012
0 0.330704 0.132614 0.007143 0.021574
0 0.378929 0.200142 0.006429 0.019036
0 0.327857 0.550027 0.005714 0.021574
0 0.336429 0.542503 0.007143 0.021574
0 0.339286 0.530457 0.007043 0.020305
0 0.336429 0.508401 0.007143 0.016497
0 0.332500 0.502690 0.007857 0.020305
0 0.309286 0.508883 0.005714 0.015228
0 0.307500 0.507132 0.007857 0.021574
0 0.297857 0.530091 0.005714 0.016497
0 0.304286 0.544406 0.005714 0.017766
0 0.300714 0.554569 0.007143 0.022843
0 0.326429 0.529088 0.005714 0.017766
0 0.320000 0.527284 0.007043 0.019036
0 0.298204 0.651650 0.006429 0.016497
0 0.307043 0.645305 0.008571 0.019036
0 0.293204 0.622462 0.007857 0.016497
0 0.302500 0.630980 0.007857 0.015228
0 0.293204 0.652919 0.006429 0.019036
0 0.326429 0.802030 0.005704 0.015228
