0 0.395750 0.053000 0.002500 0.011333
0 0.393250 0.056333 0.001500 0.010000
0 0.446250 0.165000 0.003500 0.010000
0 0.362000 0.525000 0.008000 0.009333
0 0.379000 0.508333 0.005000 0.009333
0 0.420500 0.547333 0.007000 0.021333
0 0.368500 0.334000 0.005000 0.006000
0 0.365250 0.330667 0.004500 0.015333
0 0.405000 0.222333 0.003000 0.002667
0 0.403500 0.209667 0.004000 0.014000
0 0.399250 0.208333 0.003500 0.012667
0 0.399750 0.207333 0.002500 0.013333
0 0.506750 0.209667 0.002500 0.005333
0 0.512000 0.216333 0.003000 0.007333
0 0.527000 0.081333 0.004000 0.010667
0 0.503250 0.175000 0.002500 0.011333
0 0.529250 0.250000 0.003500 0.009333
0 0.522000 0.248667 0.004000 0.004667
0 0.523500 0.252000 0.003000 0.008000
0 0.745750 0.602333 0.009500 0.009333
0 0.605750 0.280667 0.004500 0.016667
0 0.630000 0.303000 0.005000 0.006667
0 0.670750 0.350000 0.004500 0.007333
0 0.603500 0.089667 0.003000 0.012667
0 0.606500 0.087667 0.004000 0.012667
0 0.633500 0.153667 0.004000 0.010000
0 0.655500 0.070667 0.004000 0.012000
0 0.648250 0.070667 0.003500 0.012000
0 0.920750 0.645333 0.000500 0.024000
0 0.904250 0.631667 0.008500 0.019333
0 0.890250 0.206667 0.004500 0.012000
0 0.881500 0.202333 0.005000 0.011333
