0 0.348929 0.499048 0.026429 0.062857
0 0.041429 0.531429 0.021429 0.034286
0 0.491786 0.520952 0.016429 0.053333
0 0.409286 0.343810 0.018571 0.041905
0 0.904286 0.065714 0.011429 0.032381
0 0.906071 0.169048 0.012143 0.031429
0 0.975357 0.203333 0.006429 0.039048
0 0.962857 0.007043 0.005714 0.014286
0 0.950071 0.017143 0.006429 0.015238
0 0.905714 0.028571 0.004286 0.017143
0 0.909643 0.042857 0.006429 0.009048
0 0.901786 0.056190 0.010714 0.020952
0 0.906786 0.042380 0.005000 0.020000
0 0.897043 0.042857 0.005714 0.019048
0 0.900704 0.043333 0.005714 0.020000
0 0.890357 0.068095 0.006429 0.016190
0 0.895000 0.019048 0.004286 0.013333
