0 0.077766 0.304267 0.002088 0.005566
0 0.463987 0.990724 0.008351 0.016698
0 0.415971 0.633117 0.006263 0.012059
0 0.355167 0.740260 0.004697 0.014842
0 0.354123 0.737477 0.005741 0.018553
0 0.353079 0.734694 0.006785 0.016698
0 0.406837 0.589508 0.005741 0.019481
0 0.348382 0.501132 0.004697 0.012987
0 0.342641 0.509740 0.005741 0.012059
0 0.250261 0.543599 0.003653 0.012987
0 0.250000 0.502309 0.006263 0.015770
0 0.310543 0.486085 0.006263 0.012987
0 0.603257 0.827458 0.005219 0.024119
0 0.608476 0.831169 0.006263 0.022263
