0 0.607043 0.928934 0.012857 0.048223
0 0.575357 0.964467 0.020704 0.038071
0 0.839286 0.399746 0.002857 0.040609
0 0.827043 0.380076 0.011429 0.031726
0 0.804643 0.389594 0.002143 0.035533
0 0.787043 0.432107 0.011429 0.031726
0 0.822043 0.414340 0.015714 0.039340
0 0.383929 0.602057 0.010714 0.041878
0 0.332043 0.616117 0.014286 0.039340
0 0.304643 0.624365 0.007857 0.040609
0 0.008929 0.713832 0.016429 0.041878
0 0.350000 0.432740 0.007143 0.027919
0 0.465000 0.079305 0.005714 0.024112
0 0.460000 0.076042 0.005714 0.022843
0 0.089643 0.287437 0.007857 0.029188
0 0.078214 0.281726 0.007857 0.022843
0 0.703929 0.069416 0.007857 0.026650
0 0.694286 0.073223 0.007143 0.024112
0 0.709286 0.057360 0.007143 0.025381
0 0.705704 0.253173 0.007143 0.024112
0 0.750357 0.200777 0.006429 0.022843
0 0.329286 0.576042 0.008571 0.030457
0 0.340704 0.415609 0.011429 0.024112
0 0.879286 0.796954 0.005714 0.040609
