0 0.580071 0.667619 0.010714 0.024762
0 0.579286 0.546090 0.008571 0.020000
0 0.548929 0.444762 0.006429 0.022857
0 0.562500 0.426090 0.007857 0.021905
0 0.553929 0.406190 0.007857 0.017143
0 0.546786 0.401429 0.007857 0.020952
0 0.534286 0.420429 0.007143 0.023810
0 0.501429 0.420952 0.007143 0.019048
0 0.575704 0.364762 0.007143 0.022857
0 0.566070 0.350952 0.007857 0.023810
0 0.553929 0.320952 0.009286 0.022857
0 0.509286 0.263810 0.008571 0.024762
0 0.502143 0.168095 0.007143 0.027619
0 0.507500 0.158571 0.006429 0.027619
0 0.070786 0.769524 0.020714 0.015238
0 0.077857 0.734762 0.020429 0.018095
0 0.083570 0.762857 0.018571 0.013333
