0 0.256070 0.119924 0.003571 0.013959
0 0.263570 0.124365 0.004286 0.010152
0 0.290071 0.119924 0.002143 0.008883
0 0.278570 0.144036 0.002857 0.011421
0 0.272043 0.164340 0.002857 0.011421
0 0.255357 0.049112 0.003571 0.013959
0 0.265000 0.047843 0.002857 0.011421
0 0.260786 0.149746 0.002143 0.010152
0 0.262857 0.061168 0.002857 0.010152
0 0.268204 0.172589 0.003571 0.015228
0 0.240071 0.157995 0.003571 0.011421
0 0.248929 0.203046 0.003570 0.010152
0 0.253929 0.208274 0.002143 0.010152
0 0.240357 0.203680 0.003570 0.011421
0 0.246070 0.212563 0.003571 0.008883
0 0.230429 0.189721 0.002857 0.011421
0 0.205000 0.198604 0.002857 0.011421
0 0.230357 0.205584 0.003570 0.012690
0 0.236070 0.207487 0.003571 0.011421
0 0.234643 0.204305 0.003571 0.010152
0 0.223570 0.197970 0.004286 0.015228
0 0.300704 0.166244 0.004286 0.012690
0 0.305000 0.082741 0.004286 0.012690
0 0.327043 0.173858 0.002857 0.012690
0 0.307500 0.197335 0.003571 0.011421
0 0.320429 0.196066 0.002857 0.013959
0 0.338570 0.197970 0.002857 0.012690
0 0.445000 0.032614 0.002857 0.013959
0 0.400357 0.164340 0.002143 0.008883
0 0.403214 0.165609 0.002143 0.008883
0 0.406071 0.166878 0.002143 0.008883
0 0.408929 0.168782 0.002143 0.010152
0 0.435704 0.166244 0.002857 0.012690
0 0.444286 0.066878 0.002857 0.008883
0 0.402857 0.158629 0.002857 0.012690
0 0.406786 0.159264 0.002143 0.011421
0 0.420071 0.160533 0.003571 0.016497
0 0.462043 0.157995 0.002857 0.008883
0 0.456786 0.098604 0.002143 0.008883
0 0.434286 0.282360 0.002857 0.003959
0 0.401786 0.260152 0.002143 0.010152
0 0.406070 0.262690 0.002143 0.010152
0 0.405357 0.269036 0.002043 0.010152
0 0.400704 0.277284 0.002857 0.016497
0 0.390704 0.267132 0.002857 0.008883
0 0.394643 0.269036 0.002043 0.010152
0 0.396429 0.257604 0.002857 0.010152
0 0.360000 0.257604 0.004286 0.012690
0 0.484643 0.046574 0.002143 0.011421
0 0.399643 0.021827 0.003571 0.007614
0 0.394643 0.021827 0.005000 0.007614
0 0.354643 0.014213 0.002143 0.007614
0 0.345000 0.012310 0.002857 0.008883
0 0.337857 0.011041 0.002857 0.008883
0 0.330071 0.109772 0.003571 0.011421
0 0.326429 0.008503 0.004286 0.011421
0 0.309286 0.106599 0.002857 0.010152
0 0.306071 0.105964 0.003571 0.011421
