0 0.469500 0.267000 0.005000 0.010000
0 0.471500 0.262667 0.006000 0.013333
0 0.563500 0.220667 0.003000 0.004667
0 0.572500 0.226333 0.004000 0.006667
0 0.576250 0.233667 0.003500 0.006667
0 0.552250 0.292000 0.004500 0.020000
0 0.730250 0.008667 0.002500 0.008000
0 0.732500 0.009000 0.002000 0.008667
0 0.723750 0.135667 0.003500 0.008667
0 0.701750 0.153667 0.002500 0.010000
0 0.709500 0.054000 0.002000 0.008000
0 0.726250 0.152000 0.003500 0.009333
0 0.723000 0.157000 0.003000 0.008667
0 0.698750 0.074000 0.004500 0.014667
0 0.694500 0.074000 0.004000 0.013333
0 0.677250 0.178000 0.004500 0.008000
0 0.704750 0.171000 0.003500 0.008667
0 0.700750 0.188000 0.004500 0.010667
0 0.683250 0.094667 0.003500 0.012000
0 0.678250 0.224333 0.006500 0.014000
0 0.668000 0.241667 0.005000 0.018000
0 0.669250 0.229667 0.003500 0.004000
0 0.665250 0.229333 0.004500 0.004667
0 0.666500 0.225000 0.004000 0.006667
0 0.662750 0.224667 0.005500 0.006000
0 0.662000 0.222667 0.004000 0.004667
0 0.659000 0.226333 0.005000 0.011333
0 0.690750 0.248333 0.005500 0.005333
0 0.690250 0.243333 0.005500 0.013333
0 0.676250 0.253000 0.005500 0.015333
0 0.677500 0.264000 0.006000 0.014667
0 0.666250 0.279000 0.005500 0.014000
0 0.649250 0.255333 0.004500 0.020000
0 0.650500 0.264667 0.004000 0.003333
0 0.639750 0.276333 0.006500 0.009333
0 0.645500 0.279667 0.006000 0.020667
0 0.635250 0.290000 0.005500 0.016000
0 0.631250 0.294333 0.005500 0.019333
0 0.628000 0.305000 0.006000 0.026000
0 0.624250 0.290000 0.006500 0.012000
0 0.609750 0.309333 0.006500 0.022667
0 0.633000 0.327667 0.008000 0.018000
0 0.604000 0.325000 0.005000 0.009333
0 0.605750 0.332333 0.004500 0.015333
0 0.601000 0.328667 0.004000 0.013333
0 0.593500 0.338667 0.008000 0.024000
0 0.572000 0.346333 0.006000 0.026000
0 0.577250 0.335333 0.007500 0.017333
0 0.589750 0.322333 0.008500 0.012667
0 0.700500 0.400667 0.010000 0.024000
0 0.625750 0.400000 0.008500 0.030000
0 0.594750 0.396333 0.007500 0.026000
0 0.540000 0.395000 0.002000 0.024667
0 0.540750 0.410667 0.007500 0.016000
0 0.701750 0.442000 0.009500 0.020000
0 0.698250 0.439667 0.009500 0.028667
0 0.533750 0.492667 0.008500 0.036000
0 0.490750 0.500333 0.009500 0.026000
0 0.596000 0.506000 0.009000 0.030667
0 0.549250 0.499000 0.011500 0.028667
0 0.528250 0.528667 0.001500 0.034667
0 0.503750 0.517333 0.011500 0.030667
0 0.520750 0.499000 0.004500 0.023333
0 0.502000 0.496667 0.010000 0.026667
0 0.522500 0.562333 0.006000 0.023333
0 0.504000 0.564667 0.012000 0.024000
0 0.503250 0.569000 0.004500 0.032667
0 0.496500 0.588333 0.009000 0.019333
0 0.527750 0.592667 0.007500 0.034667
0 0.464500 0.540000 0.013000 0.032667
0 0.485000 0.544333 0.008000 0.032667
0 0.492500 0.540000 0.005000 0.006000
0 0.498250 0.525667 0.007500 0.030333
0 0.488750 0.545667 0.008500 0.015333
0 0.473000 0.566000 0.013000 0.016000
0 0.467500 0.576667 0.016000 0.025333
0 0.557750 0.532000 0.010500 0.021333
0 0.590750 0.507667 0.008500 0.034000
0 0.504250 0.634000 0.011500 0.037333
0 0.435000 0.654333 0.005000 0.040667
0 0.446250 0.637000 0.001500 0.034000
0 0.454250 0.643667 0.007500 0.022000
0 0.450250 0.662333 0.002500 0.030000
0 0.454000 0.694000 0.005000 0.045333
0 0.505500 0.672333 0.016000 0.028667
0 0.476000 0.706333 0.015000 0.035333
0 0.449750 0.782333 0.018500 0.032667
0 0.359250 0.822667 0.020500 0.046667
0 0.460500 0.839333 0.009000 0.052000
0 0.306750 0.817667 0.019500 0.039333
0 0.502000 0.885000 0.013000 0.047333
0 0.336500 0.894667 0.004000 0.046667
0 0.327500 0.879667 0.005000 0.051333
0 0.295250 0.908000 0.022500 0.049333
0 0.275500 0.972000 0.024000 0.054667
