0 0.952043 0.433333 0.021429 0.041905
0 0.764643 0.289524 0.009286 0.022857
0 0.650429 0.113333 0.004286 0.015238
0 0.593929 0.067609 0.003571 0.013333
0 0.589643 0.067043 0.005000 0.012381
0 0.577500 0.057609 0.005000 0.014286
0 0.500786 0.611429 0.016429 0.051429
0 0.548204 0.377619 0.013571 0.042857
0 0.462857 0.235704 0.008571 0.027619
0 0.490357 0.034286 0.003571 0.013333
0 0.493929 0.031905 0.005000 0.014286
0 0.500714 0.150952 0.004286 0.016190
0 0.450000 0.014286 0.004286 0.013333
0 0.450786 0.089048 0.003571 0.014286
0 0.480000 0.062857 0.002857 0.009524
0 0.494286 0.053333 0.002857 0.009524
0 0.496786 0.054286 0.002043 0.009524
0 0.493929 0.040952 0.002043 0.007619
0 0.497043 0.041905 0.002857 0.007619
0 0.494643 0.032857 0.003570 0.008571
