0 0.350000 0.546333 0.008000 0.032667
0 0.358500 0.539667 0.009000 0.030333
0 0.326750 0.488000 0.001500 0.028000
0 0.303000 0.499000 0.007000 0.030000
0 0.294500 0.508667 0.000000 0.028000
0 0.242250 0.450000 0.008500 0.028000
0 0.230750 0.435000 0.001500 0.027333
0 0.204750 0.435667 0.007500 0.030333
0 0.280250 0.406000 0.006500 0.028000
0 0.256500 0.400333 0.011000 0.028000
0 0.532000 0.663333 0.005000 0.038667
0 0.653500 0.689667 0.066000 0.074000
0 0.690250 0.605000 0.053500 0.064667
0 0.917250 0.766667 0.017500 0.032000
