0 0.335000 0.800476 0.021429 0.089524
0 0.395704 0.822381 0.028571 0.103810
0 0.401071 0.771429 0.025000 0.081905
0 0.292043 0.719524 0.021429 0.088571
0 0.328929 0.704762 0.027857 0.080000
0 0.039643 0.640429 0.040714 0.071429
0 0.549286 0.378570 0.010000 0.029524
0 0.564286 0.380000 0.000000 0.034286
0 0.589643 0.376667 0.000714 0.035238
0 0.558204 0.260476 0.007857 0.023810
0 0.400357 0.283800 0.009286 0.024762
0 0.423204 0.284762 0.007857 0.022857
0 0.400000 0.330476 0.005714 0.026667
0 0.420704 0.330476 0.007143 0.030476
0 0.465704 0.322857 0.007143 0.028571
0 0.795704 0.241429 0.004286 0.010476
0 0.557143 0.439048 0.015714 0.041905
0 0.495357 0.426190 0.015000 0.037143
0 0.886429 0.339524 0.011429 0.025714
0 0.814286 0.367143 0.011429 0.031429
0 0.822857 0.364762 0.008571 0.026667
0 0.567500 0.272857 0.006429 0.014286
