0 0.907857 0.940952 0.001429 0.013333
0 0.878570 0.820476 0.014286 0.010476
0 0.508571 0.852381 0.007143 0.009524
0 0.508204 0.765238 0.006429 0.012381
0 0.485357 0.220952 0.005000 0.009524
0 0.493929 0.046667 0.005000 0.007619
0 0.078929 0.020952 0.000714 0.015238
0 0.730786 0.098571 0.006429 0.010476
0 0.702500 0.106190 0.007857 0.010476
0 0.088204 0.797143 0.012143 0.007619
0 0.207043 0.814286 0.008571 0.007619
0 0.213214 0.944762 0.009286 0.011429
0 0.109286 0.900476 0.011429 0.010476
0 0.011071 0.813333 0.015000 0.007619
0 0.360357 0.720000 0.006429 0.007609
0 0.347043 0.617143 0.005714 0.007619
0 0.337857 0.642380 0.007143 0.008571
0 0.339643 0.605238 0.005000 0.009524
0 0.266786 0.563333 0.007857 0.008570
0 0.242043 0.497143 0.007143 0.007619
0 0.335357 0.906190 0.012143 0.016190
0 0.343929 0.960000 0.007857 0.009524
0 0.437857 0.970952 0.008571 0.012381
