0 0.588204 0.362310 0.003571 0.016497
0 0.555357 0.366750 0.003571 0.015228
0 0.390357 0.359772 0.003570 0.011421
0 0.457500 0.376269 0.002043 0.016497
0 0.499286 0.372462 0.002857 0.003959
0 0.529286 0.370558 0.002857 0.005228
0 0.528929 0.348350 0.002043 0.019036
0 0.540429 0.345812 0.002857 0.013959
0 0.523570 0.404188 0.002857 0.011421
0 0.484643 0.420320 0.002143 0.012690
0 0.487043 0.423223 0.002857 0.013959
0 0.490357 0.426396 0.002043 0.012690
0 0.428929 0.504442 0.003570 0.016497
0 0.595357 0.506497 0.003571 0.017766
0 0.599643 0.509036 0.003571 0.017766
0 0.590786 0.541878 0.003571 0.020305
0 0.588204 0.548223 0.003571 0.017766
0 0.576070 0.567893 0.003571 0.019036
0 0.585704 0.593909 0.004286 0.020305
0 0.580429 0.619289 0.004286 0.020305
0 0.570357 0.603579 0.005000 0.024112
0 0.566070 0.612944 0.003571 0.020305
0 0.568204 0.732234 0.006429 0.027919
0 0.593570 0.852157 0.007143 0.029188
0 0.605000 0.906244 0.007143 0.035533
0 0.603571 0.914340 0.007143 0.036802
0 0.080000 0.961929 0.008571 0.040609
0 0.095714 0.870558 0.007143 0.035533
0 0.263204 0.738579 0.005000 0.032995
0 0.269643 0.739203 0.006429 0.031726
0 0.355000 0.607234 0.004286 0.009036
0 0.357043 0.611675 0.004286 0.022843
