0 0.045250 0.364000 0.000500 0.022667
0 0.070000 0.370667 0.001000 0.025333
0 0.024250 0.350000 0.009500 0.022667
0 0.322250 0.404000 0.008500 0.026667
0 0.358250 0.263000 0.006500 0.012667
0 0.393750 0.241667 0.005500 0.011333
0 0.502250 0.185667 0.003500 0.011333
0 0.505500 0.193000 0.003000 0.012667
0 0.520250 0.185333 0.003500 0.012000
0 0.524000 0.200000 0.004000 0.011333
0 0.526750 0.200667 0.004500 0.002000
0 0.806750 0.184667 0.004500 0.010667
0 0.803750 0.169667 0.003500 0.011333
0 0.799250 0.066667 0.002500 0.010667
0 0.789000 0.218667 0.004000 0.010667
0 0.775500 0.217667 0.005000 0.010000
0 0.709500 0.578333 0.005000 0.040667
0 0.713500 0.533000 0.015000 0.026000
0 0.695750 0.528000 0.013500 0.018667
0 0.652250 0.500333 0.010500 0.023333
0 0.597500 0.506333 0.002000 0.031333
0 0.569000 0.557333 0.004000 0.033333
0 0.563500 0.599000 0.003000 0.039333
0 0.500000 0.563000 0.010000 0.039333
0 0.525000 0.539000 0.000000 0.032667
0 0.435750 0.490333 0.008500 0.030000
0 0.397250 0.470000 0.000500 0.029333
0 0.390750 0.457000 0.008500 0.027333
0 0.380500 0.466667 0.000000 0.030667
0 0.375000 0.459667 0.000000 0.032667
