0 0.061750 0.561333 0.011500 0.021333
0 0.206250 0.589667 0.009500 0.019333
0 0.204750 0.583333 0.007500 0.021333
0 0.206250 0.578333 0.007500 0.022000
0 0.229500 0.582000 0.003000 0.022667
0 0.238250 0.576333 0.001500 0.019333
0 0.235000 0.570000 0.009000 0.024000
0 0.097250 0.504667 0.009500 0.021333
0 0.068750 0.336667 0.009500 0.020000
0 0.034750 0.353333 0.007500 0.017333
0 0.134000 0.349333 0.003000 0.009333
0 0.454500 0.877333 0.001000 0.018667
0 0.470500 0.827333 0.009000 0.020000
0 0.502000 0.850000 0.009000 0.018667
0 0.507500 0.835000 0.009000 0.019333
0 0.397750 0.853333 0.011500 0.017333
0 0.399000 0.956333 0.009000 0.020667
0 0.399000 0.952333 0.006000 0.014000
