0 0.523500 0.977000 0.004000 0.035333
0 0.537750 0.973000 0.002500 0.036667
0 0.528750 0.929667 0.008500 0.034000
0 0.545000 0.905333 0.001000 0.034667
0 0.544250 0.899000 0.000500 0.022000
0 0.588000 0.898333 0.001000 0.035333
0 0.532500 0.873000 0.007000 0.036667
0 0.544250 0.852667 0.009500 0.037333
0 0.584250 0.963333 0.020500 0.040000
0 0.775500 0.830667 0.021000 0.036000
0 0.760000 0.790333 0.015000 0.030667
0 0.769250 0.776000 0.004500 0.032000
0 0.776750 0.772000 0.008500 0.033333
0 0.735000 0.726333 0.003000 0.044667
0 0.749000 0.723000 0.002000 0.051333
0 0.876000 0.816000 0.028000 0.036000
0 0.471250 0.821333 0.014500 0.029333
0 0.480000 0.823667 0.014000 0.028667
0 0.404750 0.872667 0.002500 0.030667
0 0.360750 0.855000 0.018500 0.040667
0 0.566750 0.744667 0.004500 0.033333
0 0.606250 0.731333 0.014500 0.041333
0 0.604750 0.680667 0.009500 0.036000
0 0.605000 0.675667 0.006000 0.014000
0 0.566250 0.659000 0.011500 0.015333
0 0.569750 0.634667 0.011500 0.032000
0 0.556250 0.646000 0.010500 0.028000
0 0.538250 0.696333 0.000500 0.032667
0 0.619250 0.607667 0.011500 0.019333
0 0.614000 0.594000 0.010000 0.016000
0 0.593250 0.500333 0.008500 0.026667
0 0.636250 0.472333 0.010500 0.022000
0 0.383250 0.967000 0.018500 0.038000
0 0.283750 0.906667 0.013500 0.037333
0 0.264000 0.875000 0.007000 0.030000
0 0.284000 0.858667 0.008000 0.024000
0 0.033500 0.825333 0.020000 0.034667
0 0.097000 0.868000 0.018000 0.036000
0 0.130750 0.769000 0.015500 0.030000
0 0.090500 0.739000 0.020000 0.034000
0 0.001000 0.720000 0.019000 0.034667
0 0.205500 0.744333 0.013000 0.027333
0 0.227500 0.725000 0.007000 0.034000
0 0.224000 0.720667 0.010000 0.016000
0 0.205000 0.662333 0.006000 0.027333
0 0.203500 0.644667 0.014000 0.033333
0 0.095250 0.623333 0.014500 0.032000
0 0.206000 0.607000 0.004000 0.032667
0 0.061000 0.615000 0.026000 0.032667
0 0.040750 0.641000 0.017500 0.031333
0 0.082750 0.588333 0.016500 0.030000
0 0.203500 0.572667 0.011000 0.028000
0 0.279250 0.622000 0.003500 0.030667
0 0.289750 0.629000 0.003500 0.030000
0 0.270250 0.568000 0.003500 0.030667
0 0.235000 0.570000 0.012000 0.030000
0 0.005750 0.648667 0.020500 0.029333
0 0.030500 0.619000 0.014000 0.036667
0 0.041750 0.618667 0.015500 0.032000
0 0.078750 0.567667 0.014500 0.023333
0 0.085750 0.559333 0.012500 0.028000
0 0.095250 0.583333 0.015500 0.032000
0 0.096250 0.574000 0.014500 0.029333
0 0.095250 0.563000 0.010500 0.026000
0 0.207750 0.527667 0.010500 0.031333
0 0.200750 0.550667 0.011500 0.018667
0 0.213500 0.541333 0.014000 0.021333
0 0.241250 0.570667 0.010500 0.020000
0 0.173750 0.577333 0.012500 0.024000
0 0.154000 0.606000 0.014000 0.021333
0 0.267750 0.483000 0.011500 0.023333
0 0.301500 0.433000 0.008000 0.015333
0 0.311750 0.423333 0.008500 0.017333
0 0.353000 0.420000 0.008000 0.026000
0 0.348000 0.380333 0.007000 0.016667
0 0.363750 0.438667 0.006500 0.024000
0 0.362750 0.360000 0.007500 0.023333
0 0.530500 0.447000 0.007000 0.009333
0 0.541750 0.340667 0.009500 0.016000
0 0.514500 0.336667 0.007000 0.012000
0 0.503750 0.373000 0.007500 0.020667
0 0.474750 0.330333 0.006500 0.021333
0 0.443250 0.440667 0.007500 0.014667
0 0.484250 0.435333 0.009500 0.024000
0 0.391000 0.364333 0.008000 0.016667
0 0.383750 0.339667 0.006500 0.009333
0 0.382500 0.334000 0.005000 0.020000
0 0.057250 0.423333 0.012500 0.017333
0 0.069750 0.411667 0.012500 0.018000
0 0.089000 0.416667 0.009000 0.020000
0 0.440250 0.271333 0.005500 0.020000
0 0.445750 0.275333 0.003500 0.004667
0 0.468750 0.065333 0.003500 0.013333
0 0.355250 0.189667 0.004500 0.011333
0 0.014000 0.118333 0.004000 0.010000
0 0.016500 0.116333 0.005000 0.011333
