0 0.272857 0.120952 0.008571 0.022857
0 0.332500 0.085714 0.007857 0.019048
0 0.371786 0.140000 0.006429 0.015238
0 0.408929 0.036190 0.006429 0.020952
0 0.357500 0.009048 0.009286 0.018095
0 0.487857 0.247609 0.007143 0.024762
0 0.527043 0.281905 0.005714 0.026667
0 0.543204 0.319524 0.006429 0.021905
0 0.523929 0.401429 0.009286 0.023810
0 0.330071 0.379048 0.012143 0.022857
0 0.200000 0.385238 0.011429 0.023810
0 0.230429 0.496667 0.011429 0.021905
0 0.483214 0.504762 0.009286 0.019048
0 0.535357 0.514762 0.012143 0.020000
0 0.563929 0.547609 0.010714 0.019048
0 0.686786 0.507619 0.009286 0.020000
0 0.702500 0.564286 0.012143 0.023810
0 0.712143 0.560000 0.004286 0.011429
0 0.733929 0.868095 0.012143 0.014286
