0 0.402500 0.396190 0.016429 0.051429
0 0.336786 0.632380 0.030714 0.047619
0 0.326070 0.260476 0.016429 0.050476
0 0.327043 0.287619 0.015714 0.047619
0 0.266070 0.132857 0.017857 0.040952
0 0.267857 0.014762 0.014286 0.040952
0 0.359286 0.062857 0.011429 0.041905
0 0.346070 0.155714 0.016429 0.044762
0 0.375704 0.078571 0.011429 0.040952
0 0.379643 0.062380 0.013571 0.039048
0 0.360786 0.062381 0.013571 0.040952
0 0.352043 0.069524 0.011429 0.041905
0 0.347857 0.038095 0.014286 0.041905
0 0.337043 0.110952 0.011429 0.039048
0 0.334286 0.039524 0.014286 0.042857
0 0.323929 0.019048 0.015000 0.045714
