0 0.734864 0.395640 0.006263 0.013915
0 0.345250 0.807050 0.007829 0.024119
0 0.352808 0.813080 0.011482 0.030612
0 0.335334 0.630334 0.006785 0.005770
0 0.335595 0.603636 0.006263 0.026902
0 0.450418 0.303803 0.005219 0.015770
0 0.438674 0.276438 0.004697 0.014842
0 0.444937 0.237477 0.003653 0.007421
0 0.453549 0.223098 0.004175 0.010204
0 0.457724 0.213358 0.004175 0.012987
0 0.401618 0.208256 0.004697 0.012059
0 0.407620 0.045176 0.003132 0.012059
0 0.428236 0.019017 0.002610 0.006494
0 0.431628 0.010204 0.002088 0.005566
