0 0.547756 0.687384 0.008873 0.037006
0 0.543058 0.675325 0.000960 0.035250
0 0.534186 0.699443 0.017223 0.033395
0 0.289044 0.782004 0.012526 0.024119
0 0.584290 0.553340 0.007829 0.026902
0 0.640136 0.508813 0.005741 0.017625
0 0.640136 0.503247 0.007829 0.023191
0 0.629958 0.301484 0.004175 0.016698
0 0.600992 0.166048 0.003653 0.009276
0 0.597599 0.165584 0.004175 0.012059
0 0.577244 0.077922 0.003132 0.009276
0 0.600775 0.049629 0.002088 0.006494
0 0.598904 0.048700 0.002610 0.008349
0 0.581942 0.030148 0.002088 0.004638
0 0.582724 0.009740 0.001566 0.004638
0 0.754958 0.201503 0.005741 0.018553
0 0.786273 0.286642 0.005740 0.022263
