0 0.892043 0.265863 0.005714 0.021574
0 0.897500 0.260052 0.006429 0.015228
0 0.750357 0.080853 0.003571 0.016497
0 0.752857 0.079949 0.004286 0.007766
0 0.766429 0.028807 0.004286 0.021574
0 0.571071 0.012056 0.006429 0.016497
0 0.386786 0.023477 0.003570 0.016497
0 0.394643 0.005228 0.003571 0.015228
0 0.397500 0.004594 0.003571 0.016497
0 0.400704 0.013325 0.002857 0.019036
0 0.404286 0.008883 0.004286 0.007766
0 0.374286 0.035533 0.002857 0.007766
0 0.382857 0.020305 0.004286 0.007766
0 0.368570 0.030457 0.004286 0.017766
0 0.283204 0.121193 0.006429 0.019036
0 0.064643 0.262690 0.006429 0.022843
