0 0.006429 0.249048 0.008571 0.020000
0 0.084643 0.947143 0.032143 0.080952
0 0.243204 0.895714 0.030714 0.065714
0 0.338929 0.829048 0.023570 0.067619
0 0.073214 0.529524 0.020714 0.047619
0 0.116429 0.342857 0.012857 0.019048
0 0.043929 0.277609 0.019286 0.031429
0 0.027500 0.198095 0.007857 0.015238
0 0.018571 0.209048 0.007143 0.018095
0 0.014286 0.209524 0.007143 0.017143
0 0.009643 0.196667 0.006429 0.020000
0 0.061786 0.167143 0.007857 0.018095
0 0.084286 0.165238 0.005714 0.016190
0 0.205000 0.174286 0.005714 0.015238
0 0.622143 0.170952 0.004286 0.008571
0 0.644286 0.092381 0.004286 0.017143
0 0.674643 0.136190 0.005000 0.009524
0 0.580000 0.306190 0.008571 0.024762
0 0.580000 0.336190 0.008571 0.017143
0 0.594286 0.310476 0.007143 0.015238
0 0.873570 0.348095 0.011429 0.033333
0 0.763570 0.191905 0.008571 0.021905
0 0.788204 0.170952 0.006429 0.016190
0 0.797857 0.079524 0.004286 0.016190
0 0.802500 0.078571 0.003571 0.014286
0 0.806429 0.078571 0.004286 0.014286
0 0.829286 0.208570 0.008571 0.019048
0 0.833570 0.231429 0.007143 0.020952
0 0.840071 0.207143 0.005000 0.016190
