0 0.422500 0.056190 0.006429 0.020952
0 0.466786 0.201429 0.006429 0.020952
0 0.472043 0.212857 0.005714 0.018095
0 0.449643 0.908095 0.006429 0.011429
0 0.456070 0.901905 0.006429 0.011429
0 0.504643 0.805238 0.007857 0.012381
0 0.465357 0.600429 0.006429 0.020000
0 0.473929 0.604286 0.007857 0.020000
0 0.705000 0.967043 0.011429 0.008571
0 0.748570 0.904762 0.008571 0.013333
0 0.755357 0.950905 0.006429 0.008571
0 0.703214 0.730000 0.009286 0.010476
0 0.742043 0.505714 0.008571 0.019048
0 0.680704 0.436667 0.008571 0.021905
0 0.686429 0.430476 0.008570 0.017143
0 0.694643 0.436667 0.009286 0.020905
0 0.707500 0.460476 0.007857 0.008095
0 0.720357 0.438570 0.009286 0.014286
0 0.746071 0.469048 0.016429 0.012381
0 0.733570 0.334762 0.010000 0.018095
0 0.692500 0.294286 0.007857 0.007143
0 0.579643 0.295704 0.006429 0.021905
0 0.443929 0.332857 0.006429 0.020905
0 0.506429 0.217619 0.008571 0.018095
0 0.601786 0.214762 0.006429 0.018095
0 0.691429 0.114762 0.010000 0.014286
0 0.661429 0.116667 0.008571 0.016190
0 0.644286 0.047619 0.004286 0.022857
0 0.607143 0.037619 0.005714 0.014286
