0 0.338204 0.110952 0.003571 0.012381
0 0.334286 0.009524 0.002857 0.011429
0 0.286429 0.034762 0.005714 0.010476
0 0.279643 0.035714 0.005000 0.008571
0 0.054643 0.474286 0.012143 0.013333
0 0.234643 0.672381 0.013571 0.011429
0 0.305357 0.263333 0.003570 0.012381
0 0.302143 0.222381 0.004286 0.014286
0 0.307143 0.217619 0.004286 0.010476
0 0.239643 0.204286 0.002143 0.005714
0 0.237500 0.220429 0.002143 0.006667
0 0.234286 0.220476 0.002857 0.004762
0 0.252043 0.254762 0.004286 0.010476
0 0.275357 0.244762 0.002043 0.005714
0 0.294286 0.237609 0.002857 0.008571
0 0.350786 0.223810 0.005000 0.011429
0 0.385000 0.490952 0.004286 0.006667
0 0.349286 0.733810 0.004286 0.010476
0 0.398214 0.488095 0.003571 0.006667
0 0.408571 0.076190 0.004286 0.005714
0 0.771786 0.028571 0.005000 0.005714
