0 0.078500 0.877667 0.052000 0.070000
0 0.003500 0.789000 0.051000 0.063333
0 0.049250 0.759333 0.055500 0.049333
0 0.053500 0.720667 0.039000 0.026000
0 0.170000 0.150000 0.036000 0.058667
0 0.076250 0.096000 0.047500 0.064000
0 0.219750 0.026667 0.040500 0.045333
0 0.257000 0.097333 0.031000 0.036000
0 0.251000 0.052667 0.024000 0.026667
0 0.434250 0.430000 0.035500 0.038667
0 0.402250 0.492000 0.030500 0.040333
0 0.445750 0.500333 0.026500 0.022000
0 0.474000 0.497333 0.029000 0.033333
0 0.465500 0.572333 0.029000 0.024667
0 0.452500 0.600333 0.030000 0.036667
0 0.433750 0.640667 0.024500 0.036000
0 0.523000 0.606000 0.023000 0.037333
0 0.527250 0.614333 0.012500 0.022000
0 0.548750 0.700667 0.028500 0.042667
0 0.672500 0.749333 0.033000 0.045333
0 0.503250 0.498667 0.008500 0.033333
0 0.520750 0.478000 0.016500 0.034667
0 0.467250 0.430333 0.026500 0.034667
0 0.505250 0.434667 0.021500 0.036000
0 0.552250 0.392333 0.022500 0.038000
0 0.569250 0.483000 0.020500 0.032667
0 0.600000 0.463333 0.033000 0.046667
0 0.603250 0.489333 0.024500 0.037333
0 0.647750 0.504333 0.027500 0.026000
0 0.630250 0.434333 0.024500 0.034000
0 0.645500 0.402667 0.034000 0.033333
0 0.606250 0.379333 0.029500 0.032000
0 0.670500 0.351667 0.037000 0.039333
0 0.676750 0.382000 0.038500 0.048000
0 0.680750 0.434333 0.028500 0.044667
0 0.696000 0.439333 0.028000 0.032000
0 0.730000 0.466667 0.059000 0.030667
0 0.760250 0.443000 0.005500 0.016667
0 0.720000 0.425000 0.027000 0.030000
0 0.745000 0.408333 0.025000 0.035333
0 0.768750 0.390667 0.028500 0.034000
0 0.780750 0.307667 0.046500 0.027333
0 0.963250 0.299000 0.048500 0.051333
