0 0.071750 0.546000 0.005500 0.013333
0 0.033250 0.542333 0.005500 0.014000
0 0.016250 0.482333 0.004500 0.010000
0 0.030250 0.479000 0.004500 0.010000
0 0.098500 0.490667 0.005000 0.003333
0 0.073000 0.462000 0.005000 0.000667
0 0.065000 0.390333 0.004000 0.000000
0 0.015000 0.388000 0.004000 0.009333
0 0.020250 0.398333 0.003500 0.008667
0 0.007250 0.359667 0.004500 0.008667
0 0.000750 0.342000 0.003500 0.009333
0 0.010750 0.528333 0.005500 0.014000
0 0.093250 0.643667 0.007500 0.014000
0 0.101500 0.665333 0.007000 0.014667
0 0.108750 0.686000 0.006500 0.012000
0 0.119000 0.682667 0.006000 0.017333
0 0.117250 0.717000 0.007500 0.015333
0 0.143000 0.788000 0.008000 0.013333
0 0.060000 0.634000 0.006000 0.017333
0 0.202250 0.951000 0.006500 0.024667
0 0.569000 0.986333 0.005000 0.012667
0 0.568250 0.990333 0.005500 0.009333
