0 0.292043 0.530476 0.025714 0.057143
0 0.320000 0.440429 0.014286 0.039048
0 0.300786 0.438571 0.015000 0.039048
0 0.257857 0.422857 0.004286 0.034286
0 0.082143 0.452857 0.012857 0.037143
0 0.228929 0.430429 0.009286 0.038095
0 0.233204 0.430000 0.012143 0.035238
0 0.256429 0.466090 0.011429 0.039048
0 0.260000 0.466090 0.012857 0.027619
0 0.365357 0.460429 0.015000 0.042857
0 0.352043 0.451429 0.017143 0.040000
0 0.278929 0.298095 0.007857 0.022857
0 0.481786 0.196190 0.003571 0.003810
0 0.644286 0.467609 0.015714 0.043810
0 0.627500 0.486190 0.019286 0.037143
0 0.765714 0.453810 0.018571 0.039048
0 0.804286 0.462381 0.012857 0.048571
0 0.702857 0.452857 0.001429 0.048571
0 0.723570 0.435238 0.014286 0.038095
0 0.730704 0.432857 0.008571 0.029524
0 0.728570 0.425238 0.011429 0.040952
0 0.701071 0.449524 0.010714 0.047619
0 0.697857 0.438570 0.012857 0.039048
0 0.705000 0.443800 0.012857 0.041905
0 0.667500 0.405704 0.013571 0.038095
0 0.670704 0.436667 0.014286 0.040952
0 0.678570 0.422857 0.015714 0.040000
0 0.677043 0.417143 0.010000 0.038095
0 0.659643 0.444286 0.005000 0.040952
0 0.650071 0.461905 0.012143 0.040000
0 0.649286 0.455238 0.005714 0.047619
0 0.763204 0.382857 0.013571 0.036190
0 0.910357 0.490952 0.020714 0.056190
0 0.978214 0.505238 0.019286 0.050476
0 0.977857 0.426090 0.011429 0.040952
0 0.906071 0.386190 0.013571 0.021905
0 0.737500 0.285238 0.009286 0.027609
0 0.708204 0.269048 0.006429 0.023810
0 0.702857 0.277619 0.008571 0.016190
0 0.606071 0.277619 0.007857 0.018095
0 0.642500 0.213333 0.003571 0.009524
0 0.621071 0.196667 0.003571 0.006667
0 0.566070 0.221905 0.006429 0.013333
0 0.525357 0.203333 0.003571 0.011429
0 0.426429 0.230952 0.004286 0.012381
0 0.044286 0.468095 0.027043 0.039048
0 0.021786 0.392381 0.015000 0.034286
0 0.053214 0.385714 0.010714 0.034286
0 0.060714 0.383810 0.015714 0.038095
0 0.220786 0.341905 0.009286 0.024762
0 0.223929 0.330905 0.012143 0.023810
0 0.230000 0.330952 0.008570 0.025714
0 0.280786 0.257619 0.005000 0.016190
0 0.303929 0.272381 0.006429 0.019048
0 0.332043 0.277619 0.005714 0.021905
0 0.337857 0.277043 0.007143 0.019048
0 0.344643 0.278095 0.006429 0.009048
0 0.352043 0.272857 0.008571 0.021905
0 0.346786 0.252380 0.003571 0.017143
0 0.337857 0.257043 0.005714 0.019048
0 0.380786 0.239048 0.006429 0.013333
0 0.370786 0.247143 0.005000 0.012381
0 0.373929 0.243800 0.006429 0.015238
0 0.420357 0.202381 0.003571 0.013333
0 0.448204 0.192857 0.005000 0.012381
0 0.472043 0.186190 0.004286 0.008571
0 0.467857 0.087143 0.002857 0.010476
0 0.465000 0.088095 0.004286 0.010476
0 0.460429 0.192857 0.002857 0.008571
0 0.458204 0.193333 0.005000 0.009524
