0 0.633204 0.302857 0.007857 0.019048
0 0.726429 0.240952 0.005704 0.015238
0 0.709643 0.239048 0.006429 0.015238
0 0.952500 0.283333 0.007857 0.020905
0 0.837143 0.362857 0.008571 0.017143
0 0.783214 0.721905 0.017857 0.036190
0 0.823929 0.593810 0.016429 0.027619
0 0.849286 0.819524 0.024286 0.042857
0 0.855714 0.855238 0.022857 0.043810
0 0.814643 0.584762 0.019286 0.032381
0 0.966786 0.719048 0.025000 0.040000
0 0.989286 0.733810 0.018571 0.035238
0 0.753204 0.594286 0.010714 0.032381
0 0.753204 0.579048 0.010714 0.030476
0 0.368204 0.400952 0.007857 0.024762
0 0.352143 0.410952 0.008571 0.020000
0 0.062143 0.369048 0.007143 0.020000
