0 0.495303 0.222171 0.003132 0.008349
0 0.171190 0.897495 0.009395 0.025046
0 0.305846 0.777829 0.009395 0.028757
0 0.329332 0.879870 0.008351 0.028757
0 0.605950 0.644712 0.006263 0.016698
0 0.559238 0.467996 0.005741 0.015770
0 0.548800 0.423006 0.003653 0.012987
0 0.336117 0.268089 0.003132 0.007421
0 0.324896 0.277365 0.004697 0.009276
0 0.354645 0.108998 0.002610 0.006494
0 0.855689 0.943878 0.007829 0.021336
0 0.939457 0.945269 0.007307 0.027829
0 0.897443 0.942486 0.005741 0.024119
0 0.902662 0.944341 0.004697 0.020408
0 0.458246 0.074202 0.002088 0.009276
0 0.455015 0.072356 0.002088 0.009276
0 0.457203 0.063544 0.002088 0.008349
0 0.943372 0.627087 0.006785 0.022263
