0 0.265000 0.880000 0.020000 0.040000
0 0.365714 0.568571 0.007143 0.011429
0 0.352143 0.589524 0.007143 0.015238
0 0.295357 0.590429 0.010714 0.026667
0 0.333929 0.618095 0.007857 0.013333
0 0.344286 0.620000 0.007143 0.017143
0 0.355357 0.621429 0.007857 0.014286
0 0.292143 0.781429 0.012857 0.020000
0 0.340000 0.809524 0.010000 0.019048
0 0.315357 0.816190 0.012143 0.019048
0 0.235714 0.864286 0.012857 0.035238
0 0.062143 0.884762 0.022857 0.040000
0 0.353929 0.821905 0.009286 0.019048
0 0.904286 0.748570 0.008571 0.028571
0 0.906071 0.752381 0.012143 0.036190
0 0.985000 0.837143 0.020000 0.028571
0 0.390000 0.227609 0.002857 0.009524
0 0.397857 0.206190 0.002857 0.007619
