0 0.222857 0.911429 0.008571 0.020952
0 0.202500 0.907619 0.010714 0.022857
0 0.555357 0.623810 0.007857 0.015238
0 0.605357 0.526667 0.003571 0.011429
0 0.531429 0.672857 0.005714 0.014286
0 0.608571 0.443333 0.007143 0.014286
0 0.609643 0.466667 0.006429 0.017143
0 0.662500 0.407619 0.005000 0.015238
0 0.613214 0.526667 0.005000 0.013333
0 0.271071 0.546667 0.005000 0.020952
0 0.280714 0.550000 0.005714 0.020000
0 0.670714 0.338095 0.005714 0.013333
0 0.689286 0.334286 0.005714 0.011429
0 0.620357 0.248095 0.005000 0.010476
0 0.680357 0.184762 0.003571 0.007619
0 0.704286 0.158571 0.002857 0.006667
0 0.632857 0.060476 0.002857 0.010476
0 0.695704 0.152857 0.004286 0.010476
0 0.692043 0.152381 0.002857 0.011429
0 0.689643 0.058095 0.002143 0.009524
0 0.687500 0.062381 0.003571 0.010476
0 0.680704 0.150952 0.004286 0.010476
0 0.796071 0.109524 0.002143 0.005714
0 0.723204 0.090000 0.002143 0.008571
0 0.777043 0.183810 0.004286 0.013333
