0 0.927043 0.156190 0.008571 0.013333
0 0.858204 0.180000 0.007857 0.013333
0 0.852043 0.240476 0.010000 0.020000
0 0.833214 0.274286 0.009286 0.013333
0 0.844643 0.280476 0.006429 0.004286
0 0.873929 0.338570 0.009286 0.016190
0 0.857500 0.362380 0.009286 0.012381
0 0.869286 0.422381 0.010000 0.010476
0 0.859286 0.428095 0.007043 0.012381
0 0.925357 0.723333 0.009286 0.018095
0 0.587043 0.117619 0.007143 0.016190
0 0.564643 0.300905 0.005000 0.013333
0 0.603929 0.069524 0.006429 0.019048
0 0.635000 0.074762 0.005704 0.021905
0 0.603929 0.047619 0.006429 0.020952
0 0.594643 0.083810 0.006429 0.019048
0 0.526070 0.374286 0.005000 0.013333
0 0.592043 0.452857 0.007143 0.016190
0 0.508571 0.518095 0.005714 0.013333
0 0.501786 0.521905 0.006429 0.017143
0 0.506786 0.533810 0.005000 0.010476
0 0.553570 0.676667 0.008571 0.014286
0 0.475704 0.638571 0.005714 0.012381
0 0.576786 0.794762 0.009286 0.016190
0 0.529643 0.650476 0.009286 0.001429
0 0.592143 0.981905 0.014286 0.019048
0 0.392143 0.823333 0.010000 0.014286
0 0.183929 0.547143 0.012143 0.012381
0 0.157500 0.577619 0.010714 0.012381
0 0.110000 0.483333 0.010000 0.012381
