0 0.001514 0.965677 0.005741 0.027829
0 0.077766 0.985622 0.010438 0.021336
0 0.048278 0.754638 0.007829 0.023091
0 0.055324 0.757885 0.008350 0.016698
0 0.008267 0.044063 0.006263 0.013915
0 0.046450 0.030612 0.005219 0.014842
0 0.427092 0.446660 0.003653 0.023191
0 0.433194 0.456401 0.004175 0.012987
0 0.439718 0.457792 0.006785 0.010204
0 0.442850 0.449443 0.006785 0.012059
0 0.434760 0.446660 0.005219 0.010204
0 0.420668 0.426252 0.005219 0.017625
0 0.208424 0.050093 0.003653 0.014842
0 0.215031 0.045918 0.003132 0.012059
0 0.744259 0.665021 0.008351 0.029685
0 0.749207 0.698516 0.008873 0.029685
0 0.975470 0.275510 0.006263 0.016698
