0 0.359286 0.928570 0.020000 0.038095
0 0.350704 0.714286 0.021429 0.047619
0 0.408204 0.580952 0.013571 0.051429
0 0.433570 0.329524 0.015714 0.041905
0 0.420429 0.278571 0.011429 0.040952
0 0.406071 0.357143 0.015000 0.043810
0 0.354643 0.253333 0.005000 0.041905
0 0.387500 0.204286 0.013571 0.023810
0 0.373214 0.204286 0.012143 0.023810
0 0.376786 0.195714 0.010714 0.023810
0 0.942857 0.200476 0.024286 0.043810
0 0.769643 0.364286 0.009286 0.044762
0 0.972500 0.335238 0.006429 0.047619
0 0.975357 0.562380 0.027857 0.048571
0 0.923214 0.544762 0.017857 0.030476
