0 0.326070 0.145305 0.005000 0.019036
0 0.330429 0.145305 0.002857 0.019036
0 0.475357 0.005076 0.002043 0.010152
0 0.479286 0.008249 0.002857 0.006497
0 0.486070 0.013959 0.002143 0.015228
0 0.473570 0.012690 0.002857 0.012690
0 0.482500 0.007132 0.002143 0.013959
0 0.489286 0.032995 0.002857 0.007766
0 0.485704 0.036168 0.002857 0.019036
0 0.478929 0.046320 0.003570 0.019036
0 0.479643 0.023477 0.003570 0.016497
0 0.482857 0.046320 0.002857 0.006497
0 0.489286 0.053299 0.002857 0.007766
0 0.483570 0.033629 0.002857 0.016497
0 0.475357 0.045685 0.003570 0.015228
0 0.532500 0.053934 0.003571 0.008883
0 0.533204 0.051396 0.003571 0.013959
0 0.486429 0.068528 0.002857 0.007766
0 0.477043 0.078046 0.004286 0.016497
0 0.480429 0.083122 0.002857 0.016497
0 0.480000 0.084390 0.002857 0.011421
0 0.476429 0.011041 0.002857 0.016497
0 0.486786 0.095802 0.003571 0.019036
0 0.490357 0.086294 0.003570 0.017766
0 0.494643 0.086294 0.003570 0.015228
0 0.492043 0.092640 0.002857 0.015228
0 0.490704 0.105964 0.002857 0.016497
0 0.477043 0.123096 0.002857 0.015228
0 0.479643 0.044670 0.003571 0.017766
0 0.509643 0.136421 0.005000 0.016497
0 0.523204 0.144670 0.003571 0.015228
0 0.535000 0.057995 0.004286 0.016497
0 0.520786 0.161168 0.003571 0.017766
0 0.524286 0.068782 0.004286 0.017766
0 0.526070 0.182741 0.003571 0.022843
0 0.523929 0.203046 0.003570 0.020305
0 0.530357 0.206853 0.005000 0.020305
0 0.539286 0.220447 0.004286 0.024112
0 0.543570 0.270305 0.002857 0.020305
0 0.552043 0.275381 0.004286 0.020305
0 0.555000 0.293782 0.004286 0.020574
0 0.558929 0.290609 0.005000 0.020305
0 0.553929 0.326042 0.003571 0.017766
0 0.540786 0.315990 0.005000 0.020305
0 0.545000 0.304086 0.004286 0.019036
0 0.205714 0.406091 0.007143 0.017766
0 0.203214 0.444162 0.007857 0.020305
0 0.021429 0.516497 0.007143 0.017766
0 0.037857 0.505076 0.007143 0.020305
0 0.144286 0.500635 0.008571 0.011421
0 0.054286 0.720178 0.010000 0.021574
0 0.061786 0.749365 0.010714 0.024112
0 0.205357 0.762056 0.006429 0.026650
0 0.208570 0.776650 0.007143 0.025381
0 0.202857 0.799492 0.008571 0.020305
0 0.222043 0.794416 0.008571 0.022843
0 0.223929 0.787437 0.000714 0.026650
0 0.240357 0.780091 0.006429 0.024112
0 0.223929 0.770574 0.007857 0.025381
0 0.225000 0.765863 0.000000 0.024112
0 0.268570 0.814721 0.011429 0.022843
0 0.269643 0.797589 0.007857 0.020574
0 0.265000 0.775380 0.008571 0.025381
0 0.277043 0.755076 0.012857 0.022843
0 0.280704 0.815355 0.012857 0.026650
0 0.283204 0.826777 0.009286 0.024112
0 0.292500 0.805990 0.007857 0.025381
0 0.302043 0.825508 0.011429 0.024112
0 0.325000 0.800914 0.010000 0.025381
0 0.346070 0.851523 0.009286 0.022843
0 0.346070 0.841371 0.006429 0.020305
0 0.299286 0.735406 0.000000 0.024112
0 0.320000 0.755701 0.008571 0.024112
0 0.327500 0.783629 0.009286 0.024012
0 0.360071 0.829949 0.009286 0.022843
0 0.348929 0.807740 0.007857 0.024112
0 0.350429 0.802030 0.007143 0.022843
0 0.348204 0.797589 0.006429 0.026650
0 0.350704 0.799492 0.007143 0.027919
0 0.354643 0.796954 0.005000 0.025380
0 0.363570 0.821066 0.008571 0.022843
0 0.363929 0.806624 0.006429 0.026650
0 0.366070 0.800127 0.007857 0.024112
0 0.340071 0.777284 0.009286 0.024112
0 0.345357 0.765228 0.009286 0.020305
0 0.350704 0.770305 0.007143 0.020305
0 0.360704 0.775381 0.005714 0.030457
0 0.362500 0.768400 0.009286 0.021574
0 0.377043 0.778553 0.007143 0.021574
0 0.378570 0.774112 0.007143 0.025381
0 0.388929 0.785533 0.005000 0.022843
0 0.387043 0.755711 0.007143 0.021574
0 0.405704 0.762690 0.005714 0.022843
0 0.404286 0.824873 0.005714 0.027919
0 0.450704 0.828046 0.007143 0.026650
0 0.450704 0.822335 0.005714 0.030457
0 0.464286 0.808376 0.004286 0.025380
0 0.485704 0.800127 0.005714 0.024112
0 0.488204 0.809010 0.005000 0.024112
0 0.493929 0.779822 0.003570 0.019036
0 0.502500 0.765228 0.007857 0.025380
0 0.501071 0.746193 0.007857 0.022843
0 0.527500 0.744289 0.007857 0.024012
0 0.464643 0.758249 0.006429 0.020574
0 0.466070 0.753807 0.007857 0.022843
0 0.482857 0.693528 0.008570 0.021574
0 0.483929 0.687083 0.006429 0.021574
0 0.460786 0.626904 0.007857 0.022843
0 0.496070 0.620558 0.005000 0.025381
0 0.502043 0.618020 0.005714 0.022843
0 0.777857 0.974609 0.008571 0.027919
0 0.806070 0.894036 0.007857 0.019036
0 0.728570 0.924492 0.007143 0.026650
0 0.734286 0.928299 0.007043 0.026650
0 0.722500 0.853426 0.007857 0.029088
0 0.748204 0.758249 0.010714 0.024112
0 0.736786 0.678299 0.006429 0.020574
0 0.772043 0.670051 0.007143 0.022843
0 0.887043 0.449239 0.007143 0.022843
0 0.884286 0.443528 0.005704 0.021574
0 0.873570 0.447335 0.004286 0.019036
0 0.866070 0.437817 0.007857 0.020305
0 0.826429 0.449239 0.000000 0.022843
0 0.802857 0.446066 0.008571 0.024112
0 0.772043 0.465736 0.008571 0.020305
0 0.770704 0.459391 0.005714 0.022843
0 0.756786 0.450142 0.006429 0.021574
0 0.665704 0.467005 0.007143 0.020305
0 0.667500 0.474609 0.009286 0.022843
0 0.604643 0.440990 0.005000 0.021574
0 0.608204 0.448604 0.003571 0.021574
0 0.605000 0.440355 0.005704 0.022843
0 0.555357 0.605330 0.005000 0.022843
0 0.572043 0.583756 0.004286 0.022843
0 0.575704 0.578046 0.005714 0.024112
0 0.575704 0.432741 0.004286 0.020305
0 0.570429 0.434010 0.004286 0.020305
0 0.547857 0.458756 0.004286 0.024012
0 0.559643 0.460660 0.005000 0.022843
0 0.563929 0.460929 0.005000 0.017766
0 0.560357 0.450508 0.003570 0.020305
0 0.530000 0.345802 0.005714 0.021574
0 0.536429 0.354695 0.004286 0.020574
0 0.518929 0.352792 0.006429 0.015228
0 0.500357 0.371827 0.005000 0.020305
0 0.502857 0.381980 0.005714 0.020305
0 0.545357 0.399746 0.005000 0.007766
0 0.524286 0.454949 0.004286 0.020574
0 0.507043 0.419416 0.005714 0.019036
0 0.494643 0.539340 0.005000 0.022843
0 0.488204 0.513959 0.006429 0.020305
0 0.483204 0.488579 0.005000 0.022843
0 0.465000 0.557740 0.007143 0.024112
0 0.390071 0.675127 0.006429 0.027919
0 0.407043 0.666244 0.008571 0.022843
0 0.379286 0.663070 0.008571 0.024112
0 0.400786 0.649746 0.007857 0.022843
0 0.335704 0.647843 0.007143 0.024112
0 0.296429 0.670685 0.008570 0.024112
0 0.240429 0.647843 0.007143 0.024112
0 0.256070 0.627538 0.007857 0.024112
0 0.256070 0.609137 0.006429 0.022843
0 0.286429 0.570066 0.008571 0.025381
0 0.308929 0.592005 0.006429 0.020574
0 0.420357 0.607868 0.007857 0.025380
0 0.437857 0.570701 0.005714 0.024112
0 0.433204 0.541244 0.006429 0.026650
0 0.458929 0.505228 0.005000 0.022843
0 0.466070 0.489848 0.005000 0.022843
0 0.430786 0.484137 0.005000 0.024112
0 0.393570 0.564721 0.007143 0.020305
0 0.404643 0.553299 0.006429 0.020305
0 0.403204 0.545685 0.005000 0.020305
0 0.396786 0.549492 0.005000 0.025380
0 0.360704 0.567893 0.004286 0.026650
0 0.363204 0.561548 0.007857 0.021574
0 0.354643 0.543782 0.005000 0.020574
0 0.345357 0.533629 0.005000 0.009036
0 0.368570 0.510152 0.008571 0.025381
0 0.378204 0.504442 0.005000 0.021574
0 0.353204 0.494924 0.006429 0.020305
0 0.284286 0.486675 0.005704 0.019036
0 0.308571 0.508249 0.005714 0.021574
0 0.306071 0.506980 0.005000 0.021574
0 0.227857 0.423223 0.005704 0.019036
0 0.226070 0.430838 0.005000 0.019036
0 0.239286 0.452401 0.007143 0.021574
0 0.240429 0.447335 0.007143 0.021574
0 0.239643 0.442893 0.006429 0.022843
0 0.240786 0.438452 0.006429 0.021574
0 0.386429 0.504442 0.005704 0.021574
0 0.386429 0.508883 0.004286 0.025380
0 0.402500 0.503959 0.005000 0.020305
0 0.400071 0.506980 0.005000 0.021574
0 0.396786 0.502538 0.006429 0.022843
0 0.394643 0.500635 0.005000 0.003959
0 0.396429 0.493020 0.004286 0.024012
0 0.405000 0.506345 0.007143 0.022843
0 0.290786 0.420685 0.005000 0.021574
0 0.295357 0.428299 0.005000 0.024012
0 0.293570 0.418147 0.005714 0.024112
0 0.308570 0.429569 0.007143 0.019036
0 0.320000 0.442893 0.004286 0.002690
0 0.322857 0.435279 0.007043 0.020305
0 0.334286 0.459390 0.007143 0.025381
0 0.370429 0.460660 0.007143 0.020305
0 0.350429 0.455584 0.005714 0.017766
0 0.333570 0.424492 0.005714 0.019036
0 0.340704 0.434645 0.004286 0.021574
0 0.349286 0.447335 0.004286 0.024012
0 0.349643 0.428934 0.005000 0.007766
0 0.347500 0.409416 0.006429 0.019036
0 0.356429 0.405457 0.004286 0.024012
0 0.356071 0.397843 0.003571 0.016497
0 0.367500 0.397843 0.007857 0.020574
0 0.367500 0.394670 0.005000 0.020305
0 0.378570 0.395305 0.007143 0.021574
0 0.385000 0.405457 0.007043 0.021574
0 0.360704 0.438452 0.007143 0.021574
0 0.359643 0.434000 0.006429 0.020305
0 0.360357 0.430838 0.006429 0.024012
0 0.359643 0.420320 0.005000 0.020305
0 0.368570 0.421320 0.008571 0.022843
0 0.373570 0.427030 0.007143 0.021574
0 0.376429 0.440990 0.005704 0.019036
0 0.387857 0.446066 0.004286 0.020574
0 0.400429 0.454315 0.007143 0.020305
0 0.390786 0.438452 0.003571 0.024112
0 0.388929 0.434645 0.003570 0.021574
0 0.387043 0.407995 0.004286 0.019036
0 0.393929 0.403553 0.006429 0.022843
0 0.402500 0.407995 0.003571 0.008883
0 0.400714 0.444162 0.005714 0.025381
0 0.406071 0.427030 0.005000 0.019036
0 0.407857 0.430203 0.005714 0.020305
0 0.409286 0.408629 0.005714 0.020305
0 0.420704 0.410533 0.004286 0.021574
0 0.442857 0.422589 0.007043 0.020305
0 0.427857 0.425027 0.004286 0.025381
0 0.426070 0.423858 0.006429 0.017766
0 0.427043 0.399746 0.005714 0.020305
0 0.427500 0.390497 0.003571 0.021574
0 0.429643 0.395305 0.003570 0.024112
0 0.446070 0.413706 0.005000 0.022843
0 0.450704 0.433376 0.005714 0.013959
0 0.452500 0.427030 0.006429 0.020574
0 0.446070 0.403553 0.005000 0.022843
0 0.447500 0.397843 0.005000 0.024012
0 0.458570 0.399112 0.007143 0.021574
0 0.465357 0.397208 0.006429 0.022843
0 0.470357 0.399012 0.007857 0.021574
0 0.464643 0.407513 0.006429 0.020305
0 0.472500 0.427030 0.007857 0.020574
0 0.487043 0.439086 0.008571 0.020305
0 0.488570 0.419416 0.004286 0.021574
0 0.484643 0.402909 0.005000 0.016497
0 0.488570 0.392132 0.005714 0.015228
