0 0.081250 0.201667 0.007500 0.014000
0 0.089000 0.213000 0.005000 0.011333
0 0.355250 0.260333 0.004500 0.012000
0 0.400000 0.283000 0.006000 0.014000
0 0.396250 0.290333 0.006500 0.009333
0 0.512500 0.295667 0.007000 0.014000
0 0.087250 0.143333 0.005500 0.014667
0 0.201000 0.196667 0.005000 0.013333
0 0.220250 0.105000 0.004500 0.011333
0 0.224000 0.098667 0.004000 0.008000
0 0.209750 0.103333 0.004500 0.010667
0 0.230750 0.009333 0.004500 0.013333
0 0.229750 0.108333 0.002500 0.008667
0 0.224250 0.096667 0.003500 0.002000
