0 0.406429 0.677665 0.005714 0.032995
0 0.560704 0.634518 0.005714 0.030457
0 0.567857 0.640863 0.005704 0.027919
0 0.572857 0.601675 0.007143 0.027919
0 0.540071 0.296954 0.005000 0.022843
0 0.430000 0.345078 0.004286 0.025381
0 0.432043 0.262690 0.004286 0.025381
0 0.439286 0.230330 0.004286 0.020574
0 0.440429 0.185279 0.004286 0.017766
0 0.453570 0.147843 0.002857 0.016497
0 0.468204 0.161168 0.005000 0.020305
0 0.498570 0.147208 0.002857 0.017766
0 0.469286 0.026269 0.002857 0.016497
0 0.500429 0.073604 0.002857 0.015228
0 0.500786 0.123096 0.003571 0.017766
0 0.480429 0.144670 0.004286 0.015228
0 0.478929 0.033249 0.003571 0.017766
0 0.482043 0.133883 0.002857 0.016497
0 0.483929 0.028807 0.003571 0.016497
0 0.487500 0.027538 0.003571 0.016497
0 0.546786 0.056726 0.003571 0.016497
0 0.547043 0.160533 0.004286 0.011421
0 0.509643 0.028173 0.002143 0.007614
0 0.501786 0.124365 0.003571 0.017766
0 0.508204 0.092005 0.003571 0.016497
0 0.505357 0.104061 0.003571 0.017766
0 0.506786 0.116751 0.003571 0.017766
0 0.509643 0.119924 0.003571 0.016497
0 0.520704 0.114848 0.004286 0.019036
0 0.524286 0.016751 0.002857 0.017766
0 0.533204 0.109772 0.003571 0.016497
0 0.544643 0.005964 0.003571 0.016497
