0 0.650429 0.795685 0.007143 0.030457
0 0.263929 0.509670 0.006429 0.026650
0 0.267857 0.522208 0.007043 0.029188
0 0.300714 0.418782 0.007143 0.030457
0 0.308204 0.449239 0.006429 0.025381
0 0.338929 0.437807 0.007857 0.025381
0 0.295704 0.519036 0.007143 0.027919
0 0.290704 0.543147 0.005714 0.025381
0 0.300429 0.529822 0.007143 0.024112
0 0.390000 0.502690 0.008571 0.040609
0 0.230000 0.847706 0.014286 0.055838
0 0.258570 0.833122 0.017143 0.046954
0 0.256786 0.855964 0.005000 0.049492
0 0.267857 0.870827 0.015714 0.040609
0 0.442043 0.789340 0.017143 0.050761
0 0.447857 0.802030 0.004286 0.043147
0 0.670704 0.711929 0.011429 0.048223
0 0.642500 0.687083 0.009286 0.049492
0 0.772043 0.647208 0.010000 0.045685
0 0.892500 0.395305 0.009286 0.036802
0 0.688570 0.444797 0.011429 0.036802
0 0.688214 0.438452 0.006429 0.021574
0 0.630357 0.307740 0.005000 0.016497
0 0.633570 0.308376 0.004286 0.020305
0 0.477857 0.028807 0.002857 0.016497
0 0.528204 0.012056 0.002143 0.011421
0 0.530000 0.001421 0.002857 0.012690
0 0.490704 0.099619 0.002857 0.016497
0 0.493204 0.080584 0.002143 0.013959
0 0.495357 0.084390 0.002143 0.011421
0 0.498204 0.082487 0.002143 0.012690
