0 0.250750 0.887667 0.032500 0.070000
0 0.340500 0.899667 0.026000 0.070333
0 0.379250 0.907333 0.026500 0.080000
0 0.301750 0.854333 0.021500 0.050000
0 0.990750 0.320667 0.014500 0.034667
0 0.794500 0.272333 0.001000 0.028667
0 0.840500 0.262333 0.009000 0.028667
0 0.847000 0.262333 0.008000 0.027333
0 0.869750 0.265000 0.007500 0.024667
0 0.842750 0.250333 0.000500 0.026000
0 0.805000 0.263667 0.008000 0.026000
0 0.800250 0.254333 0.008500 0.022000
0 0.401000 0.252000 0.009000 0.017333
0 0.440500 0.207000 0.006000 0.020667
0 0.430250 0.092667 0.004500 0.004667
0 0.436000 0.092333 0.006000 0.004000
0 0.433750 0.089667 0.004500 0.004000
0 0.474750 0.064333 0.003500 0.007333
0 0.564750 0.048333 0.003500 0.007333
0 0.574250 0.058000 0.003500 0.006667
0 0.566750 0.039667 0.003500 0.000000
0 0.569000 0.039667 0.002000 0.008667
0 0.580000 0.056667 0.003000 0.010667
0 0.578000 0.033000 0.002000 0.007333
0 0.594000 0.044667 0.002000 0.009333
0 0.599000 0.050667 0.002000 0.000667
0 0.576750 0.047667 0.002500 0.000000
0 0.587000 0.057000 0.002000 0.001333
0 0.603000 0.060667 0.004000 0.010667
0 0.671000 0.073667 0.003000 0.008667
0 0.674500 0.067333 0.003000 0.005333
