0 0.227250 0.851667 0.008500 0.022000
0 0.228750 0.859000 0.003500 0.047333
0 0.568250 0.643333 0.012500 0.020000
0 0.576500 0.624667 0.006000 0.025333
0 0.582250 0.624667 0.007500 0.029333
0 0.501250 0.535333 0.005500 0.014667
0 0.508250 0.402667 0.000500 0.008000
0 0.483000 0.389000 0.002000 0.004667
0 0.344250 0.975667 0.014500 0.048667
0 0.365250 0.976667 0.015500 0.046667
0 0.767250 0.686667 0.009500 0.026667
0 0.723250 0.634000 0.007500 0.020000
0 0.360000 0.431667 0.004000 0.011333
0 0.503500 0.402667 0.002000 0.009333
