0 0.054286 0.257143 0.015714 0.026667
0 0.072500 0.329524 0.022143 0.030476
0 0.067500 0.420476 0.025000 0.012381
0 0.090429 0.349048 0.030000 0.031429
0 0.095704 0.331429 0.027143 0.032381
0 0.079643 0.332380 0.027857 0.032381
0 0.084286 0.577043 0.035714 0.032381
0 0.337500 0.026667 0.002143 0.034286
0 0.490071 0.019048 0.010714 0.036190
0 0.504286 0.011429 0.010000 0.022857
0 0.440357 0.418095 0.022143 0.030476
0 0.479643 0.450476 0.006429 0.030476
0 0.544286 0.395704 0.011429 0.031429
0 0.590071 0.421905 0.012143 0.040000
0 0.607143 0.362381 0.014286 0.037143
0 0.432857 0.640429 0.020000 0.029524
0 0.439286 0.620000 0.020000 0.028570
0 0.020786 0.933333 0.043571 0.024762
0 0.000000 0.911429 0.020000 0.022857
