0 0.320000 0.485333 0.020000 0.064000
0 0.443750 0.205333 0.009500 0.021333
0 0.441750 0.172333 0.005500 0.015333
0 0.425000 0.170667 0.006000 0.016000
0 0.400750 0.186333 0.007500 0.019333
0 0.387250 0.015667 0.003500 0.010000
0 0.379250 0.014667 0.003500 0.012000
0 0.382000 0.015333 0.003000 0.010667
0 0.384000 0.014000 0.003000 0.012000
0 0.631500 0.146333 0.005000 0.008667
0 0.600250 0.141667 0.005500 0.016667
0 0.554250 0.027000 0.004500 0.012667
0 0.577750 0.023333 0.002500 0.013333
0 0.437250 0.065000 0.000500 0.004667
0 0.443750 0.067667 0.001500 0.003333
