0 0.220704 0.741117 0.008571 0.025381
0 0.268570 0.472081 0.004286 0.022843
0 0.036786 0.578680 0.007857 0.027919
0 0.033571 0.489848 0.007143 0.025381
0 0.052143 0.477792 0.007143 0.021574
0 0.040000 0.413071 0.008571 0.021574
0 0.046429 0.414340 0.004286 0.016497
0 0.252857 0.353426 0.005704 0.021574
0 0.204643 0.324239 0.005000 0.020574
0 0.223570 0.332487 0.004286 0.012690
0 0.289286 0.296320 0.004286 0.009036
0 0.293929 0.296320 0.005000 0.020574
0 0.298929 0.257604 0.003571 0.017766
0 0.296070 0.212563 0.005000 0.019036
0 0.296786 0.203198 0.003571 0.017766
0 0.256429 0.000787 0.004286 0.016497
0 0.236070 0.010152 0.032143 0.020305
0 0.260357 0.003325 0.003571 0.013959
0 0.265000 0.009036 0.002857 0.012690
0 0.266786 0.004594 0.002143 0.013959
0 0.269643 0.020305 0.002043 0.015228
0 0.280704 0.052030 0.002857 0.015228
0 0.284286 0.049492 0.002857 0.002690
0 0.266786 0.053934 0.005000 0.001421
0 0.258204 0.057107 0.005000 0.015228
0 0.629643 0.006980 0.003571 0.013959
