0 0.892500 0.932380 0.023571 0.036190
0 0.870786 0.915714 0.022143 0.037143
0 0.827500 0.860952 0.009286 0.038095
0 0.845357 0.740952 0.005000 0.028571
0 0.850786 0.745714 0.016429 0.028571
0 0.750071 0.833333 0.017857 0.038095
0 0.707500 0.831429 0.016429 0.036190
0 0.729286 0.838095 0.004286 0.038095
0 0.736786 0.820000 0.005000 0.030476
0 0.735000 0.790476 0.005714 0.032381
0 0.709643 0.788571 0.015000 0.041905
0 0.629643 0.768570 0.010714 0.032381
0 0.606429 0.787619 0.015714 0.038095
0 0.607043 0.804286 0.015714 0.035238
0 0.627043 0.910000 0.011429 0.039048
0 0.603929 0.920476 0.017857 0.037143
0 0.772857 0.608571 0.015714 0.023810
0 0.794643 0.606190 0.013571 0.022857
0 0.784286 0.603800 0.012857 0.026667
0 0.757500 0.590429 0.010714 0.026667
0 0.703204 0.470476 0.010714 0.026667
0 0.695704 0.470476 0.010000 0.028571
0 0.665704 0.459048 0.007143 0.022857
0 0.648929 0.454286 0.007857 0.009048
0 0.650429 0.429048 0.011429 0.023810
0 0.658929 0.424762 0.006429 0.020952
0 0.673570 0.421905 0.010000 0.024762
0 0.678929 0.399048 0.007857 0.028570
0 0.635704 0.388571 0.008571 0.026667
0 0.660704 0.370476 0.008571 0.028571
0 0.698929 0.394286 0.009286 0.026667
0 0.704286 0.395238 0.008570 0.026667
0 0.709286 0.432857 0.008571 0.031429
0 0.705357 0.426190 0.009286 0.029524
0 0.726786 0.426667 0.000714 0.028571
0 0.705357 0.408571 0.009286 0.028571
0 0.977857 0.605238 0.018571 0.028571
0 0.936070 0.611429 0.017857 0.032381
0 0.869286 0.577043 0.015714 0.028571
0 0.875704 0.575714 0.014286 0.029524
0 0.523929 0.974762 0.005000 0.039048
0 0.502500 0.985238 0.009286 0.029524
0 0.460000 0.802380 0.020000 0.037143
0 0.433929 0.787043 0.012143 0.039048
0 0.443929 0.780429 0.012143 0.039048
0 0.536786 0.749048 0.000714 0.029524
0 0.546429 0.746667 0.002857 0.030476
0 0.556429 0.736667 0.000000 0.029524
0 0.563570 0.730952 0.011429 0.029524
0 0.430429 0.671905 0.011429 0.033333
0 0.406429 0.708095 0.010000 0.031429
0 0.424286 0.704762 0.000000 0.030476
0 0.326070 0.691905 0.015000 0.031429
0 0.347500 0.709524 0.013571 0.037143
0 0.360000 0.708571 0.012857 0.035238
0 0.380357 0.706190 0.010714 0.030476
0 0.388929 0.704762 0.009286 0.029524
0 0.397500 0.652857 0.000714 0.031429
0 0.406786 0.639048 0.012143 0.036190
0 0.365704 0.575238 0.011429 0.030476
0 0.375000 0.570952 0.000000 0.029524
0 0.398204 0.535238 0.012143 0.028571
0 0.402857 0.528570 0.008571 0.028571
0 0.402857 0.522857 0.011429 0.034286
0 0.348929 0.505238 0.012143 0.032381
0 0.357500 0.508095 0.010714 0.030476
0 0.367043 0.514286 0.010000 0.028571
0 0.373204 0.510000 0.010714 0.029524
0 0.349643 0.490952 0.007857 0.025704
0 0.357500 0.487043 0.009286 0.027619
0 0.320071 0.486190 0.009286 0.029524
0 0.330786 0.484762 0.010714 0.028571
0 0.325704 0.465714 0.008571 0.022857
0 0.333204 0.467143 0.009286 0.025714
0 0.328204 0.450952 0.007857 0.023810
0 0.335704 0.450952 0.010000 0.027619
0 0.337500 0.434286 0.007857 0.026667
0 0.326429 0.422380 0.007143 0.025714
0 0.328570 0.359524 0.008571 0.023810
0 0.335357 0.359048 0.007857 0.020952
0 0.305000 0.358570 0.008571 0.021905
0 0.298929 0.360000 0.007857 0.022857
0 0.289286 0.389048 0.008570 0.025714
0 0.024286 0.975704 0.032857 0.039048
0 0.006786 0.972380 0.013571 0.038095
