0 0.887043 0.781905 0.014286 0.030476
0 0.853204 0.755238 0.017857 0.032381
0 0.770704 0.693810 0.018571 0.031429
0 0.782043 0.694286 0.014286 0.032381
0 0.625357 0.588570 0.012143 0.024762
0 0.630429 0.587619 0.010000 0.022857
0 0.637043 0.581429 0.011429 0.025714
0 0.572500 0.546090 0.010714 0.023810
0 0.578929 0.543800 0.009286 0.022857
0 0.528929 0.540429 0.007857 0.027619
0 0.530704 0.534286 0.007143 0.026667
0 0.403214 0.482381 0.006429 0.023810
0 0.422043 0.479048 0.005714 0.024762
0 0.427857 0.480476 0.005704 0.027619
0 0.433570 0.480952 0.007143 0.022857
0 0.422500 0.473333 0.006429 0.022857
0 0.452043 0.470952 0.007143 0.020000
0 0.462043 0.412857 0.007143 0.023810
0 0.206429 0.460476 0.007043 0.020000
0 0.225000 0.443333 0.008570 0.023810
0 0.264286 0.460952 0.005704 0.020952
0 0.260786 0.455238 0.006429 0.020952
0 0.296429 0.454286 0.008570 0.019048
0 0.296786 0.448570 0.010714 0.019048
0 0.293204 0.426190 0.007857 0.018095
0 0.296070 0.424286 0.007857 0.018095
0 0.309286 0.395238 0.007043 0.019048
0 0.207857 0.300476 0.005704 0.012381
0 0.054286 0.230476 0.004286 0.013333
0 0.091429 0.219048 0.005714 0.011429
0 0.087500 0.216667 0.005000 0.010476
0 0.047500 0.219524 0.003571 0.012381
0 0.000357 0.225714 0.006429 0.011429
0 0.020000 0.206190 0.005714 0.013333
0 0.000357 0.206667 0.006429 0.013333
0 0.020071 0.161429 0.005000 0.008571
0 0.007500 0.162381 0.005000 0.008571
0 0.420071 0.311905 0.005000 0.016190
0 0.428929 0.302857 0.003571 0.012381
0 0.430704 0.305714 0.004286 0.013333
0 0.427500 0.307043 0.003571 0.012381
0 0.422500 0.305704 0.003571 0.015238
0 0.436786 0.297043 0.003571 0.015238
0 0.433570 0.297143 0.004286 0.015238
0 0.430786 0.249524 0.003571 0.009524
