0 0.350429 0.480476 0.007143 0.010476
0 0.400357 0.500000 0.006429 0.009524
0 0.252500 0.477609 0.009286 0.010476
0 0.086429 0.494762 0.011429 0.006667
0 0.232500 0.300429 0.009286 0.014286
0 0.080429 0.318571 0.014286 0.010476
0 0.395000 0.229524 0.007043 0.013333
0 0.402857 0.225704 0.007143 0.015238
0 0.390357 0.045238 0.007857 0.020000
0 0.383204 0.280000 0.007857 0.019048
0 0.389286 0.299048 0.008570 0.013333
0 0.372857 0.302857 0.007043 0.011429
0 0.304643 0.300905 0.010714 0.013333
0 0.307500 0.298570 0.005000 0.006667
0 0.092857 0.308571 0.012857 0.009524
0 0.073929 0.315714 0.015000 0.014286
0 0.091071 0.320000 0.013571 0.011429
0 0.392500 0.086667 0.006429 0.005238
0 0.385357 0.040000 0.006429 0.022857
0 0.373204 0.028095 0.007857 0.016190
0 0.058204 0.326667 0.013571 0.011429
0 0.073204 0.315238 0.009286 0.011429
0 0.168929 0.435714 0.012143 0.008571
0 0.134286 0.388571 0.008571 0.011429
0 0.161071 0.385238 0.010714 0.010476
0 0.289286 0.398571 0.012857 0.012381
0 0.259643 0.382381 0.009286 0.014286
0 0.185000 0.375238 0.011429 0.009524
0 0.379643 0.356667 0.010714 0.014286
0 0.354643 0.382857 0.007857 0.013333
0 0.345357 0.405238 0.009286 0.012381
0 0.315000 0.406667 0.010000 0.013333
0 0.328571 0.392857 0.008571 0.012381
0 0.408929 0.349524 0.007857 0.015238
0 0.438571 0.314286 0.010000 0.017143
0 0.452857 0.196667 0.005714 0.014286
0 0.462857 0.041905 0.005714 0.015238
0 0.416429 0.150000 0.008571 0.020000
0 0.476786 0.498095 0.006429 0.011429
0 0.185000 0.374286 0.008571 0.009524
0 0.187143 0.389048 0.008571 0.008571
0 0.214286 0.382857 0.008571 0.011429
