0 0.527500 0.588095 0.003571 0.018095
0 0.207143 0.569524 0.017143 0.020952
0 0.302043 0.466190 0.015714 0.025714
0 0.328204 0.472381 0.010714 0.019048
0 0.340786 0.481429 0.012143 0.023810
0 0.375704 0.519048 0.014286 0.020952
0 0.360704 0.475238 0.012857 0.020952
0 0.373929 0.479048 0.000714 0.024762
0 0.430071 0.453333 0.010714 0.026667
0 0.445357 0.448571 0.015000 0.020952
0 0.443204 0.489524 0.010714 0.022857
0 0.462857 0.501429 0.012857 0.024762
0 0.483570 0.517143 0.008571 0.019048
0 0.468929 0.477043 0.012143 0.024762
0 0.480714 0.495238 0.015714 0.020952
0 0.795357 0.450429 0.019286 0.019048
0 0.864286 0.453800 0.020000 0.018095
0 0.009643 0.209048 0.019286 0.026667
