0 0.275704 0.581429 0.004286 0.012381
0 0.287857 0.584762 0.004286 0.001429
0 0.238214 0.548571 0.003571 0.005714
0 0.014643 0.461429 0.003571 0.010476
0 0.058929 0.461429 0.002143 0.008571
0 0.070000 0.459524 0.002857 0.008571
0 0.056786 0.463810 0.002143 0.005714
0 0.704643 0.397043 0.002143 0.007619
0 0.707857 0.396667 0.002857 0.008570
0 0.605704 0.772857 0.002857 0.014286
0 0.587500 0.874762 0.006429 0.004286
0 0.592500 0.931905 0.005000 0.010476
0 0.499643 0.915714 0.009286 0.014286
0 0.656786 0.703810 0.005000 0.012381
0 0.605000 0.676667 0.004286 0.008571
0 0.528204 0.531905 0.003571 0.008571
0 0.402857 0.560952 0.002857 0.007619
0 0.408929 0.560429 0.002143 0.010476
0 0.611429 0.486190 0.002857 0.006667
0 0.616429 0.476667 0.002857 0.006667
0 0.604643 0.499524 0.005000 0.006667
0 0.430000 0.710000 0.005714 0.006667
