0 0.240357 0.552380 0.005000 0.022857
0 0.236429 0.549524 0.005704 0.020952
0 0.294643 0.640476 0.007857 0.029524
0 0.252857 0.637043 0.010000 0.028571
0 0.266786 0.702857 0.009286 0.026667
0 0.360000 0.732857 0.000000 0.031429
0 0.357043 0.683810 0.010000 0.034286
0 0.376786 0.667609 0.009286 0.036190
0 0.409643 0.599048 0.002143 0.032381
0 0.387500 0.422381 0.007857 0.016190
0 0.357857 0.406190 0.005714 0.014286
0 0.649643 0.449048 0.006429 0.014286
0 0.643570 0.329524 0.002857 0.017143
0 0.580000 0.357043 0.005714 0.017143
0 0.624286 0.320952 0.005704 0.015238
0 0.742857 0.700000 0.005714 0.015238
0 0.730704 0.452381 0.008571 0.020952
0 0.870429 0.808571 0.011429 0.032381
0 0.987500 0.778571 0.010714 0.016190
