0 0.008570 0.968909 0.004286 0.011421
0 0.008929 0.968274 0.002043 0.007614
0 0.001071 0.975254 0.003571 0.008883
0 0.005704 0.982868 0.005714 0.013959
0 0.200071 0.971447 0.003571 0.011421
0 0.200704 0.965102 0.002857 0.011421
0 0.262500 0.859037 0.003571 0.010152
0 0.270071 0.839467 0.003571 0.008883
0 0.340704 0.838832 0.002857 0.010152
0 0.328929 0.937807 0.002143 0.010152
0 0.332857 0.939720 0.002857 0.006345
0 0.333570 0.949239 0.002857 0.007614
0 0.438204 0.724619 0.002143 0.010152
0 0.440071 0.724619 0.002143 0.010152
0 0.443929 0.697970 0.002043 0.007614
0 0.280704 0.562817 0.002857 0.008883
0 0.284643 0.560279 0.002043 0.006345
0 0.450000 0.463832 0.000429 0.006345
0 0.453929 0.463832 0.002043 0.006345
0 0.509643 0.307259 0.002143 0.005076
0 0.570357 0.760421 0.003571 0.012690
