0 0.360357 0.950905 0.016429 0.037143
0 0.394286 0.985238 0.020000 0.029524
0 0.373204 0.993810 0.020714 0.012381
0 0.340704 0.989048 0.020000 0.021905
0 0.304643 0.982857 0.022043 0.034286
0 0.265357 0.975238 0.023570 0.036190
0 0.284286 0.948570 0.022857 0.040000
0 0.309643 0.931429 0.023571 0.047619
0 0.297857 0.922380 0.020000 0.044762
0 0.297500 0.876090 0.020714 0.047619
0 0.325000 0.860429 0.017143 0.040952
0 0.340071 0.864286 0.017857 0.054286
0 0.307500 0.817143 0.020714 0.045714
0 0.085714 0.806190 0.021429 0.042857
0 0.206786 0.794286 0.023570 0.040000
0 0.282857 0.779524 0.005714 0.042857
0 0.305357 0.772380 0.016429 0.043810
0 0.308571 0.770000 0.017143 0.044762
0 0.349643 0.757043 0.017857 0.045714
0 0.352043 0.726667 0.014286 0.038095
0 0.337500 0.724762 0.003571 0.034286
0 0.307500 0.704762 0.007857 0.041905
0 0.320429 0.698095 0.012857 0.041905
0 0.205000 0.672857 0.020000 0.040952
0 0.086429 0.683810 0.022857 0.045714
0 0.062500 0.692857 0.022143 0.039048
0 0.061071 0.583810 0.019286 0.040000
0 0.073214 0.570476 0.016429 0.036190
0 0.330704 0.612381 0.012857 0.034286
0 0.340357 0.600476 0.015000 0.041905
0 0.348929 0.600000 0.013571 0.042857
0 0.360071 0.612381 0.012143 0.038095
0 0.370704 0.612857 0.011429 0.039048
0 0.350429 0.573810 0.012857 0.039048
0 0.364286 0.576090 0.012857 0.036190
0 0.362857 0.566090 0.012857 0.039048
0 0.365357 0.532857 0.009286 0.029524
0 0.379643 0.538570 0.009286 0.035238
0 0.443929 0.572857 0.009286 0.033333
0 0.435704 0.566667 0.010000 0.030476
0 0.403571 0.508095 0.012857 0.033333
0 0.406070 0.508571 0.007857 0.032381
0 0.433929 0.420000 0.009286 0.030476
0 0.446429 0.406190 0.010000 0.030476
0 0.454643 0.409048 0.007857 0.032381
0 0.470000 0.398095 0.008570 0.028571
0 0.477500 0.356667 0.006429 0.025704
0 0.482857 0.359524 0.005704 0.027619
0 0.488929 0.360000 0.007857 0.024762
0 0.578570 0.460000 0.008571 0.032381
0 0.570429 0.458571 0.011429 0.029524
0 0.638570 0.397619 0.008571 0.027619
0 0.632500 0.393800 0.009286 0.027619
0 0.570429 0.356667 0.010000 0.027619
0 0.580357 0.359048 0.006429 0.028570
0 0.603571 0.363810 0.008571 0.026667
0 0.620000 0.360000 0.008570 0.026667
0 0.620704 0.338095 0.008571 0.024762
0 0.609643 0.301905 0.007857 0.023810
0 0.608214 0.311429 0.006429 0.024762
0 0.627857 0.305238 0.008571 0.022857
0 0.635000 0.308571 0.007143 0.025714
0 0.682500 0.334762 0.009286 0.027609
0 0.687857 0.336667 0.000000 0.027619
0 0.694643 0.299524 0.007857 0.025704
0 0.703571 0.294286 0.007143 0.013333
0 0.730071 0.230476 0.007857 0.020952
0 0.300704 0.330476 0.011429 0.020952
0 0.071786 0.415714 0.016429 0.035238
