0 0.116071 0.577411 0.006429 0.022843
0 0.078929 0.965102 0.007857 0.029188
0 0.036786 0.959391 0.010714 0.035533
0 0.043571 0.965102 0.011429 0.026650
0 0.045714 0.976523 0.011429 0.024112
0 0.388929 0.354060 0.006429 0.025381
0 0.492857 0.422589 0.005704 0.022843
0 0.509286 0.495558 0.005704 0.026650
0 0.504643 0.487944 0.005000 0.026650
0 0.480786 0.654822 0.005000 0.025381
0 0.572500 0.368655 0.006429 0.020574
0 0.596786 0.373096 0.007857 0.020305
0 0.633929 0.346447 0.006429 0.022843
0 0.738929 0.308528 0.005000 0.020305
0 0.745357 0.548858 0.006429 0.006497
0 0.896786 0.448604 0.006429 0.009036
0 0.903929 0.444162 0.005000 0.020305
