0 0.034643 0.406190 0.035000 0.060000
0 0.034643 0.848095 0.057857 0.048570
0 0.252143 0.904286 0.035714 0.040952
0 0.372500 0.958095 0.022043 0.062857
0 0.635357 0.971905 0.036429 0.039048
0 0.505000 0.762857 0.021429 0.040000
0 0.474643 0.773333 0.023570 0.049524
0 0.270704 0.252857 0.015714 0.050476
0 0.327857 0.262380 0.018571 0.050476
0 0.386070 0.249524 0.012143 0.045714
0 0.403929 0.291905 0.016429 0.046667
0 0.498570 0.315238 0.014286 0.049524
0 0.486786 0.350000 0.025000 0.042857
0 0.808570 0.012857 0.017143 0.025714
0 0.839286 0.030905 0.015714 0.039048
