0 0.496786 0.538095 0.002043 0.005714
0 0.488929 0.550905 0.002143 0.010476
0 0.553570 0.541905 0.001429 0.007619
0 0.553929 0.549524 0.002043 0.007619
0 0.542043 0.568571 0.002857 0.013333
0 0.546070 0.560952 0.002143 0.011429
0 0.575357 0.568095 0.003570 0.012381
0 0.695704 0.622381 0.005714 0.021905
0 0.695000 0.606667 0.005714 0.020000
0 0.409643 0.683810 0.006429 0.032381
0 0.407857 0.684286 0.007043 0.031429
0 0.295357 0.668095 0.006429 0.025704
0 0.204286 0.641429 0.007143 0.023810
0 0.098571 0.700000 0.007143 0.028571
0 0.094286 0.699048 0.005714 0.030476
0 0.004643 0.666667 0.007857 0.022857
0 0.005357 0.666190 0.007857 0.023810
0 0.045357 0.773333 0.006429 0.047619
