0 0.468929 0.879048 0.056429 0.240905
0 0.186429 0.620476 0.040000 0.061905
0 0.182500 0.595238 0.052143 0.080000
0 0.298929 0.373333 0.022143 0.051429
0 0.680786 0.337619 0.022143 0.067619
0 0.738929 0.297609 0.016429 0.063810
0 0.760357 0.308570 0.017857 0.066667
0 0.777500 0.297043 0.022143 0.074286
0 0.942043 0.262381 0.027143 0.069524
0 0.024286 0.285704 0.011429 0.020952
0 0.207500 0.247609 0.009286 0.022857
0 0.093929 0.220476 0.005000 0.010476
0 0.083571 0.227143 0.005714 0.016190
0 0.466070 0.280476 0.006429 0.018095
0 0.352857 0.259048 0.007043 0.017143
