0 0.087500 0.335704 0.012143 0.037143
0 0.490704 0.046190 0.004286 0.021905
0 0.507857 0.072381 0.005714 0.022857
0 0.498570 0.183810 0.005714 0.020952
0 0.469643 0.202381 0.005000 0.020952
0 0.483204 0.206190 0.005000 0.021905
0 0.477857 0.200000 0.005714 0.027619
0 0.760357 0.562380 0.010714 0.031429
0 0.746070 0.545238 0.012143 0.031429
0 0.475000 0.029048 0.002857 0.012381
0 0.478929 0.028571 0.003571 0.013333
0 0.486429 0.041905 0.002857 0.013333
0 0.356071 0.077619 0.005000 0.016190
0 0.380357 0.205238 0.007857 0.016190
