0 0.455000 0.405238 0.011429 0.036190
0 0.465000 0.409524 0.000000 0.038095
0 0.458929 0.237609 0.006429 0.023810
0 0.360704 0.226190 0.007143 0.021905
0 0.353929 0.224286 0.007857 0.020905
0 0.407043 0.119048 0.005714 0.017143
0 0.469643 0.263800 0.006429 0.026667
0 0.478929 0.260429 0.006429 0.023810
0 0.377500 0.015238 0.005000 0.017143
0 0.377857 0.230000 0.007143 0.016190
0 0.404643 0.066090 0.005000 0.012381
0 0.377500 0.093333 0.005000 0.003333
0 0.370429 0.101905 0.004286 0.013333
0 0.467500 0.037609 0.003571 0.010476
0 0.462043 0.037619 0.002857 0.008571
0 0.506429 0.561905 0.011429 0.034286
0 0.530357 0.634286 0.015000 0.032381
0 0.484286 0.496667 0.010000 0.037143
