0 0.334286 0.788570 0.014286 0.036190
0 0.350786 0.769524 0.016429 0.032381
0 0.368929 0.766667 0.000714 0.028571
0 0.372857 0.806667 0.011429 0.029524
0 0.380786 0.809524 0.015000 0.030476
0 0.669286 0.588570 0.010000 0.032381
0 0.675357 0.587043 0.012143 0.027619
0 0.685000 0.586090 0.012857 0.033333
0 0.677857 0.569524 0.001429 0.020952
0 0.683929 0.560000 0.000714 0.024762
0 0.669643 0.550476 0.000714 0.028571
0 0.747857 0.537043 0.012857 0.024762
0 0.750429 0.547143 0.014286 0.023810
0 0.687857 0.496090 0.008571 0.026667
0 0.692500 0.499524 0.000714 0.023810
0 0.689643 0.408095 0.000714 0.021905
0 0.594643 0.301429 0.007857 0.020952
0 0.662857 0.270476 0.008570 0.019048
0 0.590786 0.236190 0.007857 0.017143
0 0.692500 0.267043 0.009286 0.018095
0 0.706070 0.318095 0.009286 0.022857
0 0.840786 0.330000 0.009286 0.020000
0 0.836429 0.327609 0.011429 0.020952
0 0.800704 0.308571 0.007143 0.019048
0 0.790429 0.310952 0.010000 0.018095
0 0.798929 0.303333 0.006429 0.006190
0 0.787857 0.302380 0.008571 0.018095
0 0.786429 0.299524 0.005704 0.018095
0 0.780786 0.307619 0.009286 0.019048
0 0.777500 0.300905 0.007857 0.019048
0 0.774643 0.299048 0.009286 0.009048
0 0.757043 0.314286 0.008571 0.020952
0 0.754286 0.301905 0.008571 0.020000
0 0.749643 0.307609 0.009286 0.022857
0 0.743570 0.332381 0.008571 0.022857
0 0.739286 0.330952 0.008570 0.021905
0 0.734286 0.326667 0.008570 0.022857
0 0.724643 0.320905 0.010714 0.020952
0 0.720429 0.320000 0.008571 0.020952
0 0.707500 0.314762 0.007857 0.021905
0 0.690786 0.309048 0.007857 0.020000
0 0.690357 0.305238 0.009286 0.020905
0 0.669643 0.260000 0.009286 0.009048
0 0.670429 0.256190 0.007143 0.017143
0 0.554643 0.400000 0.000714 0.022857
0 0.552857 0.382380 0.010000 0.021905
0 0.553570 0.374286 0.007143 0.022857
0 0.503570 0.346667 0.008571 0.020952
0 0.475000 0.350000 0.008570 0.021905
0 0.509286 0.354286 0.008570 0.022857
0 0.500704 0.354286 0.007143 0.022857
0 0.530071 0.336667 0.006429 0.021905
0 0.540000 0.307143 0.005714 0.019048
0 0.543929 0.306190 0.005000 0.019048
0 0.453570 0.365714 0.007143 0.022857
0 0.442857 0.373800 0.008571 0.025714
0 0.445704 0.370000 0.008571 0.021905
0 0.467043 0.348095 0.008571 0.021905
0 0.468570 0.344286 0.007143 0.021905
0 0.479643 0.324762 0.007857 0.019048
0 0.449286 0.330429 0.007143 0.019048
0 0.427043 0.329048 0.008571 0.020000
0 0.435000 0.323800 0.005714 0.019048
0 0.430000 0.320476 0.005704 0.020000
0 0.402500 0.336667 0.005000 0.021905
0 0.408929 0.338570 0.006429 0.020000
0 0.402500 0.330905 0.006429 0.020000
0 0.398204 0.342381 0.006429 0.018095
0 0.387857 0.332857 0.005704 0.016190
0 0.343204 0.353810 0.005000 0.016190
0 0.339286 0.350952 0.005704 0.016190
0 0.308571 0.364762 0.005714 0.024762
0 0.238929 0.427609 0.009286 0.026667
0 0.228929 0.423333 0.000714 0.025714
0 0.235357 0.380429 0.009286 0.021905
0 0.237043 0.375714 0.011429 0.021905
0 0.207500 0.369048 0.009286 0.020000
0 0.203570 0.361905 0.008571 0.020952
0 0.048929 0.380952 0.013571 0.024762
0 0.056429 0.376667 0.010000 0.025714
0 0.059286 0.372381 0.011429 0.024762
0 0.067143 0.380476 0.008571 0.021905
0 0.073214 0.383810 0.007857 0.022857
0 0.078929 0.380000 0.012143 0.024762
0 0.057500 0.355238 0.009286 0.019048
0 0.062857 0.352857 0.012857 0.021905
0 0.011071 0.367619 0.012143 0.022857
0 0.016429 0.364286 0.011429 0.023810
0 0.006071 0.355714 0.007857 0.020000
0 0.011429 0.350952 0.008571 0.018095
0 0.069286 0.342857 0.001429 0.020952
0 0.075704 0.340476 0.011429 0.023810
0 0.083570 0.342857 0.011429 0.022857
0 0.087857 0.340429 0.011429 0.020000
0 0.063204 0.331429 0.009286 0.022857
0 0.066786 0.328095 0.009286 0.020000
0 0.049286 0.305714 0.010000 0.021905
0 0.054643 0.302857 0.009286 0.018095
0 0.060357 0.300952 0.009286 0.018095
0 0.050786 0.300000 0.009286 0.020952
0 0.040000 0.306190 0.011429 0.022857
0 0.035000 0.309048 0.014286 0.022857
0 0.026786 0.325238 0.003571 0.027619
0 0.020357 0.262380 0.010714 0.018095
0 0.022857 0.244762 0.008570 0.017143
0 0.026786 0.245238 0.009286 0.008095
0 0.088214 0.242381 0.006429 0.012381
0 0.086429 0.240476 0.007143 0.012381
0 0.240704 0.165238 0.005714 0.014286
0 0.245000 0.064762 0.005714 0.015238
0 0.226786 0.023333 0.005000 0.012381
0 0.099643 0.125238 0.006429 0.016190
0 0.208214 0.116667 0.006429 0.014286
0 0.220071 0.116190 0.005000 0.015238
0 0.278570 0.531905 0.011429 0.027619
