0 0.699750 0.490000 0.007500 0.011333
0 0.702500 0.460000 0.005000 0.013333
0 0.685250 0.558667 0.009500 0.004667
0 0.648500 0.890000 0.009000 0.019333
0 0.659250 0.900667 0.008500 0.020667
0 0.675500 0.896000 0.005000 0.008667
0 0.640250 0.929667 0.008500 0.024667
0 0.579250 0.852333 0.007500 0.014000
0 0.542000 0.966000 0.008000 0.013333
0 0.393750 0.683667 0.009500 0.008000
0 0.593500 0.693000 0.006000 0.019333
0 0.669500 0.488333 0.004000 0.011333
0 0.665000 0.502000 0.005000 0.010667
0 0.616000 0.634667 0.004000 0.014667
0 0.659250 0.529000 0.003500 0.012667
0 0.653500 0.544667 0.005000 0.013333
0 0.678750 0.581667 0.004500 0.014000
0 0.660750 0.583333 0.005500 0.016000
0 0.641750 0.584000 0.004500 0.013333
0 0.476250 0.522000 0.004500 0.010667
0 0.477250 0.527667 0.003500 0.010000
0 0.451000 0.558333 0.004000 0.011333
0 0.452000 0.578000 0.005000 0.013333
0 0.454250 0.592667 0.004500 0.013333
0 0.496250 0.557667 0.004500 0.012667
0 0.517750 0.482333 0.004500 0.008667
0 0.563750 0.370333 0.003500 0.000000
0 0.616750 0.309333 0.002500 0.006667
0 0.613000 0.318667 0.003000 0.008000
0 0.593750 0.349000 0.002500 0.008667
0 0.580750 0.381000 0.003500 0.008667
0 0.570500 0.388000 0.003000 0.009333
0 0.553500 0.418333 0.003000 0.011333
0 0.679000 0.420000 0.003000 0.012000
0 0.433750 0.636000 0.004500 0.017333
0 0.428500 0.644000 0.005000 0.014667
0 0.394500 0.651667 0.005000 0.014000
0 0.742250 0.530667 0.004500 0.003333
0 0.737750 0.530667 0.003500 0.004667
