0 0.022857 0.958756 0.011429 0.019036
0 0.060000 0.866751 0.008571 0.020305
0 0.072857 0.859772 0.010000 0.019036
0 0.320704 0.107234 0.004286 0.011421
0 0.435357 0.458756 0.006429 0.016497
0 0.435000 0.454315 0.007143 0.015228
0 0.336786 0.353426 0.005000 0.009036
0 0.343570 0.167513 0.002857 0.015228
0 0.398204 0.141497 0.003571 0.016497
0 0.385357 0.098604 0.002143 0.013959
0 0.398929 0.097970 0.003571 0.015228
0 0.399286 0.095431 0.005714 0.015228
0 0.457857 0.003807 0.002857 0.007604
0 0.453570 0.003173 0.002857 0.006345
0 0.462857 0.364213 0.004286 0.017766
0 0.469286 0.368020 0.004286 0.017766
0 0.470000 0.352157 0.002857 0.013959
0 0.472500 0.336929 0.003571 0.011421
0 0.474286 0.323604 0.004286 0.012690
0 0.474643 0.312817 0.003571 0.016497
0 0.556786 0.373096 0.006429 0.012690
0 0.556071 0.404188 0.006429 0.011421
