0 0.406786 0.069524 0.019286 0.034286
0 0.360786 0.224286 0.017857 0.039048
0 0.402143 0.271429 0.014286 0.038095
0 0.383570 0.399524 0.018571 0.050476
0 0.272857 0.445704 0.017143 0.053333
0 0.306786 0.449048 0.020704 0.054286
0 0.435357 0.444286 0.006429 0.042857
0 0.263204 0.605714 0.023571 0.036190
0 0.368570 0.644762 0.018571 0.057143
0 0.470786 0.589524 0.023571 0.059048
0 0.528929 0.016190 0.007857 0.024762
0 0.950071 0.104286 0.012143 0.029524
0 0.800071 0.134762 0.009286 0.035238
0 0.823929 0.031905 0.010714 0.033333
0 0.382500 0.200429 0.009286 0.027619
0 0.408571 0.205714 0.011429 0.034286
0 0.489286 0.067143 0.010000 0.035238
0 0.506786 0.174286 0.010714 0.034286
0 0.496429 0.012381 0.005714 0.022857
0 0.302857 0.606667 0.024286 0.055238
0 0.626071 0.651905 0.020714 0.060000
