0 0.465750 0.753000 0.008500 0.019333
0 0.045000 0.693667 0.020000 0.022000
0 0.093250 0.408667 0.003500 0.028000
0 0.010250 0.435333 0.013500 0.028000
0 0.019000 0.440667 0.008000 0.022667
0 0.016250 0.507333 0.015500 0.033333
0 0.022750 0.481667 0.009500 0.015333
0 0.028250 0.466333 0.014500 0.012667
0 0.039750 0.380333 0.018500 0.020667
0 0.240250 0.202000 0.009500 0.030667
0 0.067500 0.523333 0.009000 0.032000
0 0.330250 0.050667 0.005500 0.018000
0 0.248500 0.232000 0.009000 0.022667
0 0.330250 0.390333 0.009500 0.028667
