0 0.044500 0.500667 0.020000 0.062667
0 0.092250 0.505667 0.009500 0.044667
0 0.088250 0.515667 0.018500 0.043333
0 0.092250 0.483000 0.028500 0.035333
0 0.250250 0.393000 0.003500 0.036667
0 0.268000 0.490667 0.005000 0.053333
0 0.298750 0.525000 0.020500 0.047333
0 0.208000 0.403333 0.014000 0.044000
0 0.222250 0.399333 0.012500 0.026667
0 0.245000 0.378000 0.013000 0.021333
0 0.261500 0.388333 0.010000 0.026000
0 0.258750 0.381333 0.008500 0.021333
0 0.255750 0.374000 0.008500 0.021333
0 0.368250 0.307667 0.009500 0.026000
0 0.392000 0.283000 0.008000 0.018000
0 0.403500 0.280333 0.006000 0.021333
0 0.409250 0.282333 0.005500 0.023333
0 0.470000 0.398667 0.008000 0.036000
0 0.448000 0.399333 0.009000 0.038667
0 0.440500 0.402667 0.009000 0.037333
0 0.409750 0.410000 0.011500 0.038667
0 0.396000 0.432000 0.005000 0.042667
0 0.374000 0.420667 0.005000 0.042667
0 0.358500 0.422333 0.003000 0.039333
0 0.430250 0.408333 0.011500 0.026000
0 0.542750 0.355667 0.009500 0.028667
0 0.604500 0.327000 0.009000 0.020667
0 0.591750 0.331333 0.007500 0.017333
0 0.657500 0.308000 0.010000 0.020000
0 0.527750 0.496000 0.002500 0.052000
0 0.507000 0.392000 0.013000 0.034667
0 0.760750 0.373000 0.009500 0.020667
0 0.860500 0.337667 0.006000 0.031333
0 0.830500 0.302000 0.000000 0.030667
0 0.801000 0.270667 0.011000 0.028000
0 0.777250 0.283333 0.008500 0.020333
0 0.704250 0.284000 0.008500 0.024000
0 0.700750 0.296667 0.008500 0.026667
0 0.674750 0.290667 0.000500 0.025333
0 0.700000 0.282667 0.009000 0.025333
0 0.766000 0.282000 0.009000 0.025333
0 0.849250 0.239333 0.001500 0.022667
0 0.844000 0.237667 0.008000 0.023333
0 0.650750 0.282000 0.009500 0.025333
0 0.663750 0.284667 0.007500 0.020000
0 0.660000 0.282000 0.005000 0.021333
0 0.547750 0.330333 0.009500 0.032667
0 0.876500 0.316000 0.013000 0.016000
0 0.928000 0.326333 0.013000 0.016667
0 0.909500 0.386667 0.012000 0.034667
0 0.990000 0.485333 0.018000 0.052000
0 0.956500 0.499333 0.022000 0.046667
0 0.966250 0.505000 0.002500 0.035333
0 0.970250 0.478333 0.012500 0.044667
0 0.898750 0.705667 0.039500 0.064667
0 0.879000 0.640667 0.038000 0.054000
0 0.960500 0.844000 0.051000 0.069333
0 0.705000 0.754667 0.030000 0.062667
0 0.708500 0.759667 0.006000 0.046000
0 0.788250 0.864667 0.046500 0.064000
0 0.700750 0.836667 0.023500 0.073333
0 0.722500 0.936333 0.030000 0.079333
0 0.650000 0.845333 0.022000 0.080333
0 0.607250 0.879000 0.027500 0.080667
0 0.782250 0.956333 0.040500 0.087333
0 0.770750 0.938000 0.033500 0.065333
0 0.637500 0.955000 0.024000 0.070000
0 0.597750 0.807667 0.026500 0.071333
0 0.500250 0.735333 0.009500 0.080000
0 0.558250 0.678333 0.027500 0.062000
0 0.495000 0.623667 0.028000 0.062000
0 0.470750 0.705667 0.009500 0.079333
0 0.583250 0.358667 0.016500 0.026667
0 0.483500 0.403333 0.002000 0.037333
0 0.483500 0.377000 0.008000 0.030333
0 0.475500 0.383000 0.008000 0.030333
0 0.455250 0.395333 0.000500 0.036000
0 0.399250 0.420333 0.012500 0.040000
0 0.353250 0.403333 0.009500 0.037333
0 0.376500 0.406000 0.002000 0.038667
0 0.380500 0.408000 0.012000 0.038667
0 0.387250 0.408333 0.008500 0.034000
0 0.403250 0.402000 0.013500 0.024000
0 0.427500 0.390333 0.009000 0.030333
0 0.444000 0.378667 0.009000 0.030667
0 0.450250 0.379000 0.006500 0.026000
0 0.470250 0.377667 0.009500 0.026000
0 0.480750 0.366333 0.009500 0.027333
0 0.440000 0.451667 0.009000 0.046000
0 0.437000 0.442667 0.009000 0.021333
0 0.408500 0.462333 0.013000 0.043333
0 0.398000 0.469667 0.003000 0.043333
0 0.390500 0.499000 0.005000 0.048667
0 0.405250 0.494333 0.002500 0.046000
0 0.377000 0.550667 0.006000 0.058667
0 0.365000 0.540667 0.006000 0.054667
0 0.348500 0.529667 0.006000 0.048667
0 0.383500 0.518000 0.020000 0.036000
0 0.404750 0.645333 0.016500 0.049333
0 0.408250 0.672000 0.002500 0.045333
0 0.422500 0.672000 0.003000 0.045333
