0 0.031429 0.377538 0.007143 0.026650
0 0.035000 0.371827 0.008571 0.027919
0 0.276429 0.075127 0.004286 0.012690
0 0.284286 0.073858 0.004286 0.015228
0 0.279286 0.071320 0.004286 0.020305
0 0.940786 0.682107 0.010714 0.031726
0 0.827857 0.400015 0.007143 0.027919
0 0.842043 0.352157 0.008571 0.031726
0 0.727857 0.040863 0.005714 0.020305
0 0.746786 0.027538 0.003571 0.019036
0 0.753204 0.124365 0.005000 0.020305
0 0.757143 0.131980 0.004286 0.012690
0 0.765357 0.027538 0.005000 0.016497
0 0.762857 0.018020 0.002857 0.012690
0 0.769286 0.023731 0.004286 0.016497
0 0.804286 0.159264 0.004286 0.011421
0 0.807143 0.163071 0.005714 0.013959
0 0.760704 0.078680 0.002857 0.020305
0 0.712500 0.119289 0.006429 0.012690
0 0.724643 0.117386 0.007857 0.013959
0 0.737857 0.237944 0.005714 0.013959
0 0.732857 0.236041 0.004286 0.012690
0 0.780429 0.250635 0.007143 0.013959
0 0.810714 0.286168 0.005714 0.013959
0 0.826786 0.287437 0.005000 0.009036
0 0.880000 0.532995 0.008571 0.017766
0 0.883214 0.526015 0.007857 0.013959
0 0.908929 0.680838 0.006429 0.029188
0 0.988929 0.666878 0.000714 0.021574
0 0.709286 0.048858 0.004286 0.003959
0 0.763204 0.062817 0.003571 0.013959
0 0.753929 0.072970 0.003570 0.013959
0 0.749286 0.072970 0.004286 0.009036
0 0.754286 0.088832 0.002857 0.005228
0 0.726429 0.073604 0.008570 0.012690
0 0.695714 0.080584 0.008571 0.008883
0 0.063204 0.833756 0.012143 0.035533
