0 0.242000 0.961000 0.007000 0.018000
0 0.225500 0.979000 0.008000 0.024667
0 0.222000 0.923333 0.006000 0.022667
0 0.276500 0.876333 0.008000 0.022000
0 0.270500 0.892000 0.010000 0.016000
0 0.508000 0.906667 0.008000 0.020000
0 0.425250 0.816333 0.006500 0.022000
0 0.539250 0.723667 0.006500 0.015333
0 0.544500 0.717333 0.006000 0.016000
0 0.536750 0.653333 0.004500 0.013333
0 0.536000 0.599667 0.005000 0.015333
0 0.538000 0.575667 0.004000 0.012667
0 0.540750 0.550000 0.004500 0.012000
0 0.538750 0.532000 0.004500 0.012000
0 0.545250 0.453667 0.003500 0.010000
0 0.530000 0.428333 0.003000 0.011333
0 0.535750 0.407000 0.003500 0.008667
0 0.544750 0.384000 0.003500 0.009333
0 0.376000 0.555000 0.004000 0.011333
0 0.404250 0.493667 0.003500 0.010000
0 0.394250 0.491000 0.002500 0.008667
0 0.344000 0.661333 0.006000 0.013333
0 0.334000 0.662333 0.005000 0.014000
0 0.317250 0.685667 0.006500 0.015333
0 0.287000 0.742667 0.005000 0.014667
0 0.307750 0.739000 0.005500 0.016667
0 0.578500 0.504333 0.004000 0.014000
0 0.572500 0.557667 0.004000 0.004000
0 0.460750 0.307000 0.002500 0.000000
0 0.452250 0.325333 0.002500 0.008000
0 0.552750 0.674333 0.005500 0.008000
