0 0.298929 0.500476 0.006429 0.020000
0 0.405000 0.388571 0.004286 0.020952
0 0.433570 0.516190 0.007143 0.024762
0 0.360357 0.550476 0.006429 0.013333
0 0.343929 0.530000 0.007857 0.010476
0 0.319286 0.520476 0.008571 0.010476
0 0.301786 0.530476 0.007857 0.009524
0 0.338214 0.548571 0.006429 0.009524
0 0.439286 0.714762 0.007143 0.018095
0 0.502857 0.462857 0.005704 0.022857
0 0.456070 0.486190 0.006429 0.021905
0 0.448204 0.485238 0.006429 0.023810
0 0.790786 0.233810 0.002143 0.008571
0 0.759286 0.235238 0.002857 0.009524
0 0.836071 0.146667 0.002143 0.003810
0 0.946071 0.393810 0.005000 0.008571
0 0.916429 0.331429 0.004286 0.007619
0 0.913214 0.247143 0.002143 0.004762
0 0.891071 0.182857 0.002143 0.003810
0 0.884286 0.149524 0.002857 0.005714
0 0.880000 0.162857 0.001429 0.003810
0 0.887500 0.188571 0.002143 0.003810
0 0.890357 0.190476 0.002143 0.001905
0 0.900786 0.212857 0.002143 0.006667
