0 0.524500 0.099333 0.004000 0.004667
0 0.534250 0.097333 0.003500 0.002000
0 0.455250 0.115667 0.005500 0.011333
0 0.452000 0.111333 0.006000 0.010667
0 0.464000 0.098667 0.003000 0.003333
0 0.459000 0.096333 0.003000 0.001333
0 0.454000 0.099667 0.002000 0.002667
0 0.456000 0.002000 0.004000 0.013333
0 0.485250 0.063667 0.002500 0.008667
0 0.482500 0.067667 0.003000 0.000000
0 0.488250 0.063667 0.002500 0.008667
0 0.492000 0.064000 0.003000 0.000667
0 0.473750 0.057333 0.002500 0.008000
0 0.453750 0.084667 0.003500 0.002000
0 0.502000 0.056667 0.004000 0.005333
0 0.467250 0.067000 0.002500 0.000000
0 0.955750 0.327333 0.002500 0.029333
0 0.896500 0.327333 0.003000 0.032000
0 0.895750 0.323333 0.002500 0.044000
0 0.875250 0.333667 0.013500 0.019333
0 0.841250 0.298333 0.010500 0.035333
0 0.805000 0.269333 0.001000 0.036000
0 0.778250 0.237000 0.008500 0.023333
0 0.835000 0.044333 0.006000 0.020667
0 0.661250 0.164333 0.006500 0.016667
0 0.666750 0.145333 0.004500 0.010667
0 0.654000 0.030333 0.004000 0.014000
0 0.655000 0.029333 0.005000 0.016000
0 0.696500 0.034667 0.005000 0.018667
0 0.578750 0.111333 0.004500 0.006667
0 0.568250 0.013000 0.004500 0.014000
0 0.628250 0.080333 0.003500 0.010667
0 0.635250 0.080667 0.003500 0.011333
0 0.593750 0.080000 0.004500 0.002000
0 0.588000 0.079667 0.003000 0.000000
0 0.584000 0.080000 0.004000 0.010000
0 0.577750 0.068000 0.002500 0.005333
0 0.573750 0.062333 0.002500 0.008667
