0 0.570704 0.247143 0.007143 0.021905
0 0.564286 0.264286 0.004286 0.006190
0 0.552857 0.305238 0.005704 0.027619
0 0.542857 0.305704 0.005714 0.026667
0 0.502500 0.062381 0.003571 0.014286
0 0.638204 0.380000 0.005000 0.024762
0 0.760357 0.280952 0.000714 0.032381
0 0.823204 0.407619 0.012143 0.030476
0 0.239643 0.163333 0.009286 0.014286
0 0.222143 0.159524 0.007143 0.014286
0 0.200357 0.168571 0.009286 0.013333
0 0.544643 0.097143 0.012143 0.015238
0 0.560714 0.138571 0.008571 0.016190
0 0.546786 0.130000 0.009286 0.014286
