0 0.377043 0.861675 0.014286 0.027919
0 0.305704 0.772843 0.018571 0.030457
0 0.322043 0.742386 0.012857 0.027919
0 0.403204 0.652284 0.015000 0.025381
0 0.420429 0.575508 0.011429 0.029188
0 0.402143 0.560279 0.015714 0.034264
0 0.420000 0.542503 0.010000 0.036802
0 0.427857 0.502538 0.000000 0.032995
0 0.430786 0.475888 0.009286 0.035533
0 0.437857 0.446066 0.005714 0.054569
0 0.501429 0.557107 0.010000 0.030457
0 0.428570 0.547589 0.010000 0.031726
0 0.470429 0.550761 0.014286 0.032995
0 0.392043 0.621193 0.014286 0.029188
0 0.407043 0.626904 0.011429 0.030457
0 0.408214 0.595812 0.012143 0.029188
0 0.405357 0.678934 0.002143 0.030457
0 0.392857 0.670685 0.001429 0.034264
0 0.392500 0.705102 0.013571 0.031726
0 0.378929 0.703680 0.006429 0.031726
0 0.333204 0.752538 0.019286 0.027919
0 0.364643 0.798223 0.005000 0.027919
0 0.368929 0.767032 0.012143 0.024112
0 0.390071 0.781091 0.016429 0.031726
0 0.378570 0.755076 0.015714 0.027919
0 0.407043 0.772843 0.014286 0.030457
0 0.396429 0.753073 0.012857 0.031726
0 0.460357 0.763959 0.006429 0.030457
0 0.489643 0.744289 0.007857 0.031726
0 0.675000 0.664340 0.024286 0.052030
0 0.645357 0.606751 0.013571 0.032995
0 0.956070 0.576777 0.036429 0.034264
0 0.901429 0.300127 0.027143 0.064721
0 0.927857 0.306624 0.028571 0.036802
0 0.904643 0.005964 0.017857 0.041878
0 0.888570 0.044416 0.025714 0.063452
0 0.990786 0.019670 0.015000 0.039340
