0 0.526750 0.092000 0.012500 0.042667
0 0.580250 0.204333 0.001500 0.035333
0 0.620000 0.244333 0.013000 0.040667
0 0.553500 0.235000 0.002000 0.038000
0 0.459750 0.300000 0.012500 0.042667
0 0.553250 0.387333 0.002500 0.042667
0 0.554500 0.330667 0.003000 0.036000
0 0.494750 0.234667 0.012500 0.028000
0 0.570500 0.349333 0.019000 0.024000
0 0.432500 0.462000 0.005000 0.038667
0 0.469000 0.470333 0.014000 0.029333
0 0.506750 0.490333 0.013500 0.029333
0 0.556250 0.534667 0.003500 0.029333
0 0.480500 0.589000 0.014000 0.030000
0 0.408750 0.666333 0.014500 0.031333
0 0.385750 0.649333 0.003500 0.025333
0 0.020500 0.415000 0.032000 0.034000
0 0.017500 0.410000 0.014000 0.018667
