0 0.200071 0.199873 0.006429 0.026650
0 0.200000 0.167513 0.005714 0.025381
0 0.222857 0.068782 0.007143 0.025381
0 0.252500 0.026269 0.006429 0.024112
0 0.274643 0.016751 0.005000 0.025381
0 0.274643 0.011041 0.005000 0.026650
0 0.285000 0.009772 0.005714 0.029188
0 0.279643 0.017386 0.005000 0.024112
0 0.280000 0.025000 0.005714 0.021574
0 0.273204 0.140863 0.006429 0.022843
0 0.287043 0.159264 0.007143 0.026650
0 0.306070 0.168782 0.005000 0.027919
0 0.227857 0.071954 0.007143 0.024112
0 0.228929 0.088452 0.007857 0.026650
0 0.233204 0.173858 0.006429 0.025381
0 0.235357 0.061168 0.005000 0.022843
0 0.239286 0.099239 0.007143 0.027919
0 0.239286 0.092893 0.007143 0.022843
0 0.240786 0.188452 0.007857 0.024112
0 0.250071 0.184010 0.007857 0.022843
0 0.248570 0.189721 0.007143 0.024112
0 0.270000 0.087817 0.005714 0.025381
0 0.280357 0.088452 0.005000 0.026650
0 0.303204 0.201142 0.006429 0.029188
0 0.307500 0.160533 0.006429 0.029188
0 0.306070 0.155457 0.005000 0.021574
0 0.300714 0.164975 0.005714 0.022843
0 0.323204 0.163706 0.005000 0.022843
0 0.358929 0.060533 0.005000 0.026650
0 0.360071 0.158629 0.006429 0.022843
0 0.365000 0.059264 0.005714 0.024112
0 0.376429 0.060533 0.005714 0.026650
0 0.390000 0.064340 0.004286 0.026650
0 0.390704 0.166878 0.005714 0.021574
0 0.390071 0.174492 0.005000 0.029188
0 0.378570 0.185914 0.005714 0.021574
0 0.379286 0.085279 0.005714 0.022843
0 0.330786 0.192259 0.006429 0.026650
0 0.334643 0.204305 0.006429 0.025381
0 0.327857 0.208022 0.005714 0.030457
0 0.323204 0.209391 0.005000 0.025381
0 0.301786 0.194797 0.007857 0.031726
0 0.308571 0.182107 0.007143 0.024112
0 0.309643 0.179569 0.009286 0.024112
0 0.334643 0.272843 0.006429 0.027909
0 0.250000 0.337563 0.001429 0.025381
0 0.263929 0.340371 0.009286 0.027919
0 0.284643 0.333756 0.006429 0.030457
0 0.288929 0.335660 0.006429 0.029088
0 0.308204 0.338832 0.006429 0.030457
0 0.737500 0.784264 0.002143 0.040609
0 0.602857 0.432107 0.007143 0.034264
0 0.602143 0.389594 0.005714 0.020305
0 0.605000 0.389594 0.005714 0.032995
0 0.620000 0.380345 0.011429 0.031726
0 0.639286 0.404340 0.007143 0.034264
0 0.650786 0.418782 0.007857 0.032995
0 0.640429 0.405457 0.008571 0.031726
0 0.642500 0.399746 0.009286 0.027909
0 0.648570 0.392132 0.007143 0.027919
0 0.663929 0.409264 0.009286 0.034264
0 0.660071 0.397843 0.007857 0.031726
0 0.655000 0.389594 0.008570 0.027919
0 0.660357 0.382604 0.006429 0.031726
0 0.650786 0.371193 0.009286 0.029188
0 0.657043 0.371827 0.005714 0.032995
0 0.583929 0.052665 0.003570 0.019036
0 0.589286 0.072335 0.002857 0.027909
0 0.590071 0.067893 0.003571 0.021574
0 0.585000 0.088098 0.004286 0.021574
0 0.594643 0.090736 0.003570 0.024112
0 0.584643 0.064340 0.009286 0.024112
0 0.584643 0.071320 0.006429 0.025381
0 0.600357 0.073223 0.005000 0.026650
0 0.602500 0.168147 0.006429 0.026650
0 0.660704 0.171954 0.007143 0.026650
0 0.720000 0.202401 0.007143 0.026650
0 0.704643 0.200142 0.007857 0.024112
0 0.701786 0.178934 0.006429 0.025381
0 0.693570 0.197970 0.005714 0.025381
0 0.608204 0.196701 0.006429 0.030457
0 0.607500 0.189721 0.005000 0.024112
0 0.635704 0.193528 0.005714 0.026650
0 0.280357 0.373730 0.007857 0.034264
0 0.292500 0.369289 0.006429 0.030457
0 0.304286 0.383249 0.007043 0.030457
0 0.292043 0.399746 0.004286 0.025381
0 0.297043 0.397843 0.005714 0.019036
0 0.298204 0.394670 0.006429 0.022843
0 0.320357 0.409898 0.006429 0.027909
0 0.335357 0.371193 0.006429 0.024112
0 0.327500 0.470812 0.009286 0.025381
0 0.330357 0.402909 0.007857 0.031726
0 0.330429 0.393401 0.007143 0.032995
0 0.340357 0.397843 0.006429 0.029088
0 0.348204 0.383249 0.006429 0.030457
0 0.350000 0.386420 0.007143 0.034264
0 0.357043 0.392766 0.005714 0.034264
0 0.372857 0.422589 0.007043 0.027919
0 0.350429 0.449873 0.008571 0.029188
0 0.336786 0.449239 0.006429 0.035533
0 0.308204 0.466371 0.007857 0.034264
0 0.008214 0.891497 0.013571 0.046954
0 0.017143 0.881980 0.015714 0.038071
0 0.051786 0.837563 0.015000 0.043147
0 0.012857 0.986675 0.015714 0.024112
0 0.028929 0.979061 0.013571 0.039340
0 0.032857 0.923223 0.015714 0.049492
0 0.037500 0.946066 0.012143 0.039340
0 0.038571 0.920051 0.011429 0.048223
0 0.052857 0.903553 0.010000 0.043147
0 0.062143 0.808376 0.011429 0.048223
0 0.073929 0.814086 0.009286 0.039340
0 0.078214 0.795685 0.009286 0.043147
0 0.088929 0.748731 0.010714 0.040609
0 0.080357 0.750000 0.013571 0.043147
0 0.093929 0.712563 0.010714 0.039340
0 0.200429 0.725254 0.011429 0.041878
0 0.203570 0.653553 0.011429 0.035533
0 0.235000 0.652909 0.011429 0.039340
0 0.220357 0.622462 0.009286 0.036802
0 0.204286 0.604848 0.008571 0.031726
0 0.200714 0.614848 0.010000 0.034264
0 0.234286 0.587563 0.008570 0.040609
0 0.203214 0.597716 0.009286 0.038071
0 0.222857 0.598350 0.001429 0.039340
0 0.205357 0.586294 0.009286 0.035533
0 0.095357 0.545685 0.009286 0.048223
0 0.203570 0.567893 0.008571 0.041878
0 0.201786 0.562183 0.010714 0.035533
0 0.208214 0.558376 0.010714 0.038071
0 0.226429 0.559000 0.012857 0.041878
0 0.200429 0.525381 0.012857 0.040609
0 0.253204 0.445431 0.010714 0.035533
0 0.248204 0.446701 0.006429 0.025381
0 0.225357 0.493020 0.002143 0.039340
0 0.243929 0.494924 0.002143 0.035533
0 0.248929 0.484037 0.009286 0.029188
0 0.256429 0.482234 0.007043 0.032995
0 0.267500 0.478426 0.000714 0.038071
0 0.275000 0.477792 0.008570 0.031726
0 0.238929 0.509670 0.010714 0.036802
0 0.239643 0.527909 0.007857 0.035533
0 0.247500 0.536802 0.009286 0.030457
0 0.256429 0.522843 0.001429 0.032995
0 0.260704 0.526650 0.008571 0.032995
0 0.265357 0.520574 0.010714 0.032995
0 0.278929 0.500787 0.009286 0.031726
