0 0.457500 0.280000 0.003570 0.013333
0 0.454643 0.282857 0.003570 0.009524
0 0.509286 0.276090 0.004286 0.013333
0 0.520786 0.274762 0.003571 0.012381
0 0.468204 0.270476 0.006429 0.015238
0 0.527043 0.242857 0.004286 0.013333
0 0.580071 0.225238 0.003571 0.006667
0 0.424643 0.260000 0.005000 0.007143
0 0.472857 0.042381 0.002857 0.010476
0 0.470429 0.160476 0.004286 0.010476
0 0.478929 0.042857 0.003571 0.011429
0 0.475357 0.043810 0.003571 0.007619
0 0.451786 0.289048 0.003571 0.010476
0 0.211071 0.306190 0.003571 0.008571
0 0.213571 0.307619 0.004286 0.013333
0 0.281786 0.299524 0.003571 0.010476
0 0.310714 0.468571 0.005714 0.017143
0 0.457143 0.505238 0.010000 0.016190
0 0.767500 0.353810 0.005000 0.012381
0 0.499643 0.243810 0.005000 0.007619
