0 0.020357 0.204949 0.000714 0.024112
0 0.012143 0.100254 0.007143 0.020305
0 0.086429 0.086929 0.005714 0.019036
0 0.091429 0.087563 0.005714 0.017766
0 0.286070 0.217005 0.005000 0.020305
0 0.303570 0.180838 0.005714 0.019036
0 0.262857 0.340371 0.008571 0.022843
0 0.272857 0.098604 0.005714 0.021574
0 0.269286 0.098604 0.007143 0.021574
0 0.051786 0.055838 0.009286 0.017766
0 0.346429 0.248096 0.008570 0.021574
0 0.017143 0.189086 0.008571 0.022843
0 0.076786 0.663070 0.015000 0.024112
0 0.256070 0.711294 0.009286 0.021574
0 0.258570 0.694797 0.010000 0.024112
0 0.373570 0.776015 0.007143 0.026650
0 0.406429 0.808376 0.007043 0.027919
0 0.476070 0.806472 0.009286 0.021574
0 0.548204 0.797589 0.009286 0.021574
0 0.558204 0.814086 0.005000 0.026650
0 0.322500 0.836294 0.006429 0.007766
0 0.322500 0.827401 0.006429 0.012690
0 0.260071 0.930203 0.009286 0.027919
0 0.260786 0.869924 0.007857 0.024112
0 0.429286 0.580218 0.008571 0.022843
0 0.346070 0.536802 0.007857 0.017766
0 0.303570 0.534898 0.010000 0.021574
0 0.305000 0.529088 0.010000 0.020305
0 0.345357 0.529088 0.007857 0.015228
0 0.207500 0.471447 0.007857 0.021574
0 0.238204 0.407360 0.006429 0.020305
0 0.394286 0.406244 0.005714 0.020305
0 0.397043 0.407995 0.007143 0.021574
0 0.402857 0.423223 0.005714 0.021574
0 0.406071 0.432107 0.006429 0.024112
0 0.422500 0.428934 0.005000 0.007766
0 0.426786 0.404340 0.005000 0.024112
0 0.408929 0.416244 0.005000 0.020305
0 0.440000 0.482234 0.007043 0.025381
0 0.484286 0.374365 0.004286 0.022843
0 0.499286 0.346447 0.005704 0.022843
0 0.503929 0.357868 0.006429 0.022843
0 0.640071 0.238579 0.006429 0.020305
0 0.605357 0.281091 0.005000 0.021574
0 0.607857 0.275381 0.005714 0.022843
0 0.630704 0.484137 0.007143 0.021574
0 0.730071 0.500000 0.005000 0.025381
0 0.722500 0.503807 0.006429 0.022843
0 0.736786 0.542503 0.009286 0.026650
0 0.706786 0.658629 0.006429 0.022843
0 0.629643 0.547589 0.006429 0.009036
0 0.678214 0.522208 0.007857 0.016497
0 0.723929 0.520305 0.007857 0.017766
0 0.724643 0.639594 0.005000 0.002690
0 0.664286 0.697970 0.005704 0.022843
0 0.660704 0.687817 0.005714 0.022843
0 0.604643 0.362944 0.006429 0.025380
0 0.596786 0.369289 0.005000 0.025380
0 0.870000 0.484037 0.005714 0.013959
0 0.848570 0.522208 0.010000 0.026650
0 0.860071 0.902284 0.009286 0.017766
0 0.767500 0.933376 0.002143 0.019036
0 0.707500 0.487310 0.005000 0.025381
0 0.704286 0.478426 0.007143 0.022843
0 0.716786 0.468274 0.009286 0.017766
0 0.608214 0.595812 0.010714 0.016497
0 0.611786 0.591371 0.010714 0.015228
