0 0.489286 0.537143 0.007143 0.020952
0 0.495000 0.534762 0.004286 0.020000
0 0.504286 0.511905 0.007143 0.016190
0 0.553929 0.531905 0.006429 0.012381
0 0.697500 0.426667 0.007857 0.019048
0 0.787143 0.563333 0.010000 0.018095
0 0.750000 0.459524 0.010000 0.012381
0 0.812500 0.417143 0.009286 0.020952
0 0.754286 0.458095 0.010000 0.013333
0 0.889643 0.262381 0.006429 0.016190
0 0.865000 0.228571 0.005714 0.015238
0 0.636070 0.518095 0.009286 0.017143
0 0.602857 0.531429 0.008571 0.015238
0 0.823929 0.036090 0.005000 0.017143
0 0.303929 0.615714 0.007857 0.021905
0 0.370786 0.600952 0.009286 0.020952
0 0.540000 0.583800 0.008571 0.019048
0 0.063929 0.700429 0.017857 0.018095
