0 0.853204 0.064286 0.007857 0.023810
0 0.808214 0.070000 0.009286 0.021905
0 0.803929 0.067143 0.007857 0.023810
0 0.556429 0.005238 0.007143 0.020000
0 0.553570 0.117143 0.005714 0.024762
0 0.550704 0.126667 0.008571 0.026667
0 0.820786 0.301905 0.017857 0.041905
0 0.553929 0.087619 0.007857 0.028571
0 0.507857 0.199524 0.007143 0.027619
0 0.477500 0.232857 0.009286 0.033333
0 0.505357 0.252857 0.009286 0.030429
0 0.534286 0.247043 0.007143 0.031429
0 0.530071 0.304762 0.009286 0.036190
0 0.522500 0.302380 0.009286 0.035238
0 0.502143 0.286667 0.011429 0.034286
0 0.480429 0.312857 0.010000 0.035238
0 0.497500 0.325704 0.009286 0.034286
0 0.507857 0.322857 0.008570 0.038095
0 0.469286 0.373333 0.000000 0.041905
0 0.482043 0.381905 0.011429 0.038095
0 0.499643 0.390429 0.010714 0.034286
0 0.477043 0.420476 0.012857 0.040952
0 0.533204 0.197143 0.009286 0.030476
0 0.522043 0.255238 0.010000 0.030476
0 0.524643 0.270952 0.007857 0.035238
0 0.496429 0.270905 0.010000 0.031429
0 0.496786 0.294286 0.000714 0.028571
0 0.502857 0.302857 0.000000 0.032381
0 0.497857 0.378570 0.010000 0.037143
0 0.444286 0.404762 0.012857 0.042857
0 0.501786 0.614286 0.012143 0.043810
0 0.344643 0.532380 0.015000 0.038095
0 0.372857 0.564762 0.020000 0.038095
0 0.288929 0.550905 0.015000 0.042857
0 0.207857 0.668571 0.015714 0.041905
0 0.093929 0.704286 0.016429 0.044762
0 0.380704 0.759524 0.017143 0.044762
0 0.352043 0.808571 0.021429 0.045714
0 0.347043 0.693810 0.030000 0.044762
0 0.386070 0.682857 0.022143 0.057143
0 0.409643 0.684762 0.013571 0.040000
0 0.400071 0.655238 0.017857 0.041905
0 0.409643 0.563810 0.017857 0.045714
0 0.458929 0.538570 0.016429 0.040952
0 0.430357 0.500905 0.016429 0.049524
0 0.455357 0.470429 0.015000 0.043810
0 0.478204 0.459524 0.013571 0.044762
0 0.509643 0.632857 0.012143 0.052381
0 0.348929 0.545238 0.006429 0.044762
