0 0.012000 0.335667 0.011000 0.027333
0 0.122500 0.331667 0.008000 0.022000
0 0.135750 0.333000 0.010500 0.022000
0 0.605750 0.290667 0.004500 0.006000
0 0.600000 0.308333 0.006000 0.023333
0 0.603500 0.303667 0.004000 0.014000
0 0.607500 0.313333 0.009000 0.022667
0 0.629250 0.299333 0.004500 0.008667
0 0.633250 0.302333 0.005500 0.022000
0 0.652000 0.275333 0.007000 0.022667
0 0.688500 0.267000 0.007000 0.011333
0 0.829500 0.097667 0.005000 0.014000
0 0.840500 0.090333 0.004000 0.014000
0 0.628000 0.370333 0.009000 0.030333
0 0.632750 0.378667 0.000500 0.029333
0 0.635500 0.380667 0.006000 0.008667
0 0.549500 0.442333 0.009000 0.028667
0 0.569750 0.445667 0.014500 0.028667
0 0.648500 0.434000 0.008000 0.008667
0 0.649000 0.429667 0.014000 0.028667
0 0.475000 0.367333 0.010000 0.021333
0 0.505000 0.486667 0.001000 0.037333
0 0.164750 0.448333 0.011500 0.022000
0 0.059250 0.435000 0.010500 0.039333
0 0.211250 0.861333 0.034500 0.053333
0 0.200000 0.929333 0.033000 0.070667
0 0.264750 0.863000 0.025500 0.062000
0 0.303000 0.889667 0.024000 0.059333
0 0.290500 0.944000 0.009000 0.048000
0 0.336500 0.494333 0.009000 0.032667
0 0.338750 0.490667 0.008500 0.038667
0 0.375750 0.489000 0.008500 0.030333
0 0.387250 0.480667 0.009500 0.034667
0 0.678500 0.879000 0.033000 0.052667
0 0.812000 0.905333 0.033000 0.042667
0 0.778000 0.885667 0.025000 0.048667
0 0.769750 0.957333 0.033500 0.046667
0 0.793750 0.936000 0.022500 0.049333
0 0.541000 0.546000 0.016000 0.041333
0 0.603000 0.506000 0.020000 0.038667
