0 0.406071 0.101429 0.009286 0.020000
0 0.066786 0.426090 0.012143 0.035238
0 0.060071 0.420476 0.012143 0.035238
0 0.582043 0.060476 0.005714 0.016190
0 0.572857 0.060000 0.004286 0.007143
0 0.566429 0.056090 0.004286 0.019048
0 0.558570 0.052381 0.004286 0.017143
0 0.564286 0.052857 0.005704 0.020000
0 0.574286 0.056090 0.005714 0.019048
0 0.502857 0.022857 0.004286 0.007143
0 0.490357 0.004286 0.003571 0.015238
0 0.670786 0.310952 0.010714 0.037143
0 0.697043 0.300476 0.010000 0.031429
0 0.775357 0.337043 0.009286 0.034286
0 0.767500 0.333333 0.000714 0.034286
0 0.855704 0.295714 0.014286 0.031429
0 0.856429 0.072857 0.010000 0.025714
0 0.565000 0.502857 0.001429 0.041905
