0 0.428570 0.063810 0.004286 0.013333
0 0.330071 0.129524 0.005000 0.013333
0 0.325000 0.040000 0.004286 0.001429
0 0.500000 0.250476 0.004286 0.001429
0 0.493929 0.739048 0.005000 0.009524
0 0.490357 0.658095 0.005000 0.007609
0 0.423929 0.707043 0.005000 0.010476
0 0.404286 0.515714 0.004286 0.010476
0 0.460000 0.208095 0.005714 0.013333
0 0.376429 0.258570 0.004286 0.012381
0 0.365357 0.257609 0.006429 0.012381
0 0.327500 0.378095 0.006429 0.003333
0 0.465357 0.220000 0.005000 0.003333
0 0.346429 0.463800 0.005714 0.013333
0 0.336429 0.470476 0.005704 0.011429
