0 0.069643 0.212857 0.013571 0.035238
0 0.026429 0.331905 0.021429 0.052381
0 0.068571 0.349048 0.018571 0.039048
0 0.567500 0.904286 0.026429 0.069524
0 0.596071 0.893333 0.039286 0.108571
0 0.553204 0.407619 0.017857 0.055238
0 0.543929 0.380905 0.015000 0.055238
0 0.544643 0.358570 0.016429 0.044762
0 0.520704 0.320000 0.017143 0.045714
0 0.433570 0.345238 0.018571 0.054286
0 0.427857 0.295238 0.004286 0.045714
0 0.423929 0.260952 0.003571 0.038095
0 0.444643 0.244762 0.002143 0.041905
0 0.480071 0.285238 0.016429 0.040952
0 0.530071 0.272381 0.012143 0.043810
0 0.550429 0.287143 0.014286 0.040952
0 0.579286 0.267043 0.015714 0.042857
0 0.605357 0.277609 0.012143 0.044762
0 0.580786 0.302857 0.016429 0.043810
0 0.670704 0.330952 0.014286 0.046667
0 0.502143 0.245714 0.011429 0.036190
0 0.553570 0.240476 0.010000 0.044762
0 0.600704 0.232857 0.010000 0.035238
0 0.676429 0.288570 0.010000 0.038095
0 0.363204 0.398095 0.023571 0.060952
0 0.348204 0.257619 0.015000 0.044762
0 0.382500 0.268570 0.015000 0.047619
0 0.686070 0.376190 0.012143 0.045714
