0 0.362500 0.707000 0.008000 0.019333
0 0.368000 0.672333 0.009000 0.015333
0 0.405500 0.562667 0.008000 0.013333
0 0.360500 0.502000 0.007000 0.006000
0 0.348250 0.465000 0.009500 0.008000
0 0.345250 0.343333 0.006500 0.004667
0 0.383250 0.377667 0.006500 0.012667
0 0.405000 0.403000 0.004000 0.011333
0 0.430000 0.370667 0.005000 0.004667
0 0.489250 0.390000 0.007500 0.014000
0 0.571250 0.588000 0.007500 0.017333
0 0.904750 0.891667 0.011500 0.022000
0 0.922500 0.886000 0.003000 0.022667
0 0.783750 0.506333 0.007500 0.004000
0 0.428250 0.054000 0.004500 0.010667
0 0.362500 0.028000 0.002000 0.006667
0 0.360500 0.028667 0.002000 0.006667
0 0.361250 0.206000 0.004500 0.008000
0 0.325500 0.233000 0.005000 0.010000
0 0.665500 0.538667 0.008000 0.007333
0 0.673000 0.545333 0.008000 0.007333
0 0.674000 0.538000 0.000000 0.024000
