0 0.533204 0.662381 0.029286 0.063810
0 0.580071 0.641429 0.035000 0.063810
0 0.501071 0.605238 0.023571 0.058095
0 0.538929 0.582857 0.023570 0.059048
0 0.479286 0.543800 0.028571 0.045714
0 0.493204 0.541429 0.023571 0.054286
0 0.459286 0.485704 0.030000 0.057143
0 0.428204 0.500476 0.025000 0.050476
0 0.408570 0.464762 0.021429 0.047619
0 0.436429 0.450476 0.008571 0.047619
0 0.390429 0.441429 0.018571 0.048571
0 0.405000 0.428571 0.021429 0.049524
0 0.365704 0.414762 0.020000 0.054286
0 0.386786 0.370000 0.009286 0.039048
0 0.400071 0.398095 0.022143 0.047619
0 0.352857 0.378095 0.022857 0.040000
0 0.605357 0.499524 0.017857 0.035238
0 0.794286 0.624762 0.057143 0.062857
0 0.640357 0.497043 0.016429 0.040000
0 0.640000 0.502857 0.018571 0.037143
0 0.630786 0.532381 0.017857 0.057143
0 0.620071 0.534286 0.010714 0.034286
0 0.240000 0.249524 0.007143 0.038095
0 0.177143 0.202857 0.015714 0.022857
0 0.692857 0.052380 0.007143 0.019048
0 0.740786 0.066667 0.007857 0.026667
