0 0.647043 0.957143 0.015714 0.057143
0 0.647143 0.949524 0.011429 0.040000
0 0.665704 0.942381 0.014286 0.069524
0 0.053570 0.483810 0.007143 0.022857
0 0.060071 0.481905 0.006429 0.020952
0 0.063570 0.466667 0.010000 0.024762
0 0.076429 0.467609 0.007143 0.020952
0 0.620429 0.619524 0.011429 0.044762
0 0.585704 0.528095 0.005714 0.025714
0 0.976786 0.454762 0.009286 0.020000
0 0.901786 0.418571 0.006429 0.016190
0 0.505000 0.406190 0.005714 0.019048
0 0.450429 0.392381 0.005714 0.017143
0 0.455357 0.392857 0.005000 0.020000
0 0.474643 0.382380 0.003571 0.014286
0 0.470429 0.384762 0.002857 0.009524
0 0.480357 0.368095 0.005000 0.004286
