0 0.231429 0.020000 0.007143 0.013333
0 0.399286 0.091905 0.008571 0.018095
0 0.409643 0.189524 0.007857 0.017143
0 0.272043 0.101905 0.010000 0.013333
0 0.502500 0.075238 0.009286 0.024762
0 0.392857 0.240905 0.008571 0.015238
0 0.395357 0.255714 0.005000 0.006667
0 0.400429 0.348571 0.008571 0.019048
0 0.395704 0.340000 0.007143 0.017143
0 0.466071 0.474762 0.010714 0.020000
0 0.622500 0.502381 0.006429 0.015238
0 0.629643 0.529048 0.005000 0.002381
0 0.626070 0.534762 0.005000 0.014286
0 0.620357 0.986667 0.015000 0.019048
0 0.486070 0.892857 0.010714 0.012381
0 0.446786 0.739524 0.007857 0.002381
0 0.505000 0.975704 0.010000 0.012381
0 0.500429 0.994762 0.007143 0.010476
0 0.586070 0.585238 0.009286 0.012381
0 0.695357 0.707609 0.007857 0.013333
0 0.696429 0.726667 0.008570 0.009524
