0 0.272182 0.808442 0.015136 0.032468
0 0.334029 0.796382 0.000438 0.039889
0 0.335073 0.678571 0.009395 0.026902
0 0.339770 0.675325 0.012526 0.040816
0 0.437890 0.657236 0.010438 0.045455
0 0.486430 0.536642 0.008351 0.025046
0 0.469990 0.440631 0.005741 0.020408
0 0.396038 0.279221 0.005219 0.020408
0 0.393006 0.276438 0.004075 0.020408
0 0.445720 0.287106 0.003132 0.015770
0 0.476775 0.282468 0.003653 0.013915
0 0.441545 0.219852 0.004175 0.009276
0 0.420407 0.200763 0.003653 0.013915
0 0.432401 0.152597 0.003653 0.010204
0 0.434499 0.037291 0.003653 0.011132
0 0.439979 0.148887 0.002088 0.008349
0 0.449374 0.135900 0.003132 0.008349
0 0.450418 0.144712 0.003132 0.009276
0 0.433977 0.161874 0.003653 0.008349
0 0.454071 0.185065 0.003132 0.010204
0 0.432933 0.128942 0.002610 0.005566
0 0.474426 0.073006 0.003132 0.008349
0 0.477296 0.069759 0.004697 0.012987
0 0.500827 0.192022 0.002610 0.014842
0 0.475209 0.094805 0.003653 0.009276
0 0.489040 0.222635 0.003032 0.014842
0 0.495303 0.226345 0.003032 0.014842
0 0.490866 0.233766 0.003653 0.004842
0 0.490344 0.285250 0.006785 0.023091
0 0.500260 0.280148 0.004697 0.014842
0 0.523747 0.368738 0.004697 0.007625
0 0.504697 0.428108 0.006263 0.021336
0 0.500522 0.425325 0.006263 0.025046
0 0.646399 0.603896 0.006785 0.033395
0 0.597338 0.608071 0.008873 0.025046
0 0.581681 0.599258 0.012004 0.037106
0 0.569937 0.603432 0.010438 0.034323
0 0.633090 0.800020 0.010438 0.043599
0 0.652400 0.236549 0.006263 0.027829
0 0.399008 0.029870 0.002610 0.011132
0 0.430585 0.007607 0.002088 0.009276
0 0.429540 0.108534 0.002088 0.009276
0 0.427975 0.008071 0.002088 0.008349
0 0.426930 0.108998 0.003132 0.008349
0 0.432933 0.080240 0.002610 0.008349
0 0.426670 0.090445 0.001566 0.006494
0 0.427714 0.089981 0.002610 0.007421
