0 0.307067 0.410946 0.012004 0.050093
0 0.520355 0.257420 0.006263 0.026902
0 0.533403 0.259276 0.007307 0.023091
0 0.565501 0.146104 0.002610 0.006494
0 0.575939 0.168831 0.003653 0.009276
0 0.563935 0.171150 0.003653 0.012059
0 0.554541 0.174397 0.003653 0.009276
0 0.545146 0.175788 0.004697 0.012059
0 0.568372 0.231911 0.006263 0.018553
0 0.528706 0.302412 0.008351 0.020408
0 0.542015 0.514842 0.014092 0.046382
0 0.471294 0.204082 0.005219 0.011132
0 0.480472 0.202226 0.004697 0.020408
0 0.460073 0.179035 0.004697 0.009276
0 0.463205 0.078571 0.003653 0.013915
0 0.527400 0.163265 0.002610 0.016698
0 0.583507 0.158627 0.003132 0.009276
0 0.562630 0.054453 0.002088 0.008349
0 0.566545 0.054917 0.002610 0.011132
0 0.564096 0.154917 0.003132 0.012987
0 0.565240 0.140074 0.002088 0.007421
