0 0.734500 0.477667 0.027000 0.056667
0 0.594000 0.626333 0.020000 0.047333
0 0.620250 0.660000 0.007500 0.045333
0 0.446500 0.438000 0.020000 0.050667
0 0.304250 0.462000 0.022500 0.045333
0 0.646000 0.389667 0.006000 0.052667
0 0.633250 0.404000 0.006500 0.038667
0 0.626500 0.357667 0.004000 0.043333
0 0.600250 0.433000 0.012500 0.051333
0 0.623500 0.449000 0.000000 0.023333
0 0.864500 0.475667 0.028000 0.052667
0 0.892500 0.496667 0.033000 0.045333
0 0.895750 0.486000 0.011500 0.024000
0 0.383250 0.686667 0.019500 0.042667
0 0.435750 0.685000 0.019500 0.038000
0 0.889750 0.466333 0.007500 0.055333
