0 0.479643 0.684762 0.029286 0.068570
0 0.484643 0.538095 0.022043 0.068571
0 0.073929 0.579048 0.030714 0.072381
0 0.015714 0.564286 0.027143 0.079048
0 0.329286 0.457043 0.012857 0.040000
0 0.486071 0.523810 0.009286 0.040000
0 0.339643 0.440000 0.005000 0.043810
0 0.250704 0.369048 0.004286 0.016190
0 0.281071 0.371905 0.007857 0.014286
0 0.050704 0.381905 0.012857 0.030476
0 0.114643 0.367143 0.010714 0.016190
0 0.111071 0.365238 0.010714 0.016190
0 0.107857 0.366190 0.010000 0.014286
0 0.055714 0.383810 0.018571 0.036190
0 0.458929 0.355704 0.006429 0.025714
0 0.453204 0.354762 0.006429 0.023810
0 0.501786 0.354762 0.007857 0.021905
0 0.509286 0.354762 0.010000 0.025714
0 0.495357 0.389048 0.006429 0.023810
0 0.620786 0.349524 0.007857 0.022857
0 0.645000 0.390952 0.007043 0.020000
0 0.652500 0.384762 0.007857 0.030476
0 0.706786 0.340476 0.005000 0.018095
0 0.747857 0.340429 0.007143 0.014286
0 0.760704 0.344286 0.005714 0.018095
0 0.905357 0.339524 0.005000 0.002381
0 0.890000 0.370476 0.005704 0.024762
0 0.896429 0.372380 0.007143 0.026667
0 0.927043 0.378571 0.008571 0.027619
0 0.943929 0.380905 0.007857 0.026667
0 0.952043 0.376667 0.007143 0.027619
0 0.958204 0.382381 0.009286 0.025714
0 0.967857 0.385704 0.007143 0.026667
0 0.984643 0.383333 0.000714 0.029524
0 0.979643 0.372857 0.007857 0.023800
0 0.964643 0.376090 0.007857 0.026667
0 0.945357 0.373800 0.007857 0.031429
0 0.939643 0.498571 0.023571 0.044762
