0 0.437250 0.478000 0.007500 0.009333
0 0.445750 0.476000 0.004500 0.010667
0 0.451500 0.508333 0.005000 0.010000
0 0.463750 0.504000 0.004500 0.009333
0 0.475750 0.533000 0.006500 0.014000
0 0.509000 0.596667 0.006000 0.014667
0 0.525250 0.607000 0.005500 0.012667
0 0.775750 0.938333 0.011500 0.014000
0 0.781750 0.945000 0.009500 0.014000
0 0.775000 0.959333 0.011000 0.022667
0 0.755000 0.903333 0.012000 0.018667
0 0.473750 0.962667 0.008500 0.021333
0 0.307500 0.540667 0.007000 0.014667
0 0.232250 0.350333 0.005500 0.004000
0 0.255250 0.405333 0.006500 0.014667
