0 0.053500 0.450667 0.008000 0.020000
0 0.063750 0.447667 0.007500 0.020667
0 0.059500 0.438667 0.008000 0.024000
0 0.093000 0.433667 0.008000 0.022000
0 0.104250 0.444333 0.008500 0.011333
0 0.082750 0.630333 0.009500 0.035333
0 0.202750 0.617000 0.011500 0.032667
0 0.210250 0.610000 0.005500 0.016000
0 0.540500 0.702667 0.012000 0.029333
0 0.552500 0.698000 0.001000 0.024000
0 0.552500 0.684333 0.001000 0.014000
0 0.540250 0.683000 0.010500 0.015333
0 0.978750 0.642667 0.004500 0.028000
0 0.839000 0.635000 0.000000 0.032667
0 0.877750 0.608667 0.012500 0.036000
0 0.727250 0.574000 0.000500 0.030667
0 0.723750 0.568000 0.000500 0.028000
0 0.703500 0.574000 0.007000 0.028000
0 0.703750 0.562333 0.010500 0.028667
0 0.685250 0.560333 0.011500 0.018000
0 0.651250 0.564000 0.009500 0.016000
0 0.656750 0.543333 0.007500 0.028000
0 0.645500 0.540333 0.005000 0.030667
0 0.639000 0.530333 0.007000 0.030333
0 0.621250 0.541667 0.012500 0.022000
0 0.580750 0.522333 0.005500 0.008000
0 0.570750 0.533333 0.006500 0.028000
0 0.567500 0.528667 0.004000 0.024000
0 0.533250 0.525333 0.005500 0.025333
0 0.525000 0.528333 0.006000 0.006667
0 0.432750 0.494333 0.007500 0.024667
0 0.498500 0.500667 0.007000 0.022667
0 0.442500 0.492333 0.005000 0.024667
0 0.530000 0.371667 0.006000 0.014000
0 0.524250 0.377667 0.003500 0.006667
0 0.508000 0.378000 0.005000 0.006000
0 0.467000 0.440667 0.005000 0.009333
0 0.489250 0.422000 0.004500 0.013333
0 0.433500 0.402000 0.005000 0.020000
0 0.444250 0.404333 0.005500 0.019333
0 0.457000 0.407333 0.006000 0.021333
0 0.462250 0.426667 0.004500 0.020000
0 0.445500 0.440667 0.005000 0.022000
0 0.420250 0.455667 0.007500 0.022000
0 0.405500 0.460000 0.005000 0.014667
0 0.427750 0.477000 0.004500 0.022000
0 0.440000 0.467333 0.006000 0.020333
0 0.400000 0.483667 0.008000 0.023333
0 0.407500 0.480333 0.006000 0.022000
0 0.376500 0.483333 0.006000 0.025333
0 0.300250 0.519333 0.005500 0.025333
0 0.408750 0.468000 0.007500 0.021333
0 0.402000 0.459333 0.008000 0.018667
0 0.356250 0.485333 0.009500 0.020000
0 0.336000 0.512667 0.010000 0.021333
0 0.308250 0.527667 0.008500 0.016667
0 0.386250 0.468333 0.009500 0.024667
0 0.396250 0.462333 0.004500 0.006667
0 0.390250 0.462333 0.006500 0.020667
0 0.395000 0.479667 0.004000 0.022000
0 0.386000 0.450000 0.005000 0.018000
0 0.380000 0.458667 0.005000 0.018667
0 0.375000 0.448667 0.000000 0.021333
0 0.333500 0.492000 0.008000 0.024000
0 0.308000 0.506000 0.009000 0.025333
0 0.309000 0.497667 0.008000 0.019333
0 0.284250 0.490000 0.007500 0.020333
0 0.480000 0.386667 0.005000 0.014667
0 0.472500 0.389667 0.005000 0.005333
