0 0.054643 0.267132 0.007857 0.008883
0 0.008214 0.305838 0.007857 0.007614
0 0.056429 0.522208 0.007043 0.006345
0 0.055704 0.534898 0.005714 0.006345
0 0.053929 0.540609 0.005000 0.005076
0 0.287500 0.569797 0.005000 0.007604
0 0.760357 0.230964 0.003570 0.010152
0 0.550357 0.558376 0.003570 0.010152
0 0.725704 0.460025 0.004286 0.006345
0 0.943204 0.605330 0.006429 0.005076
0 0.940704 0.637690 0.007143 0.006345
0 0.949286 0.609289 0.007143 0.005076
0 0.948929 0.642766 0.005000 0.003807
0 0.950357 0.647843 0.005000 0.003807
0 0.959286 0.642766 0.005704 0.006345
0 0.964643 0.638325 0.006429 0.005076
0 0.968570 0.596447 0.005714 0.007614
0 0.974286 0.440624 0.005714 0.005076
0 0.972857 0.404975 0.007143 0.005076
0 0.992500 0.420954 0.007857 0.006345
0 0.985704 0.405457 0.007143 0.006345
0 0.988570 0.402919 0.007143 0.006345
0 0.926429 0.420685 0.007143 0.008883
0 0.927143 0.412437 0.004286 0.005076
0 0.930714 0.417513 0.004286 0.007614
0 0.932143 0.425127 0.005714 0.007614
