0 0.715357 0.879048 0.035000 0.074286
0 0.356786 0.803333 0.032143 0.097143
0 0.070000 0.600000 0.025714 0.066667
0 0.442043 0.682857 0.027143 0.080000
0 0.074286 0.407043 0.018571 0.046667
0 0.656786 0.350429 0.006429 0.019048
0 0.652857 0.347043 0.007143 0.025714
0 0.637500 0.300476 0.007857 0.020000
0 0.625000 0.303800 0.005714 0.020952
0 0.608214 0.308571 0.005000 0.020952
0 0.605000 0.308571 0.005714 0.020952
0 0.644643 0.276667 0.006429 0.020000
0 0.623929 0.287043 0.005000 0.014286
0 0.620704 0.286667 0.004286 0.017143
0 0.586429 0.282380 0.007143 0.018095
0 0.520786 0.416190 0.012143 0.036190
0 0.581429 0.260476 0.004286 0.008571
0 0.593571 0.257143 0.002857 0.009524
0 0.615000 0.268571 0.005714 0.009524
0 0.606071 0.246190 0.003571 0.008571
0 0.608929 0.256667 0.003571 0.012381
0 0.608214 0.252857 0.003571 0.012381
0 0.625000 0.254286 0.002857 0.001429
0 0.623570 0.254286 0.004286 0.011429
0 0.604643 0.238095 0.003571 0.009524
0 0.592857 0.236667 0.004286 0.000476
0 0.620704 0.240000 0.004286 0.011429
0 0.620000 0.234762 0.004286 0.000476
0 0.626070 0.232857 0.003571 0.010476
0 0.456429 0.239048 0.005714 0.007619
0 0.486070 0.241429 0.003571 0.010476
0 0.074643 0.363333 0.010714 0.025714
0 0.092857 0.360952 0.011429 0.026667
0 0.205000 0.350952 0.008570 0.021905
0 0.260786 0.311905 0.010714 0.027619
0 0.343571 0.275238 0.010000 0.013333
0 0.384643 0.399524 0.000714 0.039048
0 0.440786 0.371429 0.007857 0.026667
0 0.436429 0.365704 0.007143 0.026667
0 0.442500 0.364286 0.007857 0.027609
0 0.478204 0.355238 0.007857 0.028571
0 0.490714 0.240476 0.002857 0.006667
0 0.490786 0.239048 0.002143 0.007619
