0 0.045704 0.565714 0.021429 0.013333
0 0.446429 0.565704 0.007143 0.011429
0 0.450429 0.569524 0.005714 0.011429
0 0.457043 0.567619 0.005714 0.013333
0 0.409286 0.444286 0.008571 0.008571
0 0.408929 0.444286 0.006429 0.008570
0 0.506786 0.390429 0.006429 0.011429
0 0.934286 0.305704 0.015714 0.013333
0 0.453570 0.827143 0.008571 0.014286
0 0.518929 0.802381 0.007857 0.016190
0 0.532857 0.780952 0.005714 0.011429
0 0.431071 0.679048 0.007857 0.011429
0 0.406071 0.458571 0.009286 0.012381
0 0.608571 0.559048 0.010000 0.011429
0 0.601429 0.536667 0.012857 0.012381
0 0.646786 0.478095 0.010714 0.009524
0 0.693214 0.454762 0.010714 0.012381
0 0.744286 0.458571 0.010000 0.010476
0 0.980714 0.551429 0.011429 0.009524
0 0.417500 0.571905 0.006429 0.008571
