0 0.668570 0.181429 0.005714 0.012381
0 0.673214 0.208571 0.003571 0.005714
0 0.466070 0.285238 0.006429 0.018095
0 0.486429 0.262380 0.005714 0.016190
0 0.480704 0.249048 0.005714 0.018095
0 0.460000 0.275238 0.007043 0.017143
0 0.456071 0.285714 0.006429 0.009524
0 0.430357 0.303810 0.005000 0.016190
0 0.401071 0.389048 0.009286 0.023810
0 0.438204 0.361905 0.006429 0.020952
0 0.432043 0.359524 0.005714 0.021905
0 0.247857 0.342380 0.010000 0.027619
0 0.091429 0.355238 0.005714 0.017143
0 0.069643 0.359048 0.009286 0.022857
0 0.762500 0.300476 0.007857 0.020905
0 0.982857 0.397609 0.010000 0.021905
0 0.577500 0.187143 0.005000 0.008571
0 0.942857 0.544762 0.001429 0.032381
0 0.940357 0.570429 0.009286 0.026667
0 0.906429 0.570952 0.020000 0.033333
0 0.965000 0.550000 0.007043 0.025714
