0 0.282857 0.044286 0.002857 0.008571
0 0.282043 0.138095 0.004286 0.011429
0 0.362500 0.076667 0.002143 0.008571
0 0.303214 0.170000 0.002143 0.004762
0 0.342043 0.164762 0.002857 0.009524
0 0.307857 0.069524 0.002857 0.005714
0 0.348204 0.204762 0.003571 0.005714
0 0.340000 0.200476 0.002857 0.005714
0 0.342857 0.200476 0.002857 0.007619
0 0.370071 0.150476 0.002143 0.011429
0 0.386786 0.081905 0.002143 0.005714
0 0.386429 0.073333 0.002857 0.005714
0 0.386429 0.636667 0.004286 0.008570
0 0.390357 0.629524 0.002043 0.007619
0 0.246070 0.831905 0.009286 0.010476
0 0.500786 0.621429 0.003571 0.010476
0 0.553929 0.638570 0.003571 0.006667
0 0.565357 0.096667 0.003571 0.008571
0 0.557043 0.214762 0.002857 0.006667
0 0.563204 0.197143 0.002143 0.005714
0 0.562043 0.158095 0.002857 0.009524
0 0.552043 0.153810 0.002857 0.008571
0 0.680071 0.882381 0.003571 0.010476
0 0.880000 0.744762 0.004286 0.001429
0 0.883204 0.744286 0.003571 0.006667
0 0.890357 0.907043 0.006429 0.008571
0 0.705357 0.079524 0.003571 0.006667
0 0.685704 0.238571 0.002857 0.010476
0 0.704286 0.019524 0.002857 0.004762
0 0.647857 0.265238 0.002857 0.004762
0 0.829286 0.068095 0.004286 0.006667
0 0.837043 0.106667 0.004286 0.005714
0 0.929286 0.092380 0.004286 0.007619
0 0.855357 0.360476 0.005000 0.008570
0 0.839286 0.427043 0.004286 0.006667
0 0.840429 0.532381 0.004286 0.011429
0 0.836786 0.526667 0.005000 0.009524
0 0.840429 0.513810 0.004286 0.008571
0 0.922500 0.961429 0.007857 0.010476
0 0.910714 0.853333 0.004286 0.007619
0 0.928929 0.932857 0.006429 0.006667
0 0.927857 0.860000 0.005704 0.009524
0 0.929643 0.846090 0.007857 0.004762
