0 0.054286 0.394036 0.021429 0.044416
0 0.203214 0.347716 0.013571 0.050761
0 0.094643 0.348350 0.015000 0.044416
0 0.082143 0.351523 0.012857 0.045685
0 0.052143 0.350254 0.015714 0.040609
0 0.022500 0.357868 0.013571 0.048223
0 0.065714 0.350888 0.017143 0.062183
0 0.252857 0.320701 0.017143 0.046954
0 0.260357 0.303452 0.013571 0.040609
0 0.289643 0.301548 0.010714 0.039340
0 0.302043 0.377538 0.014286 0.052030
0 0.300714 0.289340 0.010000 0.038071
0 0.309643 0.279822 0.006429 0.034264
0 0.335704 0.357868 0.015714 0.043147
0 0.359643 0.308528 0.012143 0.030457
0 0.384643 0.333022 0.009286 0.044416
0 0.009643 0.544406 0.019286 0.038071
0 0.030000 0.607386 0.014286 0.046954
0 0.030429 0.680203 0.018571 0.035533
0 0.056070 0.647208 0.022143 0.040609
0 0.072500 0.622462 0.030704 0.052030
0 0.063204 0.723985 0.023571 0.036802
0 0.032857 0.739213 0.020000 0.049492
0 0.066786 0.595178 0.022143 0.050761
0 0.356070 0.759518 0.010714 0.039340
0 0.288204 0.598350 0.013571 0.034264
0 0.260429 0.585660 0.014286 0.031726
0 0.264643 0.546954 0.020704 0.050761
0 0.346786 0.569797 0.006429 0.053299
0 0.388570 0.588832 0.017143 0.032995
0 0.405714 0.553934 0.014286 0.034264
0 0.407143 0.546320 0.014286 0.029188
0 0.378204 0.522843 0.012143 0.030457
0 0.376786 0.498730 0.015000 0.032995
0 0.382857 0.484037 0.010000 0.029188
0 0.425000 0.458022 0.007143 0.030457
0 0.440071 0.506980 0.009286 0.034264
0 0.425357 0.446700 0.006429 0.032995
0 0.446786 0.463098 0.006429 0.032995
0 0.370071 0.443528 0.016429 0.049492
0 0.527043 0.495558 0.008571 0.034264
0 0.526786 0.468274 0.006429 0.027909
0 0.547857 0.460660 0.000000 0.032995
0 0.548204 0.389594 0.010714 0.032995
0 0.607043 0.399746 0.007143 0.038071
0 0.586070 0.353426 0.007857 0.031726
0 0.564643 0.324873 0.002143 0.035533
0 0.626429 0.429569 0.000000 0.044416
0 0.637500 0.402437 0.012143 0.038071
0 0.620786 0.416878 0.007857 0.031726
0 0.629643 0.390497 0.013571 0.036802
0 0.620786 0.380711 0.007857 0.032995
0 0.669643 0.709390 0.020714 0.058376
0 0.683929 0.675027 0.013571 0.045685
0 0.096071 0.907995 0.020714 0.029188
