0 0.240500 0.942000 0.023000 0.093333
0 0.257500 0.950333 0.028000 0.097333
0 0.308000 0.831000 0.017000 0.072667
0 0.403250 0.700333 0.009500 0.039333
0 0.450250 0.762333 0.010500 0.052667
0 0.493750 0.782333 0.005500 0.064667
0 0.446000 0.739333 0.000000 0.049333
0 0.461000 0.726333 0.014000 0.039333
0 0.474250 0.747667 0.002500 0.051333
0 0.498250 0.749000 0.004500 0.054000
0 0.523500 0.867667 0.026000 0.084667
0 0.605500 0.979000 0.026000 0.042000
0 0.723000 0.984000 0.030000 0.032000
0 0.848000 0.848667 0.004000 0.044000
0 0.867750 0.844333 0.007500 0.055333
0 0.790250 0.780667 0.020500 0.074667
0 0.762500 0.780000 0.000000 0.050667
0 0.533750 0.804667 0.008500 0.064000
0 0.550750 0.798667 0.005500 0.053333
0 0.545500 0.782000 0.003000 0.056000
0 0.537250 0.769333 0.009500 0.048000
0 0.568500 0.769000 0.020000 0.046000
0 0.580750 0.766333 0.007500 0.039333
0 0.554250 0.745000 0.026500 0.040667
0 0.501250 0.713333 0.008500 0.044000
0 0.505750 0.708667 0.007500 0.042667
0 0.529000 0.700000 0.011000 0.042000
0 0.529750 0.709333 0.005500 0.020000
0 0.536000 0.710667 0.010000 0.020000
0 0.555750 0.720667 0.011500 0.040667
0 0.568000 0.708333 0.011000 0.039333
0 0.573250 0.723000 0.000500 0.039333
0 0.565500 0.690000 0.000000 0.036000
0 0.536000 0.690000 0.009000 0.033333
0 0.546500 0.676333 0.000000 0.039333
0 0.560750 0.673000 0.000500 0.036667
0 0.528000 0.684000 0.007000 0.033333
0 0.503500 0.681667 0.011000 0.042000
0 0.520500 0.670333 0.008000 0.033333
0 0.533000 0.673333 0.008000 0.025333
0 0.534250 0.670667 0.004500 0.026000
0 0.536250 0.670000 0.004500 0.018000
0 0.543000 0.657000 0.002000 0.027333
0 0.559000 0.655333 0.000000 0.028000
0 0.528750 0.655333 0.004500 0.007333
0 0.525500 0.646667 0.006000 0.029333
0 0.545500 0.637667 0.009000 0.026000
0 0.554750 0.638333 0.005500 0.024667
0 0.525250 0.635667 0.004500 0.023333
0 0.546500 0.625000 0.004000 0.009333
0 0.490000 0.667333 0.009000 0.037333
0 0.448500 0.665667 0.009000 0.034000
0 0.455250 0.667333 0.008500 0.025333
0 0.463000 0.660667 0.008000 0.036000
0 0.394750 0.682333 0.009500 0.034000
0 0.414750 0.638333 0.009500 0.014000
0 0.428500 0.634333 0.006000 0.024667
0 0.435750 0.642667 0.000500 0.021333
0 0.407000 0.601333 0.006000 0.024000
0 0.450750 0.625000 0.008500 0.027333
0 0.454750 0.640333 0.008500 0.028000
0 0.467750 0.644667 0.001500 0.028000
0 0.476750 0.645667 0.007500 0.028667
0 0.490500 0.640000 0.001000 0.030667
0 0.469750 0.604667 0.007500 0.024000
0 0.472250 0.602667 0.006500 0.022667
0 0.479750 0.605000 0.006500 0.024667
0 0.488750 0.607667 0.006500 0.023333
0 0.447500 0.604000 0.005000 0.022667
0 0.503000 0.620333 0.007000 0.026000
0 0.525000 0.624000 0.006000 0.020333
0 0.538500 0.601333 0.006000 0.025333
0 0.506000 0.599333 0.005000 0.020333
0 0.509500 0.600333 0.004000 0.008000
0 0.503750 0.601667 0.004500 0.020667
0 0.530500 0.602667 0.005000 0.016000
0 0.509250 0.602333 0.004500 0.019333
0 0.524000 0.595667 0.006000 0.009333
0 0.503500 0.595333 0.006000 0.022667
0 0.509000 0.596000 0.004000 0.020000
0 0.507750 0.592333 0.004500 0.016667
0 0.520250 0.591333 0.005500 0.012000
0 0.526750 0.590333 0.003500 0.014667
0 0.536000 0.593333 0.005000 0.007333
0 0.497000 0.579667 0.004000 0.005333
0 0.504750 0.577667 0.006500 0.006667
0 0.490500 0.544333 0.002000 0.008667
0 0.493500 0.544000 0.003000 0.009333
0 0.497250 0.540333 0.002500 0.008667
0 0.500750 0.539333 0.002500 0.009333
0 0.506750 0.546000 0.003500 0.000667
0 0.511750 0.545000 0.003500 0.008667
0 0.511750 0.544000 0.003500 0.008000
