0 0.490750 0.570333 0.001500 0.027333
0 0.312250 0.489667 0.012500 0.020667
0 0.863250 0.714333 0.015500 0.026000
0 0.759500 0.468667 0.002000 0.026667
0 0.693750 0.360667 0.008500 0.024667
0 0.357250 0.406333 0.007500 0.024667
0 0.655750 0.309000 0.005500 0.006667
0 0.635500 0.289333 0.009000 0.018667
0 0.654000 0.290000 0.006000 0.020667
0 0.660750 0.298333 0.006500 0.020667
0 0.655500 0.280000 0.005000 0.016667
0 0.660500 0.287333 0.007000 0.007333
0 0.657000 0.277667 0.005000 0.006667
0 0.672750 0.299000 0.006500 0.023333
0 0.700500 0.309000 0.007000 0.024667
0 0.695500 0.293667 0.008000 0.022000
0 0.699250 0.296000 0.005500 0.006000
0 0.700250 0.295667 0.005500 0.015333
0 0.704500 0.297667 0.005000 0.005333
0 0.650750 0.223333 0.004500 0.017333
0 0.606500 0.181667 0.005000 0.018000
0 0.500750 0.146333 0.004500 0.016667
0 0.523000 0.178000 0.005000 0.016000
0 0.625000 0.036667 0.004000 0.016000
0 0.620000 0.119333 0.005000 0.016000
0 0.609500 0.015000 0.005000 0.015333
