0 0.110714 0.188571 0.021429 0.024762
0 0.242143 0.606667 0.018571 0.022857
0 0.359286 0.949048 0.025704 0.025714
0 0.283929 0.945714 0.017857 0.028571
0 0.890000 0.837609 0.022857 0.014286
0 0.980000 0.933333 0.020429 0.022857
0 0.608214 0.522857 0.015000 0.024762
0 0.605714 0.378571 0.017143 0.025714
0 0.527500 0.411905 0.013571 0.025714
0 0.557857 0.220000 0.014286 0.028571
0 0.646786 0.025238 0.003571 0.033333
0 0.699286 0.090905 0.014286 0.031429
0 0.829643 0.035704 0.015000 0.033333
0 0.848929 0.037609 0.019286 0.033333
0 0.791786 0.096190 0.016429 0.026667
