0 0.510000 0.772857 0.030000 0.063810
0 0.620429 0.436190 0.014286 0.043810
0 0.585357 0.439524 0.005000 0.039048
0 0.593204 0.440952 0.012143 0.038095
0 0.659286 0.400000 0.002857 0.038095
0 0.709286 0.415238 0.012857 0.040000
0 0.618929 0.283333 0.007857 0.021905
0 0.642143 0.171429 0.005714 0.017143
0 0.663571 0.150000 0.005714 0.014286
0 0.680714 0.152857 0.005714 0.012381
0 0.717500 0.113810 0.003571 0.010476
0 0.719643 0.094762 0.003571 0.008571
0 0.749286 0.068095 0.002857 0.004762
0 0.753570 0.060952 0.002857 0.007619
0 0.749286 0.063333 0.002857 0.006667
0 0.747043 0.065714 0.002857 0.007619
0 0.742043 0.077143 0.002857 0.007619
0 0.745000 0.077043 0.002857 0.009524
0 0.695357 0.045714 0.005000 0.017143
0 0.724286 0.000476 0.004286 0.010476
0 0.733204 0.099048 0.003571 0.011429
0 0.730429 0.095238 0.004286 0.009524
0 0.740000 0.088095 0.002857 0.000476
0 0.647043 0.144762 0.004286 0.011429
0 0.474643 0.088571 0.006429 0.015238
0 0.503929 0.043810 0.005000 0.015238
0 0.463204 0.166667 0.005000 0.015238
0 0.072500 0.396667 0.015000 0.037143
0 0.067857 0.390476 0.017143 0.040000
0 0.085000 0.385714 0.015714 0.040000
0 0.508929 0.129524 0.005000 0.011429
0 0.530357 0.043333 0.003571 0.018095
0 0.533570 0.141429 0.004286 0.016190
