0 0.600071 0.601523 0.006429 0.022843
0 0.633929 0.607234 0.000714 0.024112
0 0.660704 0.591371 0.007143 0.025381
0 0.586070 0.554569 0.009286 0.020305
0 0.575704 0.546320 0.005714 0.019036
0 0.403571 0.592640 0.007143 0.020305
0 0.407143 0.564721 0.005714 0.017766
0 0.732043 0.427030 0.005714 0.016497
0 0.746786 0.326777 0.006429 0.009036
0 0.745704 0.305838 0.007143 0.022843
0 0.750704 0.364213 0.005714 0.022843
0 0.756786 0.327401 0.007857 0.020305
0 0.760429 0.332487 0.004286 0.017766
0 0.770786 0.444797 0.005000 0.019036
0 0.768570 0.393401 0.005714 0.027919
0 0.767857 0.303452 0.004286 0.022843
0 0.780071 0.616117 0.012143 0.016497
0 0.780000 0.602792 0.002857 0.012690
0 0.777500 0.447335 0.007857 0.020574
0 0.768204 0.373731 0.006429 0.019036
0 0.754643 0.354695 0.007857 0.006497
0 0.770000 0.330218 0.005714 0.017766
0 0.772857 0.360675 0.005714 0.020305
0 0.772500 0.298858 0.005000 0.020574
0 0.770786 0.309010 0.006429 0.019036
0 0.770357 0.279088 0.007857 0.015228
0 0.768929 0.250269 0.009286 0.015228
0 0.754286 0.078299 0.007143 0.021574
0 0.530704 0.202411 0.007143 0.021574
0 0.586070 0.094543 0.003571 0.013959
0 0.655000 0.088098 0.005714 0.013959
0 0.566786 0.097706 0.005000 0.010152
0 0.565704 0.088832 0.002857 0.012690
0 0.579643 0.089467 0.003570 0.013959
0 0.575704 0.090736 0.004286 0.011421
0 0.572043 0.081853 0.005714 0.013959
0 0.575704 0.076142 0.004286 0.012690
0 0.577500 0.079949 0.005000 0.005228
0 0.580429 0.081853 0.005714 0.016497
0 0.580429 0.078046 0.005714 0.019036
0 0.708570 0.027284 0.005714 0.011421
0 0.622500 0.001421 0.005000 0.022843
0 0.556070 0.814721 0.007857 0.022843
0 0.547500 0.804721 0.006429 0.025381
