0 0.461429 0.315238 0.004286 0.007619
0 0.357857 0.579524 0.005714 0.014286
0 0.267500 0.600000 0.012143 0.018095
0 0.020714 0.475714 0.010000 0.021905
0 0.480714 0.267143 0.004286 0.010476
0 0.557500 0.475714 0.006429 0.010476
0 0.605357 0.437143 0.006429 0.011429
0 0.475000 0.585704 0.007143 0.019048
0 0.490429 0.581429 0.004286 0.016190
0 0.484286 0.507609 0.004286 0.013333
0 0.672043 0.018571 0.002857 0.004762
0 0.830786 0.184286 0.003571 0.014286
0 0.796070 0.120952 0.003571 0.007619
0 0.802857 0.029524 0.002857 0.009524
0 0.806429 0.034286 0.002857 0.009524
0 0.775357 0.152381 0.003571 0.009524
