0 0.085000 0.269333 0.007000 0.004667
0 0.083750 0.266667 0.006500 0.006000
0 0.099250 0.260667 0.006500 0.016667
0 0.084750 0.250667 0.005500 0.015333
0 0.000250 0.243333 0.005500 0.014667
0 0.007250 0.243667 0.005500 0.014000
0 0.009750 0.240667 0.004500 0.012000
0 0.206750 0.459333 0.000500 0.028000
0 0.228000 0.058333 0.003000 0.007333
0 0.223000 0.059667 0.003000 0.007333
0 0.420000 0.168333 0.003000 0.008667
0 0.401750 0.195333 0.002500 0.010667
0 0.483250 0.266667 0.005500 0.013333
0 0.468500 0.264333 0.005000 0.011333
0 0.500250 0.230333 0.003500 0.014000
0 0.502250 0.217333 0.004500 0.012000
0 0.450000 0.196333 0.004000 0.014000
