0 0.300429 0.733333 0.025714 0.064762
0 0.395000 0.506190 0.015714 0.045714
0 0.453929 0.435704 0.013571 0.042857
0 0.489643 0.432857 0.003571 0.048571
0 0.520357 0.407619 0.009286 0.044762
0 0.533570 0.412857 0.012857 0.050476
0 0.545704 0.410476 0.011429 0.041905
0 0.073204 0.344762 0.015000 0.041905
0 0.047857 0.300952 0.007143 0.038095
0 0.057043 0.308095 0.017143 0.027619
0 0.079643 0.282380 0.013571 0.037143
0 0.086429 0.277043 0.010000 0.026667
0 0.409286 0.360476 0.010000 0.023810
0 0.904286 0.489524 0.027043 0.041905
0 0.696070 0.485238 0.016429 0.048571
0 0.523204 0.360476 0.012143 0.042857
0 0.540704 0.360476 0.010000 0.023810
0 0.452143 0.281905 0.010000 0.028571
0 0.443929 0.335238 0.010714 0.034286
0 0.443214 0.338571 0.006429 0.025714
0 0.562143 0.490476 0.014286 0.051429
