0 0.370347 0.856679 0.007829 0.026902
0 0.346555 0.882089 0.007307 0.033395
0 0.354384 0.888683 0.002526 0.044527
0 0.498073 0.835807 0.010960 0.037106
0 0.338205 0.824675 0.006263 0.006698
0 0.558706 0.463358 0.006785 0.028757
0 0.577505 0.490260 0.006785 0.020336
0 0.575057 0.494434 0.005219 0.018553
0 0.512526 0.967532 0.015658 0.031540
0 0.790700 0.948516 0.006263 0.025046
0 0.783403 0.924397 0.001482 0.038033
0 0.905188 0.478664 0.006785 0.016698
0 0.609781 0.311224 0.006785 0.017625
0 0.740866 0.232839 0.002610 0.012987
0 0.737213 0.228664 0.004697 0.012059
0 0.778706 0.229028 0.004175 0.016698
0 0.730994 0.214286 0.003653 0.018553
0 0.835334 0.235158 0.005741 0.010204
0 0.576722 0.135436 0.007307 0.020408
0 0.579593 0.032189 0.004697 0.025046
0 0.817850 0.226345 0.004175 0.014842
0 0.816545 0.252783 0.003653 0.013915
0 0.848643 0.233302 0.004075 0.013915
0 0.905532 0.057699 0.004175 0.014842
0 0.886482 0.062338 0.003653 0.011132
0 0.731211 0.003711 0.002088 0.005566
