0 0.456429 0.370193 0.018571 0.034264
0 0.522043 0.513959 0.021429 0.025381
0 0.504286 0.225254 0.020000 0.031726
0 0.350071 0.942259 0.017857 0.044416
0 0.367857 0.400015 0.017143 0.030457
0 0.309643 0.416244 0.017857 0.043147
0 0.223929 0.480964 0.025000 0.022843
0 0.089286 0.462563 0.018571 0.036802
0 0.266786 0.383249 0.009286 0.032995
0 0.363204 0.287437 0.025000 0.029188
0 0.373204 0.317259 0.016429 0.030457
0 0.427857 0.035787 0.021429 0.048223
0 0.455000 0.208022 0.017143 0.025381
0 0.450000 0.258883 0.005714 0.038071
0 0.529286 0.069062 0.018571 0.036802
0 0.605000 0.012944 0.014286 0.032995
0 0.200000 0.376904 0.022857 0.007766
0 0.036429 0.645939 0.031429 0.035533
0 0.098929 0.601675 0.026429 0.022843
0 0.060786 0.612310 0.036429 0.026650
0 0.026429 0.552665 0.030000 0.024112
0 0.223204 0.416878 0.017857 0.019036
0 0.248570 0.427030 0.035714 0.036802
0 0.396429 0.309645 0.005714 0.032995
0 0.405357 0.302817 0.020714 0.034264
0 0.608571 0.024746 0.017143 0.039340
0 0.342043 0.361675 0.014286 0.030457
0 0.350786 0.353426 0.020714 0.021574
0 0.099643 0.564086 0.022043 0.026650
0 0.598204 0.019670 0.012143 0.029188
0 0.589286 0.002056 0.014286 0.024112
0 0.597500 0.001421 0.010714 0.022843
0 0.635357 0.008883 0.003571 0.017766
0 0.659286 0.001421 0.011429 0.022843
