0 0.163250 0.277000 0.012500 0.032667
0 0.346500 0.613333 0.022000 0.052000
0 0.590000 0.214000 0.011000 0.024000
0 0.605000 0.079333 0.007000 0.028000
0 0.477000 0.076667 0.004000 0.008667
0 0.442750 0.039333 0.005500 0.014667
0 0.473500 0.076667 0.005000 0.020000
0 0.609500 0.067000 0.004000 0.009333
0 0.467250 0.035333 0.004500 0.007333
0 0.430500 0.038667 0.005000 0.016000
0 0.400500 0.051000 0.007000 0.016667
0 0.302250 0.060000 0.005500 0.020000
0 0.346250 0.054000 0.004500 0.008667
0 0.350750 0.056000 0.004500 0.007333
0 0.353250 0.055667 0.003500 0.009333
0 0.389500 0.025667 0.004000 0.002667
0 0.340750 0.013333 0.003500 0.009333
0 0.220500 0.045333 0.005000 0.018667
0 0.176500 0.030667 0.006000 0.009333
