0 0.506786 0.497143 0.019286 0.055238
0 0.343204 0.474286 0.016429 0.051429
0 0.398929 0.435704 0.016429 0.048571
0 0.281071 0.512381 0.022143 0.030476
0 0.599643 0.389048 0.003571 0.039048
0 0.502143 0.333333 0.007143 0.022857
0 0.503204 0.333810 0.005000 0.021905
0 0.500704 0.333333 0.007143 0.024762
0 0.507857 0.330905 0.005714 0.023810
0 0.504643 0.320000 0.006429 0.024762
0 0.379643 0.379524 0.009286 0.023810
0 0.041786 0.304286 0.005000 0.010476
0 0.037143 0.350476 0.005714 0.015238
0 0.142500 0.352857 0.005000 0.010476
