0 0.296429 0.426667 0.005704 0.017143
0 0.357857 0.409524 0.002857 0.003333
0 0.299286 0.422380 0.004286 0.014286
0 0.308214 0.403810 0.005000 0.015238
0 0.450071 0.300000 0.003571 0.011429
0 0.508570 0.518571 0.007143 0.021905
0 0.505357 0.558095 0.007857 0.022857
0 0.503929 0.655714 0.007857 0.025714
0 0.503929 0.600476 0.009286 0.026667
0 0.493570 0.570000 0.005714 0.023810
0 0.499286 0.755238 0.001429 0.028571
0 0.462500 0.835238 0.013571 0.015238
0 0.763929 0.516190 0.007857 0.013333
0 0.652857 0.475238 0.007143 0.009524
0 0.723214 0.569048 0.012143 0.012381
0 0.737143 0.603333 0.010000 0.018095
0 0.580357 0.470000 0.000714 0.025714
0 0.567857 0.490429 0.004286 0.019048
0 0.660714 0.474286 0.008571 0.011429
0 0.674286 0.494286 0.005714 0.009524
0 0.716071 0.358095 0.006429 0.011429
