0 0.702000 0.515000 0.028000 0.046000
0 0.570250 0.436333 0.005500 0.043333
0 0.600500 0.331000 0.010000 0.043333
0 0.586000 0.328000 0.014000 0.034667
0 0.223000 0.327333 0.004000 0.034667
0 0.249750 0.325667 0.005500 0.035333
0 0.248250 0.306333 0.016500 0.034000
0 0.248000 0.302000 0.017000 0.040000
0 0.245250 0.306000 0.006500 0.033333
0 0.245000 0.295667 0.003000 0.034000
0 0.404250 0.268333 0.013500 0.028667
0 0.049250 0.095000 0.001500 0.022000
0 0.040000 0.033667 0.003000 0.022000
0 0.524250 0.326333 0.009500 0.039333
0 0.546250 0.306000 0.012500 0.040000
0 0.440000 0.250000 0.008000 0.033333
0 0.853250 0.049000 0.009500 0.027333
0 0.860250 0.045000 0.006500 0.026000
