0 0.320000 0.650380 0.011429 0.039340
0 0.401071 0.774112 0.009286 0.032995
0 0.345704 0.842640 0.010000 0.027919
0 0.409286 0.890228 0.001429 0.031726
0 0.380786 0.906726 0.010714 0.026650
0 0.375000 0.883249 0.000000 0.032995
0 0.382500 0.950777 0.009286 0.032995
0 0.364643 0.930203 0.002143 0.027919
0 0.358570 0.964467 0.011429 0.038071
0 0.657043 0.480964 0.008571 0.032995
0 0.685357 0.467005 0.009286 0.030457
0 0.640429 0.447970 0.008571 0.030457
0 0.648204 0.437817 0.007857 0.025381
0 0.696070 0.431472 0.007857 0.030457
0 0.603929 0.463832 0.006429 0.029088
0 0.600000 0.453680 0.008571 0.031726
0 0.584643 0.428299 0.007857 0.026650
0 0.599286 0.428934 0.007043 0.030457
0 0.560704 0.360406 0.007143 0.025381
0 0.374643 0.348350 0.006429 0.026650
0 0.405704 0.375000 0.007143 0.029188
0 0.403929 0.400381 0.006429 0.024112
0 0.434643 0.399012 0.007857 0.019036
0 0.439286 0.390497 0.007143 0.029188
0 0.350786 0.332487 0.006429 0.025381
0 0.401429 0.704315 0.010000 0.030457
0 0.803570 0.571701 0.012857 0.031726
0 0.964286 0.740751 0.015714 0.031726
0 0.963204 0.772208 0.015000 0.036802
0 0.987500 0.724609 0.012143 0.030457
0 0.986070 0.689721 0.013571 0.034264
0 0.988570 0.705584 0.014286 0.030457
0 0.975000 0.770305 0.005714 0.032995
0 0.990000 0.828046 0.002857 0.024112
0 0.778204 0.571701 0.009286 0.034264
0 0.770071 0.578680 0.012143 0.038071
0 0.686429 0.446700 0.011429 0.030457
0 0.670704 0.471447 0.007143 0.026650
0 0.662043 0.508249 0.010000 0.029188
0 0.656070 0.470178 0.007857 0.026650
0 0.653929 0.468274 0.007857 0.035533
0 0.658929 0.459390 0.006429 0.032995
0 0.669286 0.454949 0.000000 0.029188
0 0.668929 0.447335 0.005000 0.006497
0 0.652500 0.429569 0.007857 0.026650
0 0.646786 0.427030 0.006429 0.026650
0 0.605714 0.451777 0.005714 0.032995
0 0.505704 0.390228 0.008571 0.029188
0 0.453929 0.396574 0.007857 0.029088
0 0.458570 0.391497 0.007143 0.029188
0 0.356070 0.323604 0.005000 0.020305
0 0.346070 0.343274 0.006429 0.016497
0 0.358929 0.322335 0.006429 0.022843
0 0.496786 0.383883 0.009286 0.030726
0 0.360071 0.989848 0.009286 0.017766
