0 0.500357 0.208570 0.009286 0.028571
0 0.500000 0.123810 0.010000 0.026667
0 0.506786 0.191429 0.009286 0.030476
0 0.768570 0.081905 0.012857 0.024762
0 0.800071 0.090476 0.013571 0.022857
0 0.804286 0.081905 0.012857 0.030476
0 0.820786 0.110952 0.012143 0.027619
0 0.660000 0.087619 0.010000 0.028571
0 0.704643 0.050476 0.010714 0.026667
0 0.797500 0.054762 0.010714 0.031429
0 0.829643 0.088571 0.013571 0.022857
0 0.895000 0.096667 0.020000 0.023810
0 0.872500 0.305704 0.015000 0.020952
0 0.757500 0.083333 0.010714 0.029524
0 0.720786 0.206667 0.012143 0.020952
0 0.913214 0.597619 0.009286 0.020000
0 0.974286 0.987609 0.028571 0.013333
0 0.806429 0.966190 0.025714 0.021905
0 0.744643 0.853810 0.022143 0.010476
0 0.759643 0.862380 0.015000 0.016190
0 0.763929 0.805714 0.017857 0.012381
0 0.787500 0.835704 0.016429 0.020000
0 0.806429 0.850476 0.007143 0.022857
0 0.809643 0.838095 0.020714 0.015238
0 0.800786 0.876190 0.022143 0.020952
0 0.803571 0.867619 0.017143 0.015238
0 0.802857 0.880476 0.011429 0.016190
0 0.728929 0.726667 0.006429 0.020952
0 0.645000 0.799048 0.000000 0.015238
0 0.507857 0.946090 0.012857 0.027619
0 0.508571 0.930952 0.011429 0.025714
0 0.550429 0.909048 0.010000 0.014286
0 0.500786 0.331905 0.007857 0.021905
0 0.508204 0.385714 0.009286 0.020952
0 0.492043 0.409524 0.011429 0.020952
0 0.509286 0.422857 0.007143 0.013333
0 0.492500 0.463333 0.009286 0.006190
0 0.500071 0.495714 0.010714 0.018095
0 0.540071 0.572857 0.009286 0.014286
0 0.697857 0.372380 0.012857 0.017143
0 0.708214 0.395238 0.016429 0.020952
