0 0.327500 0.013333 0.009286 0.017143
0 0.333204 0.115238 0.010714 0.019048
0 0.305357 0.383810 0.010714 0.015238
0 0.330429 0.374286 0.014286 0.017143
0 0.333204 0.351905 0.010714 0.012381
0 0.316429 0.797143 0.007143 0.013333
0 0.353570 0.860952 0.008571 0.019048
0 0.234643 0.855704 0.015000 0.014286
0 0.095000 0.844762 0.005714 0.019048
0 0.563214 0.807619 0.010714 0.022857
0 0.605000 0.849048 0.014286 0.016190
0 0.605357 0.687043 0.007857 0.018095
0 0.602143 0.501905 0.008571 0.017143
0 0.004286 0.889048 0.011429 0.010476
