0 0.532620 0.308646 0.010960 0.056586
0 0.587061 0.393321 0.011482 0.044527
0 0.545929 0.680818 0.010438 0.064935
0 0.525303 0.684137 0.015136 0.071429
0 0.537839 0.740651 0.009916 0.041744
0 0.570098 0.685529 0.013048 0.079777
0 0.596555 0.690630 0.011482 0.052876
0 0.620868 0.710111 0.009916 0.064007
0 0.505209 0.675788 0.012526 0.064007
0 0.480211 0.687848 0.015658 0.069573
0 0.483820 0.820037 0.002526 0.050093
0 0.570459 0.806790 0.015658 0.056586
0 0.474948 0.762523 0.002526 0.070501
0 0.605605 0.650742 0.010960 0.064007
0 0.630740 0.669295 0.014092 0.065863
0 0.602035 0.655380 0.004092 0.054731
0 0.587061 0.664193 0.017745 0.068646
0 0.548539 0.649804 0.016701 0.062152
0 0.592640 0.600186 0.012004 0.072356
0 0.587422 0.640074 0.000960 0.059369
0 0.572025 0.636364 0.004614 0.066790
0 0.553497 0.620985 0.014092 0.065863
0 0.566284 0.600649 0.002526 0.064007
0 0.502870 0.599722 0.012004 0.054731
0 0.507484 0.597866 0.010960 0.073284
0 0.528706 0.608275 0.011482 0.064007
0 0.539044 0.624304 0.010438 0.055659
0 0.536534 0.595547 0.000438 0.050093
0 0.530270 0.570965 0.008351 0.047310
0 0.533925 0.556586 0.009395 0.046382
0 0.545929 0.554267 0.002526 0.052876
0 0.536534 0.545455 0.000438 0.053803
0 0.535490 0.519481 0.009395 0.046382
0 0.544363 0.503915 0.007307 0.051948
0 0.533664 0.493506 0.000960 0.050093
0 0.506263 0.503247 0.000438 0.052876
0 0.508528 0.500928 0.008873 0.050093
0 0.507745 0.511596 0.009395 0.043599
0 0.533925 0.435993 0.009395 0.057504
0 0.546973 0.425788 0.000438 0.050093
0 0.547495 0.438776 0.000438 0.046382
0 0.546450 0.453618 0.012526 0.057514
0 0.540232 0.474954 0.009395 0.042672
0 0.544885 0.467532 0.008350 0.042672
0 0.606994 0.583488 0.001482 0.074212
0 0.640962 0.630798 0.012526 0.077922
0 0.628904 0.611781 0.010438 0.067718
0 0.630263 0.592764 0.009916 0.059369
0 0.693011 0.655380 0.010438 0.069573
0 0.699635 0.635900 0.009906 0.071429
0 0.685282 0.637290 0.010438 0.068646
0 0.599065 0.437384 0.009395 0.058442
0 0.605428 0.444805 0.008350 0.056586
0 0.604301 0.437848 0.009395 0.055659
0 0.627870 0.431354 0.010438 0.050093
0 0.603779 0.476345 0.010438 0.060297
0 0.629958 0.506234 0.010438 0.058442
0 0.608737 0.492115 0.008873 0.049165
0 0.492432 0.624304 0.009906 0.051948
0 0.473382 0.665584 0.002526 0.078850
0 0.484342 0.601781 0.008351 0.071429
0 0.476504 0.573748 0.012526 0.073284
0 0.603779 0.564471 0.010438 0.069573
