0 0.094286 0.848350 0.020000 0.046954
0 0.409286 0.703046 0.002857 0.038071
0 0.422500 0.704305 0.012143 0.040609
0 0.430429 0.714467 0.010000 0.025381
0 0.450704 0.647208 0.008571 0.038071
0 0.534643 0.770939 0.015000 0.024112
0 0.538214 0.696701 0.012143 0.025381
0 0.505357 0.511421 0.007857 0.020305
0 0.472500 0.496093 0.010714 0.035533
0 0.523214 0.459391 0.010714 0.022843
0 0.490704 0.481599 0.010000 0.039340
0 0.497857 0.480964 0.008570 0.035533
0 0.493204 0.380711 0.007857 0.030457
0 0.485000 0.320701 0.008571 0.036802
0 0.206070 0.503173 0.010714 0.034264
0 0.278929 0.435904 0.010714 0.041878
0 0.263570 0.355964 0.012857 0.041878
0 0.294286 0.285533 0.000000 0.020305
0 0.280786 0.258883 0.009286 0.030457
0 0.280071 0.288071 0.017857 0.035533
0 0.333929 0.440355 0.002143 0.027919
0 0.324643 0.440355 0.007857 0.038070
0 0.460357 0.430838 0.009286 0.029188
0 0.463214 0.421320 0.012143 0.027919
0 0.460786 0.331853 0.007857 0.026650
0 0.345704 0.347716 0.007143 0.030457
0 0.360704 0.322970 0.004286 0.031726
0 0.358929 0.294406 0.010714 0.030457
0 0.382500 0.360675 0.009286 0.038071
0 0.362043 0.365482 0.007143 0.025381
0 0.356070 0.359137 0.006429 0.025381
0 0.347500 0.360675 0.009286 0.030457
0 0.350704 0.251269 0.008571 0.032995
0 0.378929 0.303452 0.009286 0.030457
0 0.367857 0.307893 0.007143 0.011421
0 0.368204 0.310279 0.006429 0.013959
0 0.380429 0.080584 0.007143 0.031726
0 0.366786 0.098985 0.007857 0.030457
0 0.390786 0.152284 0.005000 0.022843
0 0.379286 0.207005 0.007143 0.030457
0 0.366429 0.239848 0.005704 0.035533
0 0.370357 0.244924 0.005000 0.017766
0 0.395704 0.260787 0.010000 0.034264
0 0.405357 0.258883 0.009286 0.032995
0 0.370071 0.217005 0.007857 0.027919
0 0.390000 0.103426 0.007143 0.021574
0 0.392857 0.002157 0.005714 0.031726
0 0.392857 0.092640 0.005704 0.027919
0 0.489643 0.202401 0.007857 0.036802
0 0.482857 0.200142 0.004286 0.031726
0 0.466786 0.225254 0.006429 0.020574
0 0.470071 0.190355 0.006429 0.030457
0 0.503214 0.161802 0.007857 0.031726
0 0.499643 0.087563 0.006429 0.035533
0 0.488929 0.093909 0.007857 0.030457
0 0.476786 0.011041 0.006429 0.031726
0 0.472500 0.011041 0.005000 0.034264
0 0.490000 0.074492 0.007143 0.029188
0 0.482857 0.075127 0.007143 0.030457
0 0.472857 0.071320 0.005714 0.022843
0 0.464643 0.082107 0.003571 0.013959
0 0.459286 0.086548 0.007143 0.025381
0 0.466786 0.018655 0.005000 0.013959
0 0.469286 0.050381 0.005714 0.021574
0 0.172500 0.494289 0.009286 0.019036
0 0.069643 0.486041 0.013571 0.040609
0 0.462500 0.004695 0.007857 0.024112
0 0.470357 0.027284 0.005000 0.024012
