0 0.485000 0.472857 0.007143 0.039048
0 0.455000 0.444286 0.001429 0.037143
0 0.469643 0.401429 0.015000 0.032381
0 0.477500 0.304762 0.006429 0.007143
0 0.470429 0.299524 0.005714 0.016190
0 0.468929 0.290905 0.005000 0.012381
0 0.557143 0.356667 0.007143 0.008571
0 0.275704 0.350952 0.007143 0.021905
0 0.459286 0.287043 0.004286 0.014286
0 0.787500 0.362381 0.013571 0.018095
0 0.842043 0.306190 0.005714 0.012381
0 0.708204 0.787143 0.020714 0.065714
0 0.690786 0.787619 0.016429 0.038095
0 0.569643 0.597043 0.020714 0.057143
0 0.958929 0.440905 0.007857 0.024762
0 0.949286 0.434286 0.000000 0.030476
0 0.948929 0.333333 0.006429 0.003333
0 0.900000 0.325238 0.004286 0.002381
0 0.928929 0.304762 0.006429 0.005238
0 0.466429 0.256667 0.004286 0.000476
0 0.460786 0.252857 0.003571 0.008571
0 0.459643 0.253333 0.003570 0.009524
