0 0.639643 0.053299 0.005000 0.007766
0 0.632500 0.099609 0.006429 0.021574
0 0.605704 0.111041 0.002857 0.013959
0 0.599643 0.005964 0.005000 0.016497
0 0.566070 0.029822 0.007857 0.011421
0 0.558204 0.011421 0.006429 0.015228
0 0.554643 0.237300 0.006429 0.015228
0 0.548204 0.250635 0.003571 0.016497
0 0.565000 0.277284 0.007043 0.019036
0 0.650786 0.189721 0.006429 0.019036
0 0.630357 0.407995 0.006429 0.006497
0 0.704286 0.458122 0.007143 0.022843
0 0.655704 0.450508 0.007143 0.020305
0 0.633204 0.475888 0.006429 0.017766
0 0.624643 0.432007 0.005000 0.021574
0 0.623204 0.462563 0.006429 0.021574
0 0.624286 0.484037 0.004286 0.019036
0 0.628570 0.517132 0.005714 0.024112
0 0.632043 0.557741 0.007143 0.024112
0 0.664643 0.588832 0.007857 0.007766
0 0.640429 0.630076 0.005714 0.013959
0 0.592857 0.635787 0.007043 0.027919
0 0.760429 0.693528 0.010000 0.031726
0 0.701786 0.542513 0.006429 0.021574
0 0.790429 0.854061 0.007143 0.025381
0 0.750357 0.876904 0.007857 0.022843
0 0.740071 0.875000 0.005000 0.024112
0 0.682043 0.946701 0.007143 0.030457
0 0.664286 0.901168 0.011429 0.020305
0 0.690071 0.937183 0.005000 0.021574
0 0.575357 0.620827 0.007857 0.020305
0 0.583929 0.608655 0.005000 0.019036
0 0.584643 0.638325 0.007857 0.020305
0 0.640704 0.647843 0.005714 0.019036
0 0.653570 0.626904 0.007143 0.025381
0 0.660704 0.605964 0.007143 0.016497
0 0.650786 0.597081 0.006429 0.013959
0 0.637043 0.596447 0.005714 0.012690
0 0.657500 0.583756 0.005000 0.005228
0 0.579643 0.570701 0.006429 0.016497
0 0.572857 0.569797 0.005704 0.020305
0 0.696429 0.557007 0.005714 0.022843
0 0.560704 0.273477 0.005714 0.019036
0 0.556429 0.260787 0.005704 0.019036
0 0.575000 0.033629 0.004286 0.006497
0 0.600000 0.065990 0.001429 0.012690
0 0.632500 0.523477 0.005000 0.001421
