0 0.053214 0.745714 0.047857 0.049524
0 0.827500 0.752857 0.032143 0.058095
0 0.575357 0.387609 0.019286 0.053333
0 0.496786 0.360429 0.020714 0.052381
0 0.467500 0.266090 0.010714 0.042857
0 0.626070 0.110952 0.009286 0.029524
0 0.647857 0.045238 0.005704 0.025714
0 0.640071 0.291905 0.012143 0.040952
0 0.638214 0.444762 0.015000 0.047619
0 0.536070 0.146667 0.009286 0.032381
0 0.637500 0.209048 0.009286 0.029524
0 0.577043 0.072857 0.007143 0.023810
0 0.560429 0.058571 0.005714 0.023810
0 0.659643 0.072857 0.006429 0.023800
0 0.644286 0.001905 0.007143 0.021905
