0 0.228204 0.032995 0.017857 0.027919
0 0.277500 0.045050 0.012143 0.026650
0 0.393929 0.002690 0.010714 0.020305
0 0.400357 0.027909 0.010714 0.025381
0 0.430786 0.164975 0.015000 0.032995
0 0.063214 0.532360 0.013571 0.019036
0 0.820429 0.315355 0.011429 0.013959
0 0.802857 0.317893 0.007143 0.013959
0 0.945357 0.225254 0.003571 0.019036
0 0.940357 0.004695 0.020714 0.024112
0 0.960000 0.203832 0.011429 0.016497
0 0.835704 0.715102 0.015714 0.019036
0 0.842857 0.696066 0.005714 0.021574
0 0.630786 0.317893 0.012143 0.024112
0 0.300357 0.659264 0.010714 0.016497
0 0.288929 0.635052 0.013571 0.011421
0 0.023571 0.885152 0.015714 0.019036
0 0.013571 0.875635 0.015714 0.027919
0 0.000714 0.821066 0.020000 0.017766
0 0.052857 0.867386 0.027043 0.024112
0 0.050000 0.937083 0.024286 0.016497
0 0.035357 0.930838 0.005000 0.024112
0 0.058204 0.771574 0.017857 0.017766
