0 0.460000 0.273477 0.008570 0.034264
0 0.465704 0.273477 0.010000 0.034264
0 0.440429 0.920685 0.011429 0.044416
0 0.450704 0.923858 0.014286 0.045685
0 0.470357 0.783629 0.016429 0.031726
0 0.467500 0.772208 0.019286 0.031726
0 0.750000 0.665609 0.002857 0.041878
0 0.733570 0.617386 0.012857 0.036802
0 0.703570 0.518401 0.010000 0.024112
0 0.708214 0.464467 0.007857 0.035533
0 0.725000 0.472706 0.012857 0.036802
0 0.544286 0.028807 0.008571 0.024112
0 0.539286 0.016751 0.007143 0.020305
0 0.426786 0.007766 0.007857 0.027919
0 0.667857 0.248096 0.007043 0.034264
0 0.674286 0.248096 0.008570 0.039340
0 0.527857 0.487944 0.008571 0.019036
0 0.535357 0.476523 0.010714 0.021574
0 0.474643 0.602792 0.013571 0.025381
0 0.474286 0.577411 0.012857 0.025381
0 0.733204 0.424492 0.017857 0.029188
0 0.705704 0.297589 0.017143 0.029188
0 0.468214 0.427665 0.006429 0.025381
