0 0.339000 0.477000 0.004000 0.005333
0 0.409750 0.408667 0.005500 0.013333
0 0.424500 0.490333 0.005000 0.017333
0 0.002500 0.109000 0.002000 0.008667
0 0.002500 0.100667 0.002000 0.008000
0 0.020750 0.096000 0.002500 0.008000
0 0.016000 0.097333 0.002000 0.008000
0 0.013750 0.098333 0.002500 0.008667
0 0.005750 0.108333 0.002500 0.008667
0 0.007750 0.108000 0.002500 0.008000
0 0.007250 0.100667 0.002500 0.009333
0 0.010250 0.098333 0.002500 0.007333
0 0.014250 0.104000 0.002500 0.010667
0 0.017000 0.105000 0.002000 0.008667
0 0.020250 0.103667 0.002500 0.010000
0 0.023000 0.103667 0.002000 0.007333
0 0.028000 0.103333 0.002000 0.006667
0 0.029500 0.102000 0.002000 0.006667
0 0.032000 0.102000 0.002000 0.008000
