0 0.482043 0.571905 0.008571 0.025714
0 0.567043 0.508095 0.012857 0.033333
0 0.592500 0.484286 0.007857 0.037143
0 0.405357 0.579524 0.010714 0.023810
0 0.389286 0.569524 0.001429 0.024762
0 0.303929 0.554286 0.019286 0.032381
0 0.340357 0.537043 0.020714 0.028571
0 0.365000 0.563810 0.017143 0.024762
0 0.386429 0.550905 0.011429 0.025714
0 0.390429 0.538095 0.015714 0.028571
0 0.401429 0.547143 0.018571 0.031429
0 0.409643 0.532380 0.012143 0.026667
0 0.234643 0.500000 0.022143 0.031429
0 0.237500 0.490000 0.022043 0.027619
0 0.240071 0.480952 0.022143 0.026667
0 0.282500 0.472381 0.015000 0.026667
0 0.208204 0.336667 0.015000 0.029524
0 0.085714 0.342857 0.015714 0.026667
0 0.060429 0.578571 0.028571 0.031429
0 0.012143 0.525238 0.018571 0.029524
0 0.008929 0.520952 0.022143 0.032381
0 0.008571 0.458571 0.017143 0.023810
0 0.047857 0.179524 0.015714 0.029524
0 0.054643 0.177619 0.015000 0.031429
0 0.034643 0.144286 0.015000 0.033333
0 0.035000 0.114762 0.014286 0.027619
0 0.043571 0.113333 0.014286 0.030476
0 0.008571 0.080476 0.014286 0.027619
0 0.014643 0.078095 0.016429 0.032381
0 0.018571 0.075238 0.015714 0.032381
0 0.277857 0.043333 0.004286 0.029524
0 0.282043 0.035238 0.011429 0.028571
0 0.366786 0.077609 0.012143 0.029524
0 0.365357 0.073333 0.000714 0.028571
0 0.489643 0.064762 0.009286 0.022857
0 0.603571 0.478095 0.010000 0.030476
0 0.675000 0.408095 0.012857 0.032381
0 0.667500 0.408570 0.013571 0.030476
0 0.682500 0.403333 0.005000 0.029524
0 0.673570 0.391429 0.012857 0.032381
0 0.707857 0.348571 0.015714 0.019048
0 0.833570 0.218571 0.010000 0.021905
0 0.839643 0.209048 0.009286 0.024762
0 0.905357 0.173333 0.015000 0.026667
0 0.690704 0.012381 0.008571 0.024762
0 0.705357 0.004286 0.010714 0.026667
0 0.703929 0.014762 0.010714 0.027619
0 0.726786 0.020429 0.009286 0.023810
0 0.727857 0.000000 0.008571 0.020000
0 0.736429 0.028095 0.001429 0.029524
0 0.743204 0.057619 0.010714 0.027619
0 0.744643 0.029048 0.002143 0.027619
0 0.745357 0.023333 0.002143 0.031429
0 0.758929 0.050429 0.010714 0.030476
0 0.760000 0.046667 0.002857 0.030476
0 0.772043 0.076190 0.012857 0.030476
0 0.767043 0.043333 0.011429 0.027619
0 0.794286 0.077609 0.011429 0.031429
0 0.797043 0.070952 0.012857 0.031429
0 0.775357 0.032380 0.009286 0.028571
0 0.778204 0.030000 0.009286 0.025714
0 0.780071 0.028095 0.010714 0.027619
0 0.846786 0.003810 0.015000 0.030476
0 0.855704 0.117143 0.017143 0.030476
0 0.859643 0.011905 0.017857 0.029524
0 0.858929 0.099524 0.002143 0.029524
0 0.863929 0.002857 0.013571 0.024762
0 0.967500 0.074762 0.019286 0.031429
0 0.938570 0.121905 0.015714 0.028571
0 0.885000 0.026190 0.018571 0.029524
0 0.892500 0.024762 0.017857 0.030476
0 0.888204 0.104762 0.016429 0.028571
0 0.892043 0.098571 0.017143 0.033333
0 0.882500 0.082380 0.016429 0.025714
0 0.886786 0.074286 0.007857 0.032381
0 0.924643 0.025238 0.016429 0.029524
0 0.925000 0.020000 0.015714 0.034286
0 0.904643 0.114762 0.017857 0.029524
0 0.903929 0.090476 0.020714 0.028571
0 0.908929 0.084286 0.015000 0.029524
0 0.928929 0.073333 0.007857 0.028571
0 0.932043 0.067619 0.017143 0.032381
0 0.907500 0.051905 0.019286 0.029524
0 0.922857 0.048095 0.008571 0.031429
0 0.901071 0.033333 0.009286 0.022857
0 0.905357 0.034762 0.010714 0.025714
0 0.980704 0.169048 0.018571 0.029524
0 0.885704 0.173333 0.014286 0.032381
