0 0.445714 0.074762 0.007143 0.021905
0 0.466071 0.254762 0.010714 0.020000
0 0.380357 0.382857 0.009286 0.022857
0 0.547500 0.466667 0.012143 0.019048
0 0.593929 0.486667 0.010714 0.020952
0 0.460714 0.540476 0.011429 0.018095
0 0.635357 0.589048 0.013571 0.025714
0 0.558204 0.668571 0.012143 0.028571
0 0.724643 0.563800 0.010714 0.022857
0 0.706070 0.693333 0.012143 0.030476
0 0.709643 0.706190 0.010714 0.023810
0 0.522500 0.726667 0.015000 0.022857
0 0.426786 0.957619 0.015000 0.020000
0 0.320357 0.890952 0.005000 0.025714
0 0.292857 0.732381 0.015714 0.017143
0 0.301786 0.659048 0.010714 0.019048
0 0.262043 0.649048 0.011429 0.018095
0 0.038570 0.282857 0.010000 0.015238
0 0.048929 0.305704 0.013571 0.013333
0 0.340071 0.042381 0.010714 0.023810
0 0.320704 0.031905 0.010000 0.023810
0 0.837857 0.164286 0.008571 0.016190
0 0.844643 0.163810 0.005000 0.017143
0 0.934643 0.016667 0.007857 0.023810
0 0.928214 0.105714 0.006429 0.020952
0 0.934643 0.095714 0.007857 0.018095
