0 0.648204 0.064721 0.007857 0.020305
0 0.650429 0.017132 0.005714 0.013959
0 0.666786 0.093274 0.006429 0.026650
0 0.674643 0.047208 0.006429 0.020305
0 0.608570 0.045685 0.007143 0.017766
0 0.573570 0.042513 0.007143 0.013959
0 0.590704 0.042513 0.005714 0.016497
0 0.590429 0.061548 0.005714 0.016497
0 0.583204 0.093274 0.012143 0.013959
0 0.630071 0.103426 0.006429 0.016497
0 0.598214 0.155457 0.012143 0.011421
0 0.610357 0.246827 0.012143 0.016497
0 0.676070 0.287437 0.005000 0.016497
0 0.689286 0.309162 0.007143 0.026650
0 0.683204 0.331218 0.007857 0.015228
0 0.673570 0.342005 0.007143 0.019036
0 0.680429 0.359772 0.004286 0.019036
0 0.675704 0.363579 0.004286 0.019036
0 0.660357 0.340002 0.005000 0.017766
0 0.620071 0.373096 0.006429 0.015228
0 0.627857 0.420320 0.005714 0.020305
0 0.698929 0.390863 0.005000 0.022843
0 0.703570 0.434010 0.005714 0.025381
0 0.656429 0.590002 0.008571 0.020305
0 0.660071 0.724619 0.007857 0.022843
0 0.606429 0.681472 0.008571 0.017766
0 0.696070 0.770939 0.009286 0.026650
0 0.068214 0.104695 0.005000 0.013959
0 0.015714 0.338198 0.007143 0.019036
0 0.085714 0.354061 0.007143 0.015228
0 0.237500 0.245558 0.005000 0.006497
0 0.638929 0.002690 0.006429 0.015228
0 0.582043 0.030457 0.005714 0.010152
0 0.597857 0.065355 0.005704 0.016497
0 0.624286 0.002157 0.005714 0.016497
0 0.608929 0.102792 0.005000 0.012690
0 0.623570 0.385152 0.005714 0.016497
0 0.630429 0.425761 0.005714 0.019036
0 0.540786 0.389594 0.007857 0.025381
0 0.665704 0.600888 0.008571 0.016497
