0 0.032500 0.907143 0.027857 0.019048
0 0.453570 0.702381 0.011429 0.018095
0 0.470704 0.702381 0.011429 0.023810
0 0.473204 0.682857 0.010714 0.020952
0 0.487500 0.690476 0.009286 0.024762
0 0.486786 0.700000 0.012143 0.020000
0 0.507043 0.542381 0.008571 0.020000
0 0.575000 0.602857 0.008571 0.023810
0 0.679643 0.209048 0.009286 0.016190
0 0.880786 0.250476 0.013571 0.022857
0 0.724643 0.928570 0.013571 0.017143
0 0.794643 0.870429 0.019286 0.020952
0 0.772857 0.850476 0.008571 0.019048
0 0.795000 0.836667 0.005714 0.014286
0 0.897043 0.792857 0.017143 0.018095
0 0.894643 0.776090 0.019286 0.019048
0 0.902857 0.772381 0.015714 0.017143
0 0.949643 0.730476 0.017857 0.026667
0 0.960714 0.714286 0.011429 0.015238
0 0.965714 0.746667 0.017143 0.020952
0 0.985714 0.758095 0.024286 0.020952
0 0.993204 0.781429 0.013571 0.018095
