0 0.083570 0.706853 0.014286 0.020305
0 0.081786 0.651015 0.009286 0.025381
0 0.091071 0.671954 0.009286 0.021574
0 0.200357 0.663706 0.009286 0.022843
0 0.204286 0.726523 0.010000 0.024112
0 0.268570 0.739213 0.010000 0.026650
0 0.295357 0.738579 0.009286 0.025380
0 0.276070 0.716371 0.007857 0.019036
0 0.286429 0.721447 0.017143 0.019036
0 0.280357 0.699873 0.009286 0.020574
0 0.277043 0.694797 0.008571 0.024112
0 0.275000 0.684645 0.008570 0.026650
0 0.285357 0.682107 0.012143 0.011421
0 0.274643 0.670320 0.009286 0.027919
0 0.303570 0.685914 0.007143 0.024112
0 0.303570 0.676396 0.008571 0.022843
0 0.302143 0.658629 0.008571 0.025381
0 0.306070 0.640863 0.006429 0.030457
0 0.296429 0.657360 0.007043 0.030457
0 0.292043 0.638325 0.005714 0.025381
0 0.295357 0.609924 0.009286 0.026650
0 0.557857 0.008249 0.004286 0.006497
0 0.559286 0.057007 0.004286 0.022843
0 0.576429 0.040244 0.004286 0.024112
0 0.595357 0.047589 0.005000 0.009036
0 0.597043 0.040609 0.004286 0.017766
0 0.598929 0.059000 0.005000 0.024112
0 0.550357 0.060533 0.007857 0.021574
0 0.560704 0.078046 0.004286 0.019036
0 0.560071 0.121193 0.002143 0.024112
0 0.572043 0.114848 0.004286 0.024112
0 0.579643 0.005330 0.006429 0.025381
0 0.584643 0.006599 0.005000 0.022843
0 0.590786 0.102792 0.005000 0.025381
0 0.595357 0.004061 0.005000 0.022843
0 0.603570 0.106599 0.004286 0.020305
0 0.607500 0.008503 0.003571 0.019036
0 0.590429 0.067259 0.004286 0.020305
0 0.596070 0.064086 0.003571 0.021574
0 0.588570 0.086294 0.004286 0.022843
0 0.628204 0.097081 0.006429 0.024112
0 0.650000 0.052284 0.005714 0.022843
0 0.630704 0.161802 0.007143 0.026650
0 0.630071 0.169416 0.006429 0.021574
0 0.637500 0.075127 0.005000 0.025381
0 0.643204 0.177665 0.007857 0.025381
0 0.640357 0.096066 0.006429 0.026650
0 0.627500 0.200508 0.006429 0.025380
0 0.630429 0.199873 0.005714 0.026650
0 0.628929 0.205102 0.005000 0.024112
0 0.632857 0.205102 0.005714 0.021574
0 0.637500 0.236040 0.005000 0.025381
0 0.640357 0.249365 0.005000 0.026650
0 0.643570 0.244289 0.007143 0.029188
0 0.650000 0.246827 0.005704 0.024112
0 0.632500 0.254442 0.006429 0.026650
0 0.626429 0.270305 0.004286 0.025380
0 0.625704 0.258249 0.005714 0.026650
0 0.640071 0.304569 0.007857 0.025381
0 0.644643 0.286068 0.007857 0.026650
0 0.649643 0.284264 0.006429 0.027909
0 0.655000 0.277909 0.007143 0.027919
0 0.658929 0.288706 0.005000 0.024012
0 0.650786 0.294416 0.006429 0.025381
0 0.655000 0.293782 0.007043 0.021574
0 0.646429 0.309000 0.005714 0.024112
0 0.660704 0.317893 0.007143 0.026650
0 0.633929 0.359772 0.007857 0.024012
0 0.643929 0.330218 0.006429 0.022843
0 0.652043 0.341371 0.007143 0.022843
0 0.600000 0.409416 0.005714 0.034264
0 0.644643 0.406090 0.006429 0.022843
0 0.655704 0.403553 0.008571 0.025381
0 0.657857 0.432740 0.005714 0.027919
0 0.636429 0.442259 0.005704 0.021574
0 0.640786 0.440990 0.007857 0.021574
0 0.643570 0.457487 0.005714 0.026650
0 0.649286 0.456208 0.005714 0.024112
0 0.662500 0.456208 0.006429 0.029188
0 0.660357 0.450508 0.007857 0.015228
0 0.648570 0.503173 0.008571 0.029188
0 0.675357 0.504594 0.007857 0.026650
0 0.625000 0.553934 0.007043 0.026650
0 0.638570 0.557741 0.007143 0.026650
0 0.610714 0.567259 0.011429 0.022843
0 0.595357 0.600254 0.009286 0.022843
0 0.593571 0.636421 0.007143 0.013959
0 0.600071 0.626269 0.007857 0.021574
0 0.603214 0.614848 0.007857 0.026650
0 0.602857 0.641497 0.010000 0.024112
0 0.578570 0.651015 0.007143 0.025381
0 0.580429 0.666878 0.008571 0.024112
0 0.577043 0.685279 0.007143 0.020305
0 0.580429 0.708122 0.005714 0.027919
0 0.575357 0.732868 0.005000 0.020574
0 0.590429 0.739848 0.005714 0.022843
0 0.620704 0.697335 0.007143 0.026650
0 0.597043 0.717640 0.007143 0.024112
0 0.597500 0.730599 0.006429 0.021574
0 0.602143 0.726523 0.008571 0.021574
0 0.601786 0.733503 0.007857 0.030457
0 0.593929 0.766497 0.007857 0.025380
0 0.596429 0.756345 0.005704 0.022843
0 0.613929 0.795051 0.006429 0.013959
0 0.683204 0.709391 0.007857 0.022843
0 0.638204 0.762056 0.009286 0.026650
0 0.646429 0.762690 0.007043 0.025381
0 0.633929 0.840002 0.007857 0.022843
0 0.650704 0.851523 0.007143 0.022843
0 0.659286 0.848985 0.008570 0.022843
0 0.670071 0.859772 0.007857 0.016497
0 0.678204 0.856599 0.009286 0.020305
0 0.677500 0.875635 0.007857 0.020305
0 0.690000 0.886420 0.011429 0.024112
0 0.707143 0.847081 0.010000 0.021574
0 0.770000 0.857234 0.002857 0.024112
0 0.775357 0.845078 0.010714 0.020305
0 0.797857 0.847706 0.012857 0.022843
0 0.804643 0.860041 0.015000 0.024112
0 0.807143 0.874365 0.012857 0.022843
0 0.820357 0.885052 0.013571 0.029188
0 0.834643 0.888325 0.009286 0.025380
0 0.852857 0.886420 0.014286 0.021574
0 0.934643 0.872462 0.006429 0.019036
0 0.938570 0.889594 0.017143 0.020305
0 0.947043 0.850888 0.015714 0.019036
0 0.952043 0.871827 0.015714 0.015228
0 0.953929 0.885787 0.005000 0.017766
0 0.958204 0.899746 0.016429 0.017766
0 0.960071 0.857868 0.013571 0.020305
0 0.982857 0.855330 0.020000 0.027909
0 0.985000 0.844543 0.008571 0.013959
0 0.987043 0.887690 0.018571 0.021574
0 0.987857 0.905457 0.001429 0.013959
