0 0.273570 0.394286 0.020000 0.024762
0 0.298929 0.396090 0.013571 0.026667
0 0.657857 0.508571 0.010000 0.029524
0 0.636786 0.799524 0.009286 0.020000
0 0.637857 0.864762 0.001429 0.020952
0 0.636786 0.682380 0.017857 0.025714
0 0.649286 0.655704 0.017143 0.021905
0 0.732043 0.863810 0.018571 0.020952
0 0.560429 0.917143 0.014286 0.022857
0 0.549643 0.903810 0.015000 0.029524
0 0.799643 0.530476 0.003571 0.026667
0 0.840429 0.584286 0.015714 0.027619
0 0.746429 0.575238 0.004286 0.024762
0 0.733570 0.603810 0.014286 0.032381
0 0.795704 0.464762 0.012857 0.024762
0 0.676786 0.422857 0.002143 0.030476
0 0.767500 0.379048 0.009286 0.030476
0 0.803204 0.349048 0.015000 0.029524
0 0.793204 0.329524 0.016429 0.026667
0 0.778929 0.369524 0.002143 0.032381
0 0.768570 0.342857 0.012857 0.030476
0 0.700357 0.394286 0.013571 0.026667
0 0.742857 0.602380 0.008571 0.020000
0 0.359643 0.354762 0.013571 0.025714
0 0.451429 0.440952 0.012857 0.015238
0 0.647500 0.869524 0.002143 0.019048
0 0.836786 0.789524 0.016429 0.022857
0 0.590000 0.490952 0.000000 0.020000
0 0.784286 0.413810 0.014286 0.020000
0 0.882857 0.501429 0.017143 0.021905
0 0.914286 0.590000 0.018571 0.021905
0 0.705000 0.034762 0.005714 0.023810
0 0.742857 0.048095 0.001429 0.033333
0 0.757043 0.070952 0.011429 0.033333
0 0.756429 0.038095 0.000000 0.026667
0 0.704643 0.044762 0.007857 0.034286
