0 0.200429 0.832487 0.008571 0.027919
0 0.017143 0.792513 0.017143 0.031726
0 0.216429 0.685279 0.020000 0.020305
0 0.047143 0.647208 0.011429 0.027919
0 0.223214 0.587563 0.015000 0.030457
0 0.245357 0.403706 0.009286 0.022843
0 0.090714 0.413071 0.008571 0.024112
0 0.226786 0.348350 0.007857 0.024112
0 0.286786 0.260787 0.009286 0.024012
0 0.229643 0.230330 0.007857 0.029088
0 0.239643 0.060904 0.007857 0.025381
0 0.338570 0.123731 0.008571 0.019036
0 0.325704 0.012056 0.007143 0.019036
0 0.307500 0.014594 0.006429 0.016497
0 0.306786 0.026650 0.005000 0.020305
0 0.320429 0.036802 0.005714 0.020305
0 0.307500 0.042513 0.006429 0.019036
0 0.305714 0.053934 0.007143 0.019036
0 0.332500 0.071954 0.005000 0.019036
0 0.346786 0.069416 0.006429 0.019036
0 0.340704 0.174492 0.005714 0.024112
0 0.343570 0.174492 0.005714 0.019036
0 0.340000 0.065609 0.005714 0.019036
0 0.290071 0.248096 0.007857 0.021574
0 0.289643 0.302030 0.007857 0.025380
0 0.274643 0.291878 0.005000 0.012690
0 0.269286 0.298223 0.004286 0.015228
0 0.204286 0.305838 0.008570 0.027919
0 0.096429 0.298858 0.008571 0.024112
0 0.266429 0.387690 0.005704 0.016497
0 0.262043 0.389594 0.004286 0.017766
0 0.256429 0.388325 0.007043 0.017766
0 0.251429 0.552030 0.010000 0.015228
0 0.239643 0.541878 0.007857 0.015228
0 0.262857 0.706218 0.008571 0.019036
0 0.269643 0.718274 0.009286 0.017766
0 0.195357 0.847081 0.007857 0.021574
0 0.880071 0.400381 0.009286 0.026650
0 0.167143 0.670051 0.008571 0.020305
