0 0.070429 0.310000 0.005714 0.020000
0 0.076429 0.309524 0.005704 0.019048
0 0.080704 0.307143 0.007143 0.016190
0 0.257857 0.373333 0.007043 0.020952
0 0.463570 0.420000 0.005714 0.022857
0 0.470786 0.417143 0.006429 0.024762
0 0.393929 0.342380 0.006429 0.020000
0 0.500786 0.347143 0.005000 0.018095
0 0.502500 0.338095 0.006429 0.009048
0 0.259286 0.208095 0.002857 0.000476
0 0.470357 0.077619 0.002143 0.006667
0 0.473570 0.177619 0.002857 0.006667
0 0.545704 0.457143 0.005714 0.020952
0 0.550786 0.449048 0.003571 0.021905
0 0.530000 0.455714 0.008571 0.018095
0 0.598929 0.786090 0.009286 0.027619
0 0.595357 0.633333 0.009286 0.030476
0 0.630357 0.626090 0.010714 0.023810
0 0.584286 0.464286 0.004286 0.020905
0 0.590786 0.472381 0.005000 0.019048
0 0.596070 0.466667 0.005000 0.022857
