0 0.428250 0.504333 0.003500 0.038000
0 0.578750 0.900000 0.023500 0.050667
0 0.564750 0.864333 0.003500 0.031333
0 0.554000 0.848333 0.009000 0.035333
0 0.645750 0.689667 0.020500 0.047333
0 0.666250 0.687667 0.009500 0.036667
0 0.700750 0.570000 0.019500 0.048667
0 0.648500 0.359667 0.008000 0.048667
0 0.724750 0.397667 0.005500 0.048667
0 0.727500 0.423000 0.009000 0.046000
0 0.678750 0.497000 0.014500 0.024667
0 0.685250 0.483000 0.016500 0.028667
0 0.677500 0.343000 0.015000 0.035333
0 0.869250 0.308333 0.021500 0.036667
0 0.909250 0.067000 0.015500 0.039333
0 0.922250 0.066667 0.012500 0.021333
0 0.904750 0.048333 0.003500 0.032667
0 0.888250 0.044333 0.004500 0.031333
0 0.792750 0.020000 0.017500 0.027333
0 0.804500 0.093667 0.012000 0.035333
0 0.814500 0.065333 0.012000 0.026667
0 0.864250 0.076333 0.014500 0.035333
0 0.835000 0.092333 0.011000 0.024667
0 0.835750 0.086667 0.013500 0.026667
0 0.876750 0.045667 0.016500 0.023333
0 0.897250 0.007000 0.011500 0.027333
0 0.903500 0.023667 0.001000 0.022000
0 0.849500 0.008667 0.007000 0.017333
