0 0.570429 0.784762 0.014286 0.034286
0 0.556786 0.789524 0.003571 0.034286
0 0.533929 0.730952 0.009286 0.029524
0 0.540429 0.726667 0.012857 0.030476
0 0.553570 0.759048 0.010000 0.020952
0 0.560429 0.758571 0.008571 0.020000
0 0.508214 0.670000 0.010714 0.031429
0 0.526429 0.663333 0.001429 0.035238
0 0.423570 0.327143 0.007143 0.025714
0 0.428204 0.326190 0.006429 0.023810
0 0.327857 0.346667 0.008570 0.024762
0 0.307143 0.351429 0.007143 0.022857
0 0.308571 0.345238 0.007143 0.021905
0 0.309286 0.343800 0.008571 0.024762
0 0.322857 0.290952 0.007043 0.025714
0 0.363929 0.094762 0.006429 0.018095
0 0.370000 0.091905 0.005714 0.018095
0 0.375000 0.092857 0.005714 0.020000
0 0.379643 0.090952 0.006429 0.020000
0 0.405000 0.164762 0.005714 0.017143
0 0.408929 0.163810 0.005000 0.017143
0 0.403929 0.157619 0.005000 0.016190
0 0.409286 0.158095 0.004286 0.015238
0 0.425357 0.020000 0.003571 0.015238
0 0.428570 0.120000 0.005714 0.015238
0 0.353570 0.107619 0.004286 0.017143
0 0.322043 0.099048 0.004286 0.013333
0 0.329643 0.080476 0.005000 0.004286
0 0.296070 0.090000 0.005000 0.014286
0 0.275000 0.098095 0.004286 0.003333
0 0.264643 0.095704 0.005000 0.012381
0 0.257857 0.096090 0.002857 0.011429
0 0.260071 0.094762 0.003571 0.012381
0 0.256429 0.080476 0.004286 0.010476
0 0.252043 0.095714 0.004286 0.012381
