0 0.546070 0.447335 0.006429 0.021574
0 0.442857 0.238579 0.004286 0.002690
0 0.467043 0.289975 0.002857 0.016497
0 0.468929 0.289340 0.003570 0.015228
0 0.400357 0.189086 0.003571 0.012690
0 0.001071 0.461929 0.005000 0.020305
0 0.006070 0.463198 0.003571 0.020305
0 0.080704 0.339467 0.005714 0.016497
0 0.093929 0.360406 0.003570 0.015228
0 0.097500 0.360041 0.003571 0.016497
0 0.098929 0.343909 0.005000 0.007766
0 0.085357 0.333756 0.006429 0.007766
0 0.088570 0.328046 0.005714 0.016497
0 0.005357 0.346447 0.003571 0.012690
0 0.016429 0.317259 0.004286 0.017766
0 0.018571 0.336929 0.004286 0.016497
0 0.047143 0.263325 0.004286 0.013959
0 0.058929 0.252538 0.003571 0.010152
0 0.205714 0.161168 0.002857 0.010152
0 0.205000 0.075127 0.002857 0.010152
0 0.093571 0.181472 0.002857 0.010152
0 0.200000 0.074492 0.002857 0.008883
0 0.073571 0.231599 0.004286 0.011421
