0 0.919886 0.682729 0.021459 0.037214
0 0.457797 0.557252 0.015737 0.028626
0 0.231044 0.559637 0.020029 0.027672
0 0.665236 0.298187 0.008584 0.016221
0 0.669528 0.405534 0.008584 0.019084
0 0.509299 0.279103 0.008584 0.018130
0 0.638054 0.560015 0.011445 0.051527
0 0.655579 0.547700 0.012160 0.045802
0 0.699570 0.615458 0.014306 0.059160
0 0.860873 0.635973 0.020744 0.046756
0 0.078827 0.556298 0.008584 0.036260
0 0.873390 0.709924 0.015737 0.053435
0 0.802947 0.678435 0.016452 0.036260
0 0.825465 0.608779 0.001445 0.036260
0 0.797200 0.574427 0.010730 0.038168
0 0.692418 0.575859 0.017167 0.033397
0 0.608383 0.273855 0.007868 0.024809
0 0.550144 0.270992 0.006438 0.022901
0 0.623390 0.149809 0.005007 0.013359
0 0.622675 0.272424 0.006438 0.008130
