0 0.701429 0.054286 0.008571 0.026667
0 0.764643 0.028571 0.009286 0.034286
0 0.760429 0.220476 0.008571 0.025714
0 0.797500 0.239048 0.003571 0.030476
0 0.846429 0.293800 0.012857 0.025714
0 0.878204 0.650000 0.015000 0.025714
0 0.870357 0.330952 0.002143 0.023810
0 0.798929 0.075238 0.013571 0.030476
0 0.800714 0.235714 0.011429 0.029524
0 0.392500 0.037609 0.013571 0.027619
0 0.270704 0.228571 0.012857 0.026667
0 0.402043 0.030952 0.011429 0.023810
0 0.456786 0.040952 0.000714 0.030476
0 0.685704 0.018095 0.010000 0.024762
0 0.697857 0.040429 0.010000 0.027619
0 0.803571 0.141429 0.007143 0.029524
0 0.237500 0.000476 0.009286 0.020952
0 0.280071 0.010000 0.010714 0.020000
0 0.401786 0.014286 0.005000 0.028571
0 0.605704 0.010476 0.008571 0.020952
0 0.545704 0.009048 0.008571 0.018095
0 0.780000 0.000952 0.007143 0.021905
0 0.804643 0.023810 0.009286 0.022857
0 0.922857 0.003810 0.011429 0.027619
0 0.866429 0.001905 0.010000 0.021905
0 0.823204 0.120952 0.007857 0.022857
0 0.744286 0.020476 0.007143 0.025714
0 0.806786 0.121905 0.005000 0.013333
0 0.829286 0.397609 0.012857 0.027619
0 0.956429 0.003333 0.011429 0.026667
0 0.820786 0.399524 0.015000 0.025714
0 0.453204 0.024762 0.009286 0.026667
0 0.297500 0.088095 0.000714 0.025714
0 0.286429 0.070952 0.000000 0.033333
0 0.301786 0.049048 0.012143 0.027619
0 0.208929 0.007619 0.012143 0.015238
0 0.230704 0.016667 0.010000 0.020000
0 0.009643 0.396667 0.017857 0.029524
0 0.310357 0.031905 0.006429 0.016190
0 0.304286 0.032381 0.005714 0.015238
0 0.214643 0.924286 0.017857 0.025714
0 0.219286 0.910952 0.014286 0.021905
0 0.095000 0.591905 0.014286 0.025714
