0 0.097857 0.248570 0.021429 0.049524
0 0.006429 0.204286 0.012857 0.032381
0 0.052043 0.112857 0.018571 0.025714
0 0.206070 0.098571 0.013571 0.027619
0 0.088214 0.099048 0.010714 0.026667
0 0.071071 0.074286 0.010714 0.026667
0 0.206071 0.073333 0.007857 0.028571
0 0.098214 0.084762 0.007857 0.026667
0 0.089286 0.090952 0.007143 0.025714
0 0.087143 0.085714 0.007143 0.024762
0 0.093214 0.078571 0.006429 0.023810
0 0.245357 0.070476 0.007857 0.024762
0 0.252500 0.067619 0.009286 0.020952
0 0.249286 0.055238 0.007043 0.020952
0 0.266429 0.085238 0.008570 0.023810
0 0.278929 0.075238 0.007857 0.024762
0 0.298204 0.080952 0.007857 0.022857
0 0.292043 0.078095 0.007143 0.026667
0 0.288570 0.065714 0.005714 0.019048
0 0.279286 0.060952 0.000000 0.020952
0 0.260357 0.052857 0.009286 0.025704
0 0.265704 0.055238 0.007143 0.026667
0 0.270071 0.058095 0.005000 0.028571
0 0.405357 0.040952 0.007857 0.028570
0 0.400071 0.044762 0.006429 0.017143
0 0.430071 0.036190 0.009286 0.019048
0 0.534643 0.030000 0.006429 0.012381
0 0.594643 0.007143 0.007857 0.013333
0 0.640000 0.025238 0.007043 0.018095
0 0.625000 0.058095 0.005714 0.017143
0 0.607857 0.000952 0.011429 0.022857
0 0.579286 0.018095 0.004286 0.007619
0 0.425000 0.038570 0.010000 0.020000
0 0.601786 0.452857 0.017857 0.054286
0 0.735704 0.243810 0.011429 0.036190
0 0.705704 0.288571 0.010000 0.030476
0 0.699286 0.288095 0.008570 0.025714
