0 0.603204 0.638571 0.020714 0.067619
0 0.568204 0.661429 0.025000 0.067619
0 0.524643 0.678570 0.022143 0.073333
0 0.479286 0.578570 0.028571 0.054286
0 0.548929 0.662857 0.020704 0.070476
0 0.545704 0.608095 0.020000 0.061905
0 0.528929 0.420476 0.002143 0.042857
0 0.578204 0.422381 0.015000 0.039048
0 0.473570 0.457143 0.021429 0.051429
0 0.013214 0.480476 0.022143 0.042857
0 0.051429 0.478095 0.022857 0.059048
0 0.073571 0.468571 0.012857 0.036190
0 0.366070 0.539048 0.019286 0.047619
0 0.373929 0.536667 0.022043 0.054286
0 0.673929 0.769524 0.022043 0.083810
0 0.696786 0.766667 0.025000 0.066667
0 0.745714 0.576190 0.020000 0.049524
0 0.904643 0.476667 0.005000 0.042857
0 0.906429 0.482381 0.012857 0.035238
0 0.895000 0.428095 0.002857 0.040952
0 0.880071 0.408095 0.010714 0.029524
0 0.887857 0.409524 0.000000 0.032381
0 0.909643 0.382381 0.012143 0.035238
0 0.825000 0.323800 0.011429 0.026667
0 0.980000 0.405704 0.012857 0.034286
0 0.945000 0.385238 0.001429 0.031429
