0 0.509643 0.143810 0.003571 0.011429
0 0.480357 0.043333 0.003571 0.010476
0 0.490429 0.144286 0.004286 0.008571
0 0.527500 0.043810 0.002143 0.009524
0 0.530357 0.043333 0.003571 0.010476
0 0.525704 0.124762 0.004286 0.009524
0 0.500357 0.020000 0.003571 0.009524
0 0.503570 0.098571 0.002857 0.010476
0 0.453204 0.109524 0.003571 0.009524
0 0.463204 0.109048 0.002143 0.010476
0 0.466786 0.010000 0.003571 0.010476
0 0.517143 0.193333 0.004286 0.009524
0 0.486429 0.149048 0.004286 0.006667
0 0.497143 0.150476 0.002857 0.007619
0 0.436786 0.280952 0.005000 0.011429
0 0.810714 0.706190 0.008571 0.016190
0 0.814643 0.705714 0.007857 0.013333
0 0.366070 0.604286 0.012143 0.016190
