0 0.408750 0.409000 0.004500 0.014000
0 0.465250 0.402333 0.004500 0.007333
0 0.463500 0.400333 0.004000 0.007333
0 0.467000 0.400333 0.005000 0.008667
0 0.536250 0.400667 0.006500 0.015333
0 0.526750 0.409000 0.004500 0.015333
0 0.565250 0.406333 0.003500 0.001333
0 0.564000 0.404667 0.004000 0.003333
0 0.572000 0.398667 0.005000 0.002000
0 0.579000 0.407667 0.004000 0.002667
0 0.583500 0.401000 0.004000 0.014000
0 0.590250 0.407333 0.004500 0.014667
0 0.589000 0.405000 0.006000 0.015333
0 0.503250 0.433667 0.005500 0.014000
0 0.520250 0.438333 0.004500 0.005333
0 0.509250 0.433667 0.004500 0.014000
0 0.522750 0.434000 0.003500 0.003333
0 0.528750 0.432333 0.004500 0.011333
0 0.547500 0.446000 0.004000 0.006000
0 0.500250 0.526667 0.006500 0.021333
0 0.478500 0.674000 0.010000 0.020000
0 0.505250 0.672000 0.009500 0.018667
0 0.402500 0.964333 0.013000 0.019333
0 0.400500 0.936667 0.013000 0.032000
0 0.572750 0.536667 0.007500 0.020000
0 0.624250 0.549333 0.006500 0.022667
0 0.647750 0.457333 0.004500 0.006000
0 0.643250 0.456333 0.003500 0.000000
0 0.604000 0.394667 0.004000 0.013333
0 0.606250 0.397333 0.003500 0.012000
0 0.620500 0.402333 0.004000 0.015333
0 0.633250 0.404000 0.005500 0.017333
0 0.636250 0.404667 0.004500 0.012000
0 0.642000 0.403000 0.005000 0.006667
0 0.646750 0.395333 0.004500 0.006000
0 0.650500 0.394333 0.004000 0.015333
0 0.656750 0.383333 0.003500 0.004667
0 0.660000 0.387667 0.004000 0.005333
0 0.660750 0.349333 0.003500 0.008000
0 0.667500 0.356667 0.004000 0.010667
0 0.661250 0.336667 0.004500 0.008000
0 0.668250 0.347333 0.003500 0.002000
0 0.670250 0.328333 0.003500 0.011333
0 0.686000 0.323333 0.003000 0.002000
0 0.698000 0.304667 0.003000 0.008000
0 0.699250 0.322000 0.003500 0.009333
