0 0.006938 0.049141 0.026466 0.044847
0 0.360873 0.077958 0.019313 0.033397
0 0.399499 0.230439 0.005021 0.050573
0 0.253934 0.304408 0.021459 0.037214
0 0.099928 0.145515 0.023605 0.042939
0 0.206009 0.035973 0.022890 0.042939
0 0.066066 0.972805 0.032189 0.029580
0 0.647353 0.703244 0.025750 0.032443
0 0.709957 0.405534 0.016452 0.038168
0 0.772075 0.423187 0.019313 0.035305
0 0.654506 0.073187 0.011445 0.035305
0 0.570173 0.228531 0.013591 0.042939
0 0.563662 0.226622 0.008584 0.020947
0 0.602289 0.245229 0.004306 0.045802
0 0.698498 0.095611 0.016452 0.036260
0 0.702446 0.205153 0.018598 0.040076
0 0.773605 0.233302 0.023605 0.046756
0 0.755365 0.364027 0.022890 0.039022
0 0.752046 0.281966 0.019313 0.039122
0 0.965665 0.209943 0.017167 0.031489
0 0.680688 0.396469 0.014306 0.020038
0 0.774678 0.405057 0.008598 0.031489
0 0.800144 0.383111 0.018598 0.021947
0 0.795064 0.399809 0.000730 0.020992
0 0.807225 0.446088 0.022075 0.031489
0 0.805451 0.462786 0.022890 0.032443
0 0.824392 0.432252 0.006452 0.019084
0 0.822960 0.451813 0.019313 0.029580
0 0.829040 0.465649 0.020029 0.030534
0 0.822604 0.494275 0.020459 0.024809
0 0.820531 0.510496 0.025036 0.030534
0 0.822604 0.527095 0.021459 0.023855
0 0.826538 0.550095 0.023605 0.035305
0 0.826538 0.540553 0.023605 0.025763
0 0.920674 0.371183 0.016452 0.030534
0 0.934092 0.381202 0.022890 0.041031
0 0.959227 0.430344 0.028602 0.034351
0 0.969242 0.398855 0.024320 0.024809
0 0.987482 0.378340 0.022075 0.029580
0 0.954220 0.372037 0.022890 0.030534
0 0.895923 0.534828 0.027897 0.025763
0 0.805436 0.586355 0.025750 0.037214
0 0.805808 0.659828 0.022175 0.025763
0 0.808655 0.603073 0.027897 0.027672
0 0.822604 0.566307 0.020029 0.029580
0 0.833333 0.578244 0.020459 0.022901
0 0.830903 0.602576 0.022890 0.023855
0 0.840917 0.595897 0.022890 0.027672
0 0.829757 0.635009 0.028612 0.029580
0 0.859800 0.628340 0.020459 0.023855
0 0.844420 0.638359 0.022175 0.026718
0 0.838340 0.679389 0.028602 0.028626
0 0.843348 0.660260 0.024320 0.024809
0 0.860946 0.683206 0.031474 0.030534
0 0.874820 0.683206 0.028612 0.032443
0 0.910587 0.669847 0.028612 0.032443
0 0.906295 0.696088 0.024320 0.027672
0 0.869804 0.708492 0.025751 0.025763
0 0.885550 0.698950 0.017167 0.023855
0 0.902375 0.741889 0.036481 0.023855
0 0.923462 0.725091 0.024320 0.019084
0 0.938026 0.714218 0.026466 0.023855
0 0.955293 0.726045 0.026466 0.022901
0 0.964235 0.722805 0.020459 0.021947
0 0.977468 0.727099 0.029328 0.024809
0 0.179185 0.822996 0.025036 0.035305
0 0.422030 0.612118 0.024320 0.048664
0 0.465308 0.572042 0.006452 0.041031
0 0.437401 0.587786 0.019313 0.026718
0 0.578684 0.656966 0.025750 0.031489
