0 0.162500 0.921905 0.025000 0.041905
0 0.177857 0.911429 0.020000 0.041905
0 0.269643 0.668095 0.015000 0.037143
0 0.428929 0.607619 0.013571 0.038095
0 0.707143 0.742857 0.021429 0.028571
0 0.553214 0.708095 0.019286 0.046667
0 0.356429 0.547143 0.011429 0.029524
0 0.610000 0.178095 0.002857 0.005714
0 0.547500 0.670476 0.009286 0.043800
0 0.289286 0.502857 0.004286 0.030476
0 0.755704 0.771905 0.021429 0.067619
0 0.788929 0.732380 0.017857 0.057143
0 0.696429 0.282857 0.004286 0.020952
0 0.640704 0.256190 0.004286 0.017143
0 0.690786 0.230000 0.003571 0.016190
0 0.985704 0.184286 0.005714 0.014286
0 0.383571 0.447619 0.007143 0.015238
0 0.404643 0.409048 0.007857 0.026667
0 0.405357 0.376190 0.012143 0.032381
0 0.406429 0.404762 0.007043 0.024762
0 0.383929 0.394762 0.007857 0.016190
0 0.493570 0.389048 0.007143 0.031429
0 0.483570 0.318571 0.004286 0.018095
0 0.480429 0.273333 0.004286 0.013333
0 0.594643 0.093333 0.005000 0.013333
0 0.640429 0.181905 0.004286 0.011429
0 0.645000 0.071905 0.004286 0.010476
0 0.635704 0.171905 0.002857 0.010476
0 0.605357 0.070000 0.003571 0.014286
0 0.600357 0.169524 0.003571 0.017143
