0 0.859750 0.756667 0.014500 0.022667
0 0.902750 0.787000 0.011500 0.018000
0 0.915000 0.809667 0.012000 0.028667
0 0.839000 0.621333 0.010000 0.030667
0 0.864500 0.383333 0.008000 0.008667
0 0.700250 0.342000 0.009500 0.020333
0 0.353000 0.760333 0.008000 0.039333
0 0.442750 0.636667 0.012500 0.030667
0 0.167000 0.515667 0.011000 0.020667
0 0.270000 0.372000 0.011000 0.025333
0 0.009750 0.477667 0.005500 0.027333
0 0.546750 0.309333 0.009500 0.029333
0 0.555000 0.309667 0.007000 0.028667
0 0.406250 0.291000 0.009500 0.020667
0 0.489750 0.234333 0.004500 0.001333
0 0.602250 0.073000 0.005500 0.018000
0 0.634750 0.202333 0.006500 0.000000
0 0.616000 0.203000 0.005000 0.011333
0 0.604500 0.201333 0.005000 0.009333
