0 0.598204 0.500000 0.035000 0.104762
0 0.678570 0.480952 0.028571 0.089524
0 0.670429 0.351429 0.027143 0.078095
0 0.560704 0.188095 0.011429 0.050476
0 0.700357 0.309048 0.025000 0.063810
0 0.644643 0.233800 0.017857 0.048571
0 0.648929 0.243333 0.017857 0.037143
0 0.665357 0.182381 0.015000 0.033333
0 0.508571 0.236667 0.017143 0.046667
0 0.741429 0.834286 0.071429 0.106667
0 0.374643 0.200000 0.015000 0.050476
0 0.489286 0.077143 0.010000 0.036190
0 0.423570 0.186190 0.017143 0.040952
0 0.484286 0.082381 0.012857 0.039048
0 0.473929 0.157143 0.009286 0.028571
0 0.461786 0.160476 0.016429 0.033333
0 0.437857 0.163810 0.015714 0.034286
0 0.422857 0.144762 0.008571 0.024762
0 0.411786 0.133333 0.009286 0.022857
0 0.643570 0.123810 0.007143 0.028571
0 0.637857 0.018571 0.007143 0.029524
0 0.608571 0.117619 0.008571 0.027619
0 0.623929 0.015714 0.007857 0.031429
0 0.002857 0.207143 0.022857 0.042857
0 0.439286 0.003333 0.030000 0.023810
0 0.202043 0.133810 0.010000 0.035238
0 0.082857 0.140000 0.010000 0.034286
0 0.064286 0.138095 0.010000 0.034286
0 0.056071 0.139048 0.012143 0.034286
0 0.047857 0.140476 0.011429 0.029524
0 0.038214 0.142381 0.010714 0.031429
0 0.029643 0.142381 0.009286 0.029524
0 0.023571 0.140000 0.012857 0.034286
0 0.033571 0.134762 0.010000 0.031429
0 0.043929 0.143333 0.010714 0.029524
0 0.049643 0.140000 0.010714 0.032381
0 0.049643 0.139524 0.015000 0.042857
0 0.056429 0.135238 0.012857 0.038095
0 0.065357 0.135238 0.010714 0.034286
0 0.071429 0.133810 0.010000 0.035238
0 0.075000 0.134286 0.010000 0.032381
0 0.079643 0.136190 0.009286 0.032381
0 0.085000 0.137143 0.010000 0.032381
0 0.085357 0.132857 0.009286 0.035238
0 0.098929 0.133333 0.010714 0.034286
0 0.246786 0.110476 0.007857 0.022857
0 0.263929 0.116190 0.009286 0.022857
0 0.261071 0.114762 0.009286 0.021905
0 0.442043 0.032381 0.004286 0.011429
0 0.448571 0.028095 0.004286 0.006667
0 0.388214 0.042381 0.005000 0.010476
0 0.393570 0.063333 0.004286 0.016190
0 0.558929 0.079524 0.007857 0.020000
0 0.587857 0.047609 0.004286 0.015238
0 0.582043 0.047619 0.004286 0.015238
0 0.576786 0.050476 0.005000 0.005238
0 0.600071 0.032381 0.003571 0.013333
0 0.604643 0.030476 0.003570 0.011429
