0 0.555714 0.529524 0.010000 0.013333
0 0.635000 0.475714 0.007143 0.012381
0 0.393204 0.286667 0.005000 0.013333
0 0.345357 0.209524 0.005000 0.016190
0 0.405357 0.249048 0.003571 0.012381
0 0.391786 0.487619 0.006429 0.011429
0 0.318214 0.489524 0.006429 0.013333
0 0.244643 0.461429 0.007857 0.012381
0 0.307500 0.134286 0.006429 0.015238
0 0.149643 0.025238 0.005000 0.010476
0 0.059643 0.198095 0.009286 0.015238
0 0.096786 0.291905 0.006429 0.014286
0 0.127143 0.241905 0.007143 0.011429
0 0.437043 0.362857 0.004286 0.015238
0 0.775357 0.899524 0.006429 0.000476
