0 0.840029 0.671279 0.009299 0.033397
0 0.822246 0.662204 0.007868 0.026718
0 0.375079 0.787691 0.013591 0.037214
0 0.347639 0.793893 0.007167 0.034351
0 0.041631 0.735210 0.008584 0.029580
0 0.430973 0.600668 0.009299 0.023855
0 0.407368 0.687977 0.000730 0.028626
0 0.305079 0.608302 0.009299 0.023855
0 0.304020 0.601145 0.008584 0.024809
0 0.326080 0.639790 0.008584 0.029580
0 0.342275 0.554389 0.009299 0.020992
0 0.405236 0.597805 0.007868 0.025763
0 0.533977 0.428902 0.003577 0.014313
0 0.437053 0.409350 0.004292 0.011450
