0 0.486429 0.036667 0.007043 0.020000
0 0.650357 0.003333 0.013571 0.018095
0 0.650000 0.057143 0.012857 0.020952
0 0.662857 0.240000 0.011429 0.022857
0 0.509643 0.197619 0.006429 0.018095
0 0.479643 0.123810 0.013571 0.017143
0 0.534286 0.390000 0.010000 0.018095
0 0.586786 0.440952 0.012143 0.015238
0 0.579286 0.431905 0.008571 0.006667
0 0.454643 0.372380 0.010714 0.017143
0 0.554286 0.500429 0.008571 0.008571
0 0.562857 0.505714 0.005714 0.012381
0 0.572043 0.513810 0.008571 0.010476
0 0.702043 0.784762 0.010000 0.011429
0 0.698929 0.800952 0.013571 0.014286
0 0.875357 0.769524 0.002143 0.015238
0 0.007857 0.059524 0.015714 0.016190
0 0.879286 0.343333 0.005714 0.021905
