0 0.488500 0.926000 0.016000 0.034667
0 0.536500 0.922333 0.014000 0.028667
0 0.609500 0.985000 0.002000 0.028667
0 0.756000 0.901000 0.019000 0.040667
0 0.826500 0.849667 0.009000 0.023333
0 0.809500 0.831000 0.017000 0.028667
0 0.848000 0.800000 0.013000 0.034000
0 0.921000 0.784667 0.017000 0.026667
0 0.705500 0.268000 0.004000 0.003333
0 0.656000 0.260000 0.004000 0.006000
0 0.659250 0.259000 0.004500 0.004000
0 0.573500 0.345667 0.006000 0.009333
0 0.574750 0.380000 0.006500 0.020000
0 0.600250 0.369333 0.004500 0.018667
0 0.608000 0.374667 0.005000 0.018667
0 0.620750 0.399667 0.005500 0.020667
0 0.635500 0.522000 0.009000 0.028000
0 0.639250 0.509000 0.007500 0.027333
0 0.649500 0.520667 0.008000 0.027333
0 0.850500 0.702000 0.006000 0.029333
0 0.869750 0.570667 0.010500 0.028000
0 0.887750 0.567000 0.009500 0.024667
0 0.902500 0.630667 0.012000 0.022667
0 0.904000 0.606333 0.014000 0.030000
0 0.912750 0.618000 0.011500 0.030667
0 0.778750 0.459667 0.007500 0.018000
0 0.589250 0.322667 0.006500 0.007333
