0 0.558204 0.731905 0.030714 0.096190
0 0.620429 0.689048 0.034286 0.082857
0 0.656070 0.637143 0.029286 0.081905
0 0.696786 0.604762 0.026429 0.085704
0 0.630000 0.570952 0.022857 0.077043
0 0.589643 0.601429 0.025000 0.074286
0 0.538929 0.654762 0.025000 0.084762
0 0.494286 0.705704 0.032857 0.097143
0 0.435704 0.665714 0.037143 0.091429
0 0.380357 0.633333 0.035000 0.090429
0 0.300000 0.620429 0.032857 0.080952
0 0.440429 0.588571 0.030000 0.091429
0 0.486786 0.620476 0.022043 0.079048
0 0.533204 0.582381 0.032143 0.077143
0 0.572500 0.549524 0.026429 0.064762
0 0.520000 0.536667 0.030000 0.075238
0 0.479643 0.568570 0.026429 0.081905
0 0.407143 0.493810 0.025714 0.067619
0 0.440357 0.320476 0.003571 0.035238
0 0.534286 0.301429 0.010000 0.030476
0 0.565000 0.303810 0.010000 0.029524
0 0.634643 0.300952 0.009286 0.030476
0 0.729286 0.288095 0.000000 0.027619
0 0.750071 0.293333 0.009286 0.022857
0 0.775704 0.286667 0.007143 0.026667
0 0.838204 0.287143 0.007857 0.027619
0 0.743204 0.292381 0.007857 0.022857
0 0.818929 0.280952 0.006429 0.019048
0 0.876429 0.260905 0.005714 0.015238
0 0.909286 0.332857 0.010000 0.021905
0 0.987857 0.283800 0.007143 0.019048
0 0.537500 0.302381 0.007857 0.020000
