0 0.373570 0.882857 0.007143 0.011429
0 0.378570 0.832857 0.005714 0.010476
0 0.385000 0.840000 0.005704 0.011429
0 0.965357 0.060476 0.009286 0.004286
0 0.977500 0.065704 0.007857 0.009524
0 0.969643 0.079048 0.007857 0.001429
0 0.978929 0.072380 0.007857 0.011429
0 0.984286 0.068570 0.007143 0.009524
0 0.902043 0.165238 0.007143 0.012381
0 0.903571 0.175714 0.007143 0.010476
0 0.904286 0.184286 0.011429 0.008571
0 0.906786 0.202381 0.007857 0.009524
0 0.909286 0.317143 0.008571 0.007619
0 0.907500 0.322381 0.009286 0.006667
0 0.920357 0.329048 0.007857 0.006667
0 0.933929 0.340952 0.000714 0.009524
0 0.924286 0.355704 0.005714 0.004762
0 0.926429 0.360476 0.000000 0.008571
0 0.929643 0.364762 0.009286 0.007609
0 0.928570 0.416190 0.012857 0.007619
0 0.934286 0.480429 0.008571 0.006667
0 0.928929 0.490476 0.009286 0.007609
0 0.932500 0.508095 0.009286 0.000476
0 0.943204 0.535238 0.009286 0.007619
0 0.933929 0.637043 0.012143 0.009524
0 0.901786 0.583333 0.009286 0.004762
0 0.934286 0.668095 0.004286 0.004762
0 0.924643 0.667609 0.009286 0.005714
0 0.925000 0.673333 0.008570 0.007619
0 0.930000 0.678570 0.008571 0.006667
0 0.933929 0.724762 0.006429 0.007609
0 0.988204 0.731429 0.009286 0.009524
0 0.945000 0.738095 0.000000 0.007619
0 0.942500 0.740905 0.012143 0.011429
0 0.947500 0.754286 0.006429 0.007609
0 0.945357 0.758570 0.006429 0.004762
0 0.945704 0.765238 0.007143 0.010476
0 0.947043 0.773333 0.008571 0.005714
0 0.936429 0.802380 0.004286 0.006667
0 0.939286 0.808570 0.008571 0.007619
0 0.939286 0.850476 0.007043 0.011429
0 0.942500 0.805238 0.009286 0.005714
