0 0.275000 0.098350 0.002857 0.001421
0 0.290786 0.102792 0.003571 0.012690
0 0.276070 0.095812 0.003571 0.008883
0 0.295000 0.004695 0.002857 0.013959
0 0.305357 0.004061 0.002143 0.010152
0 0.083204 0.203046 0.002143 0.010152
0 0.044286 0.925760 0.005714 0.013959
0 0.070357 0.687183 0.005000 0.016497
0 0.097857 0.604061 0.004286 0.010152
0 0.045714 0.734137 0.004286 0.016497
0 0.051429 0.706853 0.005714 0.015228
0 0.047500 0.706218 0.006429 0.011421
0 0.047857 0.735406 0.004286 0.016497
0 0.244286 0.561548 0.005714 0.011421
0 0.428929 0.608503 0.005000 0.003959
0 0.627500 0.645939 0.006429 0.005228
0 0.406786 0.615482 0.003571 0.012690
0 0.868929 0.667513 0.005000 0.010152
0 0.877043 0.644036 0.005714 0.016497
0 0.830000 0.665609 0.004286 0.003959
0 0.900429 0.713198 0.005714 0.015228
0 0.870704 0.696066 0.004286 0.013959
0 0.948929 0.730964 0.006429 0.002690
