0 0.016786 0.244289 0.005000 0.019036
0 0.035714 0.198604 0.002857 0.013959
0 0.037857 0.204315 0.005714 0.015228
0 0.041071 0.201777 0.005000 0.015228
0 0.045000 0.207487 0.005714 0.016497
0 0.065714 0.164340 0.004286 0.013959
0 0.202500 0.076777 0.003571 0.016497
0 0.206429 0.075508 0.004286 0.016497
0 0.244643 0.042503 0.003571 0.016497
0 0.247857 0.043047 0.002857 0.017766
0 0.254643 0.003073 0.002143 0.006345
0 0.375357 0.046954 0.003570 0.015228
0 0.378570 0.045051 0.004286 0.013959
0 0.251429 0.093274 0.004286 0.016497
0 0.235000 0.340002 0.005714 0.020305
0 0.290000 0.234037 0.004286 0.021574
0 0.883570 0.701142 0.008571 0.019036
0 0.920071 0.346447 0.009286 0.020305
0 0.926786 0.352057 0.006429 0.019036
0 0.851429 0.504442 0.004286 0.016497
0 0.826071 0.491117 0.010714 0.010152
0 0.850357 0.423858 0.009286 0.012690
0 0.873214 0.432107 0.006429 0.013959
0 0.701786 0.270939 0.005000 0.019036
