0 0.823204 0.136190 0.007857 0.019048
0 0.740071 0.217619 0.009286 0.025714
0 0.778570 0.200476 0.008571 0.020000
0 0.805704 0.333810 0.011429 0.027619
0 0.802857 0.334286 0.011429 0.028571
0 0.465357 0.090000 0.005000 0.018095
0 0.460786 0.188571 0.005000 0.019048
0 0.435357 0.087619 0.006429 0.020952
0 0.445704 0.219048 0.008571 0.024762
0 0.440357 0.209048 0.006429 0.020952
0 0.378204 0.265714 0.006429 0.022857
0 0.375000 0.265704 0.007143 0.022857
0 0.304643 0.300476 0.007857 0.027619
0 0.307857 0.299048 0.008570 0.030476
0 0.276786 0.268095 0.007857 0.025704
0 0.283929 0.268095 0.009286 0.027609
0 0.290071 0.267143 0.009286 0.027619
0 0.298929 0.268095 0.007857 0.025704
0 0.305704 0.267143 0.008571 0.025714
0 0.304643 0.248571 0.007857 0.022857
0 0.304286 0.248570 0.007143 0.022857
0 0.295357 0.250905 0.007857 0.021905
0 0.287500 0.250429 0.007857 0.019048
0 0.277043 0.311429 0.010000 0.028571
0 0.264643 0.302381 0.009286 0.024762
0 0.270704 0.334762 0.011429 0.029524
0 0.282500 0.340000 0.007857 0.028570
0 0.262043 0.336190 0.010000 0.028571
0 0.252500 0.337043 0.012143 0.030476
0 0.250429 0.302381 0.008571 0.023810
0 0.257043 0.314762 0.008571 0.023810
0 0.243929 0.305238 0.010714 0.026667
0 0.239643 0.300429 0.010714 0.025714
0 0.286786 0.370429 0.009286 0.030476
0 0.277857 0.372380 0.011429 0.028571
0 0.267043 0.368571 0.008571 0.026667
0 0.260704 0.368571 0.008571 0.026667
0 0.239286 0.362380 0.010000 0.031429
0 0.230357 0.360429 0.009286 0.029524
0 0.234643 0.373333 0.000714 0.028571
0 0.250704 0.384286 0.010000 0.029524
0 0.257500 0.389524 0.000714 0.028571
0 0.265357 0.386090 0.012143 0.027619
0 0.245357 0.393800 0.012143 0.027619
0 0.267500 0.403810 0.009286 0.027619
0 0.255357 0.405714 0.010714 0.029524
0 0.247043 0.416190 0.010000 0.030476
0 0.240357 0.420000 0.000714 0.030476
0 0.226070 0.441429 0.012143 0.031429
0 0.222500 0.430476 0.000714 0.026667
0 0.206429 0.429048 0.002857 0.029524
0 0.091071 0.431429 0.010714 0.026667
0 0.093571 0.428571 0.015714 0.030476
0 0.207500 0.410000 0.012143 0.021905
0 0.202500 0.409048 0.013571 0.025714
0 0.070357 0.410000 0.013571 0.031429
0 0.060714 0.416667 0.018571 0.033333
0 0.468570 0.969524 0.017143 0.034286
0 0.479643 0.942857 0.007857 0.036190
0 0.388204 0.786190 0.016429 0.046667
0 0.369643 0.800905 0.013571 0.038095
0 0.283929 0.803333 0.017857 0.043810
0 0.079643 0.958571 0.019286 0.046667
0 0.070714 0.957619 0.017143 0.040952
0 0.090000 0.878571 0.022857 0.044762
0 0.226070 0.905238 0.017857 0.035238
0 0.202857 0.892381 0.018571 0.034286
0 0.206429 0.861429 0.021429 0.035238
0 0.258204 0.686667 0.013571 0.036190
0 0.334643 0.667609 0.013571 0.045714
0 0.348204 0.662857 0.015000 0.038095
0 0.370071 0.677619 0.013571 0.037143
0 0.380000 0.676090 0.011429 0.038095
0 0.396070 0.661905 0.012143 0.034286
0 0.406070 0.653333 0.012143 0.038095
0 0.365357 0.656667 0.002143 0.037143
0 0.372043 0.635238 0.012857 0.040000
0 0.299643 0.592380 0.016429 0.040000
0 0.309643 0.581429 0.013571 0.040952
0 0.334643 0.580476 0.002143 0.039048
0 0.357857 0.570000 0.001429 0.031429
0 0.367857 0.569048 0.001429 0.031429
0 0.347857 0.553333 0.001429 0.038095
0 0.362857 0.545704 0.011429 0.028571
0 0.379643 0.542857 0.003571 0.038095
0 0.390704 0.539048 0.012857 0.040000
0 0.404286 0.522381 0.014286 0.033333
0 0.408929 0.519048 0.010714 0.034286
0 0.301429 0.490476 0.012857 0.036190
0 0.302043 0.480476 0.012857 0.033333
0 0.295000 0.470000 0.001429 0.029524
0 0.300071 0.465238 0.012143 0.029524
0 0.327500 0.487043 0.012143 0.033333
0 0.330357 0.464762 0.009286 0.028570
0 0.322500 0.466090 0.010714 0.025714
0 0.396071 0.459524 0.010714 0.025714
0 0.392143 0.458571 0.012857 0.027619
0 0.001071 0.433810 0.015000 0.029524
0 0.008929 0.427619 0.017857 0.034286
0 0.020714 0.367143 0.015714 0.033333
0 0.009286 0.368571 0.014286 0.030476
0 0.003571 0.327619 0.012857 0.030476
0 0.085000 0.330000 0.004286 0.029524
0 0.073570 0.334286 0.014286 0.030476
0 0.063929 0.303333 0.003571 0.029524
0 0.070704 0.302381 0.014286 0.027619
0 0.708570 0.981429 0.022857 0.035238
