0 0.514286 0.504762 0.017143 0.026667
0 0.425714 0.473810 0.017143 0.027619
0 0.080000 0.940952 0.031429 0.049524
0 0.362857 0.396190 0.011429 0.019048
0 0.403929 0.413333 0.009286 0.028571
0 0.386070 0.382381 0.010714 0.029524
0 0.366070 0.351429 0.009286 0.026667
0 0.563571 0.379048 0.011429 0.020952
0 0.568214 0.379524 0.009286 0.020000
0 0.587500 0.377619 0.009286 0.020000
0 0.591786 0.376667 0.009286 0.020000
0 0.612857 0.357619 0.008571 0.020000
0 0.616786 0.356667 0.007857 0.018095
0 0.653929 0.277609 0.007857 0.025714
0 0.620429 0.263810 0.005714 0.024762
0 0.604286 0.264286 0.007143 0.021905
0 0.965357 0.093810 0.009286 0.018095
0 0.984643 0.086667 0.007857 0.022857
0 0.680429 0.480000 0.011429 0.036190
0 0.757043 0.516667 0.007143 0.031429
0 0.760071 0.505238 0.009286 0.031429
0 0.917500 0.652857 0.019286 0.037143
0 0.929286 0.652381 0.020000 0.034286
