0 0.302143 0.274286 0.002857 0.009524
0 0.226429 0.570905 0.005714 0.014286
0 0.209643 0.570000 0.003571 0.014286
0 0.384286 0.779524 0.005704 0.021905
0 0.372043 0.865714 0.004286 0.022857
0 0.358929 0.820952 0.006429 0.009048
0 0.406786 0.835238 0.005000 0.019048
0 0.348204 0.902381 0.005000 0.020000
0 0.542857 0.929048 0.005704 0.033333
0 0.548929 0.940000 0.006429 0.009048
0 0.504643 0.908095 0.006429 0.023810
0 0.542500 0.408570 0.003571 0.013333
0 0.497500 0.406667 0.003570 0.009524
0 0.430429 0.338571 0.002857 0.006667
0 0.445714 0.238095 0.002857 0.003810
0 0.532143 0.264286 0.002857 0.006667
0 0.586070 0.338571 0.002143 0.010476
0 0.627043 0.974762 0.011429 0.033333
0 0.668204 0.432381 0.003571 0.009524
