0 0.020786 0.379442 0.020714 0.027919
0 0.000000 0.436548 0.018571 0.030457
0 0.007500 0.455584 0.003571 0.022843
0 0.009643 0.463832 0.017857 0.029188
0 0.022500 0.455584 0.022043 0.032995
0 0.046429 0.471447 0.020000 0.024112
0 0.075000 0.373096 0.014286 0.027919
0 0.233570 0.516497 0.011429 0.020305
0 0.234643 0.496093 0.016429 0.020305
0 0.268570 0.450508 0.017143 0.027919
0 0.359286 0.496827 0.000000 0.021574
0 0.387500 0.494289 0.005000 0.024112
0 0.403570 0.513325 0.008571 0.021574
0 0.445000 0.505863 0.011429 0.021574
0 0.504286 0.497462 0.002857 0.025381
0 0.500714 0.466371 0.007143 0.029188
0 0.862857 0.855330 0.005714 0.022843
0 0.797500 0.782360 0.007857 0.021574
0 0.902500 0.692893 0.006429 0.022843
0 0.680357 0.306624 0.009286 0.031726
0 0.896429 0.049112 0.012857 0.034264
0 0.905357 0.035787 0.012143 0.027919
0 0.901429 0.144670 0.010000 0.022843
0 0.875357 0.002157 0.013571 0.031726
0 0.699286 0.073858 0.011429 0.030457
