0 0.395500 0.582000 0.006000 0.024000
0 0.403500 0.536333 0.005000 0.009333
0 0.630000 0.546667 0.005000 0.025333
0 0.428250 0.481000 0.007500 0.012667
0 0.533500 0.435000 0.003000 0.002667
0 0.524000 0.440667 0.003000 0.012000
0 0.528500 0.433000 0.004000 0.000000
0 0.532750 0.410000 0.004500 0.008000
0 0.407250 0.440667 0.002500 0.012000
0 0.409500 0.441000 0.003000 0.007333
0 0.346000 0.430000 0.003000 0.009333
0 0.362500 0.431000 0.003000 0.008667
0 0.509000 0.400000 0.003000 0.010000
0 0.508250 0.437667 0.003500 0.010000
0 0.408000 0.405333 0.003000 0.009333
0 0.456250 0.362333 0.002500 0.008667
0 0.443750 0.375667 0.000500 0.008667
