0 0.439643 0.576042 0.016429 0.063452
0 0.553204 0.540609 0.013571 0.053299
0 0.665000 0.477792 0.004286 0.057107
0 0.607500 0.406091 0.013571 0.050761
0 0.577857 0.308376 0.002857 0.055838
0 0.628204 0.288706 0.010714 0.049492
0 0.290071 0.458122 0.019286 0.050761
0 0.235357 0.460660 0.003571 0.030457
0 0.093214 0.503807 0.010714 0.032995
0 0.097043 0.666244 0.020000 0.043147
0 0.069286 0.665609 0.007143 0.036802
0 0.030000 0.747462 0.027043 0.060914
0 0.025704 0.702411 0.020000 0.036802
0 0.046071 0.519670 0.017857 0.036802
0 0.087043 0.548858 0.021429 0.054569
0 0.082043 0.498731 0.020000 0.053299
0 0.081786 0.556472 0.015000 0.039340
0 0.238570 0.526015 0.011429 0.034264
0 0.309286 0.327411 0.017143 0.053299
0 0.040357 0.411802 0.020714 0.052030
0 0.026071 0.415609 0.020714 0.052030
0 0.014643 0.430203 0.020714 0.065990
0 0.065704 0.498096 0.024286 0.067259
0 0.222500 0.303934 0.006429 0.049492
0 0.206429 0.329305 0.012857 0.054569
0 0.082857 0.349619 0.020000 0.059645
0 0.300000 0.310914 0.008571 0.030457
0 0.280071 0.358503 0.012143 0.031726
0 0.278570 0.411802 0.011429 0.039340
0 0.297500 0.425027 0.017857 0.058376
0 0.246429 0.378073 0.024286 0.038071
0 0.270071 0.348985 0.013571 0.030457
