0 0.638570 0.782381 0.007143 0.012381
0 0.670786 0.763333 0.006429 0.012381
0 0.655357 0.673800 0.007857 0.014286
0 0.630786 0.643333 0.006429 0.010476
0 0.658929 0.604286 0.009286 0.006190
0 0.666070 0.596190 0.006429 0.011429
0 0.670429 0.598571 0.008571 0.012381
0 0.675704 0.398571 0.007143 0.016190
0 0.660704 0.397143 0.007143 0.013333
0 0.704286 0.168095 0.007143 0.016190
0 0.674643 0.085714 0.009286 0.015238
0 0.685000 0.004286 0.005714 0.015238
0 0.689286 0.004762 0.005714 0.016190
0 0.725704 0.035714 0.007143 0.018095
0 0.457043 0.710476 0.007143 0.013333
0 0.472857 0.707143 0.008571 0.011429
0 0.439286 0.700429 0.010000 0.014286
0 0.469643 0.700000 0.009286 0.003333
0 0.483570 0.672381 0.008571 0.015238
0 0.497857 0.457043 0.007143 0.019048
0 0.347043 0.415714 0.007143 0.020000
0 0.563204 0.222381 0.006429 0.020000
0 0.402143 0.236667 0.007143 0.025714
0 0.389286 0.207609 0.007143 0.020952
0 0.340071 0.236667 0.005000 0.016190
0 0.336070 0.236190 0.006429 0.017143
0 0.327857 0.235238 0.008570 0.017143
0 0.398571 0.129524 0.008571 0.015238
