0 0.491750 0.939333 0.007500 0.020000
0 0.492500 0.692333 0.009000 0.019333
0 0.483750 0.326333 0.005500 0.012667
0 0.488750 0.345000 0.007500 0.014000
0 0.497750 0.379000 0.007500 0.011333
0 0.474250 0.256667 0.006500 0.014667
0 0.468500 0.237000 0.007000 0.016667
0 0.480000 0.248667 0.005000 0.017333
0 0.502500 0.037667 0.004000 0.011333
0 0.462750 0.142000 0.004500 0.013333
0 0.466500 0.100000 0.005000 0.010667
0 0.477750 0.133667 0.005500 0.011333
0 0.471000 0.142333 0.005000 0.014000
0 0.470000 0.013000 0.007000 0.012667
0 0.358500 0.087333 0.003000 0.006667
0 0.335000 0.136000 0.006000 0.010667
0 0.368250 0.050667 0.003500 0.009333
0 0.344750 0.009000 0.004500 0.015333
0 0.360750 0.053667 0.004500 0.014000
0 0.314250 0.227333 0.005500 0.010667
0 0.314500 0.251000 0.005000 0.012667
0 0.064000 0.026333 0.006000 0.014000
0 0.274500 0.380333 0.009000 0.019333
0 0.477750 0.082333 0.004500 0.008667
