0 0.097143 0.088832 0.002857 0.012690
0 0.201071 0.107234 0.003571 0.011421
0 0.201429 0.120558 0.002857 0.012690
0 0.238204 0.123096 0.002143 0.010152
0 0.240429 0.149112 0.002857 0.011421
0 0.245000 0.066878 0.002857 0.011421
0 0.246429 0.065609 0.002857 0.016497
0 0.250429 0.160533 0.004286 0.013959
0 0.254286 0.060533 0.002857 0.013959
0 0.258204 0.206218 0.003571 0.013959
0 0.286786 0.279088 0.003571 0.015228
0 0.340429 0.044416 0.002857 0.012690
0 0.392857 0.025000 0.002857 0.013959
0 0.423204 0.225254 0.003571 0.016497
0 0.428204 0.224619 0.002143 0.012690
0 0.600704 0.146574 0.004286 0.013959
0 0.679286 0.090990 0.004286 0.013959
0 0.548929 0.087817 0.003571 0.017766
0 0.532500 0.090990 0.005000 0.016497
0 0.460071 0.239848 0.003571 0.017766
0 0.473570 0.239213 0.004286 0.016497
0 0.476070 0.244924 0.005000 0.017766
0 0.502500 0.328046 0.003570 0.016497
0 0.480786 0.328046 0.005000 0.021574
0 0.444643 0.370827 0.005000 0.020305
0 0.360704 0.315355 0.004286 0.021574
0 0.300429 0.345178 0.004286 0.020305
0 0.303571 0.346447 0.005714 0.022843
0 0.304643 0.342005 0.005000 0.021574
0 0.307143 0.460660 0.004286 0.022843
0 0.300704 0.484772 0.007143 0.022843
0 0.290357 0.560904 0.007857 0.025381
0 0.376429 0.970447 0.005714 0.024112
0 0.357857 0.986675 0.005704 0.019036
0 0.362500 0.962563 0.006429 0.020574
0 0.356429 0.903706 0.007143 0.020305
0 0.334643 0.763959 0.005000 0.020305
0 0.342500 0.760421 0.006429 0.020305
0 0.335704 0.753807 0.005714 0.020305
0 0.324643 0.503959 0.005000 0.020305
0 0.420786 0.534264 0.003571 0.020305
0 0.507500 0.489213 0.005000 0.019036
0 0.533204 0.494289 0.003571 0.019036
0 0.546070 0.504442 0.005000 0.021574
0 0.594643 0.607386 0.003571 0.011421
0 0.605357 0.667513 0.005000 0.025381
0 0.599286 0.609289 0.004286 0.020305
0 0.622043 0.660533 0.004286 0.021574
