0 0.680704 0.600476 0.014286 0.029524
0 0.702857 0.602380 0.011429 0.031429
0 0.690429 0.590952 0.010000 0.031429
0 0.706786 0.583333 0.000714 0.029524
0 0.693929 0.573333 0.000714 0.032381
0 0.747143 0.618571 0.014286 0.016190
0 0.739286 0.596190 0.011429 0.011429
0 0.759286 0.647619 0.010000 0.019048
0 0.776429 0.657619 0.014286 0.023810
0 0.801429 0.633810 0.011429 0.018095
0 0.606429 0.533333 0.008570 0.034286
0 0.606429 0.535714 0.010000 0.029524
0 0.627143 0.541905 0.012857 0.030476
0 0.452043 0.521429 0.010000 0.025714
0 0.447043 0.516667 0.007143 0.027619
0 0.445357 0.509048 0.009286 0.027609
0 0.556071 0.484286 0.012143 0.027619
0 0.516786 0.339048 0.009286 0.019048
0 0.550429 0.321905 0.007143 0.019048
0 0.465357 0.287619 0.006429 0.013333
0 0.477857 0.257043 0.008571 0.024762
0 0.487857 0.250429 0.005714 0.024762
0 0.497500 0.242857 0.009286 0.020952
0 0.500000 0.257143 0.007143 0.022857
0 0.029643 0.929048 0.022043 0.035238
0 0.035357 0.902380 0.019286 0.035238
0 0.048570 0.904762 0.021429 0.038095
0 0.055000 0.879048 0.008571 0.032381
0 0.055357 0.788571 0.013571 0.022857
0 0.007857 0.717619 0.017143 0.035238
0 0.009286 0.704762 0.017143 0.038095
0 0.010357 0.731429 0.013571 0.017143
0 0.014286 0.699524 0.011429 0.014286
0 0.020714 0.694286 0.010000 0.017143
0 0.060000 0.563333 0.011429 0.016190
0 0.064643 0.557143 0.015000 0.020952
0 0.045000 0.520952 0.011429 0.019048
0 0.033571 0.521905 0.017143 0.019048
0 0.033571 0.508571 0.011429 0.020952
0 0.047857 0.503333 0.010000 0.016190
0 0.053929 0.512857 0.010714 0.020000
0 0.010000 0.510476 0.014286 0.032381
0 0.005704 0.523333 0.011429 0.027619
0 0.014643 0.419524 0.015000 0.027619
0 0.081429 0.436190 0.010000 0.013333
0 0.077143 0.445714 0.008571 0.017143
0 0.063214 0.444286 0.007857 0.018095
0 0.072857 0.432381 0.008571 0.013333
0 0.063571 0.434286 0.008571 0.015238
0 0.040000 0.449524 0.015714 0.017143
0 0.013571 0.455238 0.010000 0.020952
0 0.031071 0.429048 0.007857 0.014286
0 0.039643 0.439048 0.012143 0.013333
0 0.041071 0.428571 0.010714 0.015238
0 0.045000 0.420952 0.014286 0.020952
0 0.068214 0.407143 0.012143 0.014286
0 0.067143 0.396190 0.008571 0.013333
0 0.075357 0.393810 0.010714 0.014286
0 0.075714 0.377619 0.010000 0.012381
0 0.071071 0.357143 0.010714 0.013333
0 0.062500 0.353333 0.009286 0.013333
0 0.072143 0.346190 0.008571 0.010476
0 0.082143 0.355238 0.008571 0.011429
0 0.082143 0.345714 0.010000 0.013333
0 0.029286 0.324762 0.010000 0.013333
0 0.041071 0.322381 0.009286 0.014286
0 0.046429 0.308095 0.007143 0.012381
0 0.052857 0.308571 0.008571 0.011429
0 0.060357 0.309048 0.009286 0.014286
0 0.061071 0.298095 0.009286 0.011429
0 0.056429 0.284762 0.007143 0.013333
0 0.063571 0.287619 0.008571 0.009524
0 0.063571 0.278571 0.007143 0.010476
0 0.071786 0.285238 0.009286 0.012381
0 0.026071 0.290952 0.007857 0.014286
0 0.044643 0.285714 0.009286 0.013333
0 0.036786 0.282857 0.009286 0.011429
0 0.046071 0.271429 0.007857 0.011429
0 0.029643 0.270952 0.006429 0.010476
0 0.007857 0.251429 0.012857 0.022857
0 0.048929 0.252381 0.007857 0.011429
0 0.084286 0.262381 0.008571 0.016190
0 0.091786 0.259524 0.007857 0.012381
0 0.055357 0.267143 0.007857 0.010476
0 0.064286 0.268571 0.007143 0.011429
0 0.066786 0.261429 0.007857 0.010476
