0 0.433716 0.258813 0.005219 0.009276
0 0.466597 0.204545 0.003032 0.013915
0 0.449113 0.202690 0.003653 0.012059
0 0.459802 0.194341 0.003132 0.013915
0 0.487203 0.145640 0.003653 0.012987
0 0.497129 0.132189 0.002610 0.010204
0 0.502871 0.146568 0.002610 0.009276
0 0.503132 0.147959 0.002088 0.008349
0 0.501827 0.138219 0.003653 0.009276
0 0.500783 0.130798 0.003653 0.007421
0 0.475209 0.011781 0.003653 0.015770
0 0.478600 0.105288 0.003132 0.010204
0 0.475730 0.106679 0.002610 0.011132
0 0.489300 0.100186 0.001566 0.007421
0 0.476775 0.094620 0.002600 0.011132
0 0.478862 0.093228 0.002600 0.013915
0 0.483038 0.075603 0.002600 0.010204
0 0.485386 0.069009 0.002088 0.008349
0 0.493476 0.063544 0.002600 0.010204
0 0.484603 0.056022 0.002610 0.010204
0 0.525052 0.007885 0.002088 0.004638
0 0.500699 0.067718 0.002610 0.009276
0 0.501482 0.067254 0.002088 0.010204
0 0.514353 0.065399 0.002610 0.008349
0 0.556628 0.071892 0.002610 0.008349
0 0.560020 0.109926 0.002088 0.012059
0 0.562370 0.009926 0.003653 0.012059
0 0.558977 0.008998 0.003132 0.013915
0 0.573852 0.009462 0.002610 0.012987
0 0.578027 0.130334 0.002610 0.008349
0 0.580115 0.155380 0.003653 0.010204
0 0.581420 0.166048 0.003132 0.011132
0 0.579593 0.225880 0.002610 0.013915
0 0.588987 0.227737 0.003653 0.013915
0 0.583507 0.224490 0.004175 0.011132
0 0.594207 0.250000 0.004697 0.012059
0 0.771660 0.785714 0.012004 0.024119
0 0.733299 0.661874 0.009395 0.026902
0 0.708768 0.641002 0.009395 0.025974
0 0.717119 0.631262 0.008351 0.025046
0 0.717119 0.607143 0.009395 0.019481
0 0.666493 0.372449 0.006263 0.023091
0 0.672495 0.308905 0.005740 0.018553
0 0.615084 0.187384 0.003653 0.009276
0 0.600775 0.111781 0.003132 0.010204
0 0.604384 0.010390 0.002088 0.012987
0 0.610386 0.107607 0.002610 0.009276
0 0.600775 0.072356 0.002088 0.011132
0 0.604645 0.073284 0.000566 0.011132
0 0.609864 0.073748 0.002610 0.006494
0 0.612996 0.061688 0.001566 0.004638
0 0.600514 0.039889 0.002610 0.009276
