0 0.285000 0.963800 0.014286 0.049524
0 0.273929 0.968095 0.006429 0.056190
0 0.546070 0.816667 0.009286 0.037143
0 0.554643 0.802380 0.007857 0.035238
0 0.090000 0.748095 0.007143 0.027619
0 0.593204 0.664762 0.005000 0.015238
0 0.608204 0.647619 0.005000 0.017143
0 0.502143 0.642381 0.004286 0.018095
0 0.425704 0.614762 0.004286 0.014286
0 0.366786 0.599524 0.005000 0.000476
0 0.330786 0.565238 0.003571 0.008571
0 0.333929 0.565238 0.003570 0.010476
0 0.909643 0.722857 0.009286 0.022857
0 0.935000 0.724762 0.008570 0.024762
0 0.856429 0.590429 0.004286 0.013333
