0 0.250305 0.958720 0.010960 0.030612
0 0.243998 0.968460 0.000960 0.035250
0 0.243205 0.951763 0.009395 0.033395
0 0.256785 0.879406 0.002526 0.042672
0 0.287839 0.808646 0.010960 0.036178
0 0.253904 0.796846 0.009916 0.035250
0 0.257568 0.755002 0.010960 0.038961
0 0.268267 0.732375 0.000438 0.041744
0 0.294363 0.708720 0.000438 0.038961
0 0.249739 0.865028 0.007829 0.036078
0 0.253904 0.846939 0.014092 0.022263
0 0.259034 0.830705 0.016180 0.032468
0 0.302975 0.653989 0.007829 0.022263
0 0.294624 0.649804 0.008873 0.032468
0 0.274790 0.669759 0.009916 0.033395
0 0.278967 0.659090 0.008873 0.025046
0 0.293058 0.584879 0.008873 0.034323
0 0.292537 0.602245 0.010960 0.035250
0 0.278445 0.630262 0.008873 0.038033
0 0.277400 0.609462 0.008873 0.027829
0 0.278706 0.596939 0.000438 0.030612
0 0.282098 0.560297 0.007829 0.029685
0 0.292276 0.488404 0.007307 0.028757
0 0.296090 0.477273 0.008873 0.032468
0 0.300543 0.465677 0.010438 0.031540
0 0.308894 0.465677 0.005219 0.020408
0 0.324013 0.464286 0.005219 0.028757
0 0.305324 0.420150 0.009395 0.031540
0 0.330376 0.400670 0.006263 0.027829
0 0.297234 0.429035 0.005740 0.032468
0 0.300365 0.386364 0.004697 0.003915
0 0.300887 0.378005 0.008873 0.026902
0 0.301065 0.372449 0.007307 0.028757
0 0.325678 0.357607 0.007307 0.028757
0 0.338987 0.354360 0.006785 0.027829
0 0.304196 0.349722 0.008351 0.027829
0 0.326460 0.287106 0.006785 0.028757
0 0.320242 0.284787 0.006785 0.025974
0 0.307850 0.293599 0.006263 0.030612
0 0.309154 0.308442 0.006785 0.028757
0 0.324896 0.306586 0.005740 0.028757
0 0.307672 0.320892 0.005741 0.027829
0 0.302370 0.304731 0.005741 0.026902
0 0.307933 0.309369 0.006263 0.028757
0 0.332203 0.272727 0.006785 0.029685
0 0.334290 0.208720 0.003653 0.022263
0 0.329854 0.207328 0.005209 0.030612
0 0.302891 0.221707 0.003653 0.025974
0 0.305762 0.233766 0.004175 0.027829
0 0.308111 0.225881 0.003653 0.026902
0 0.305762 0.215213 0.003132 0.018553
0 0.308111 0.205473 0.006785 0.023191
0 0.348382 0.071614 0.003653 0.018553
0 0.290754 0.117811 0.005219 0.014842
0 0.290088 0.127087 0.006263 0.014842
0 0.300887 0.044249 0.006785 0.025046
0 0.304009 0.143321 0.006785 0.025046
0 0.294624 0.072542 0.005741 0.024119
0 0.288883 0.071614 0.004697 0.025974
0 0.280576 0.168831 0.006785 0.024119
0 0.265397 0.060482 0.005741 0.025974
0 0.257829 0.064657 0.003132 0.021336
0 0.254697 0.062801 0.005219 0.023191
0 0.240910 0.165121 0.003653 0.020408
0 0.233820 0.060019 0.006263 0.025046
0 0.326200 0.043035 0.005219 0.015770
0 0.309154 0.040816 0.004697 0.020408
0 0.322547 0.038033 0.005209 0.024119
0 0.333246 0.042672 0.004697 0.002987
0 0.395094 0.309109 0.005219 0.029685
0 0.387787 0.320965 0.008350 0.029685
0 0.365344 0.327458 0.006263 0.029685
0 0.399269 0.256957 0.005209 0.029685
0 0.404228 0.225880 0.004697 0.030612
0 0.397704 0.200763 0.006263 0.026902
0 0.368737 0.562606 0.008873 0.032468
0 0.382829 0.097588 0.003653 0.022263
0 0.383350 0.193878 0.003653 0.020408
0 0.407620 0.079499 0.006263 0.025046
0 0.424322 0.085529 0.004175 0.025974
0 0.396038 0.128942 0.006263 0.022263
0 0.384656 0.015028 0.005219 0.024119
0 0.428236 0.024304 0.003653 0.022263
0 0.420712 0.128015 0.004175 0.022263
0 0.420973 0.166512 0.004697 0.025046
0 0.420973 0.157236 0.005741 0.026902
0 0.385077 0.179035 0.004175 0.024119
0 0.390909 0.169759 0.003132 0.018553
0 0.389875 0.061410 0.004175 0.020408
0 0.454593 0.033117 0.005219 0.019481
0 0.455015 0.127551 0.004175 0.021336
0 0.483038 0.068367 0.004697 0.026902
0 0.479023 0.155380 0.005219 0.025046
0 0.486069 0.153525 0.004697 0.025046
0 0.502265 0.183673 0.004697 0.016698
0 0.508873 0.073006 0.004175 0.019481
0 0.503653 0.070223 0.004175 0.025046
0 0.385077 0.169295 0.003132 0.019481
0 0.382829 0.165584 0.003653 0.012059
0 0.569054 0.273191 0.004697 0.028757
0 0.577766 0.289425 0.005209 0.029685
0 0.585334 0.290353 0.006785 0.029685
0 0.577766 0.249536 0.006263 0.025974
0 0.582724 0.099443 0.004697 0.025974
0 0.579593 0.089703 0.004697 0.023191
0 0.560326 0.205009 0.004697 0.014842
0 0.550887 0.202894 0.003653 0.030612
0 0.556367 0.200299 0.004175 0.020408
0 0.558455 0.092950 0.006263 0.024119
0 0.560065 0.174397 0.004175 0.025974
0 0.549582 0.094341 0.005219 0.025046
0 0.555846 0.074861 0.004175 0.028757
0 0.534708 0.200299 0.005741 0.022263
0 0.537056 0.193414 0.003132 0.012059
0 0.452505 0.095083 0.005209 0.013915
0 0.456420 0.088026 0.006785 0.022263
0 0.460595 0.089508 0.004697 0.013915
0 0.467902 0.082096 0.004697 0.020336
0 0.472338 0.080705 0.006263 0.024019
0 0.477296 0.077922 0.005740 0.022263
0 0.480428 0.000186 0.004697 0.022263
0 0.484342 0.094620 0.004075 0.022263
0 0.487996 0.093228 0.004075 0.017625
0 0.497390 0.087099 0.003132 0.022263
0 0.493998 0.025696 0.003653 0.017625
0 0.509906 0.121521 0.006263 0.022263
0 0.545929 0.051670 0.003132 0.025046
0 0.540700 0.152134 0.005219 0.024119
0 0.549843 0.053989 0.003653 0.025974
0 0.520606 0.131262 0.003653 0.017625
0 0.520660 0.180891 0.003653 0.027829
0 0.524790 0.192950 0.003653 0.025974
0 0.528967 0.089703 0.004697 0.023191
0 0.535490 0.179963 0.006263 0.027829
0 0.530000 0.180891 0.006785 0.025974
0 0.529749 0.073469 0.003132 0.025974
0 0.526608 0.176252 0.004175 0.020408
0 0.552092 0.068182 0.004175 0.021336
0 0.528084 0.057050 0.003132 0.017625
0 0.524790 0.051948 0.004697 0.022263
0 0.603518 0.118275 0.003653 0.023191
0 0.607777 0.015955 0.003653 0.018553
0 0.604906 0.013636 0.005219 0.023191
0 0.490344 0.034323 0.004697 0.022263
0 0.455637 0.008553 0.005219 0.024119
0 0.549843 0.012245 0.003653 0.024119
0 0.542797 0.012709 0.004175 0.017625
0 0.540970 0.106215 0.003653 0.019481
0 0.534447 0.006679 0.003132 0.016698
0 0.530793 0.003432 0.003132 0.017625
0 0.527923 0.003432 0.003653 0.015770
0 0.520877 0.095547 0.004075 0.020408
0 0.505919 0.099258 0.004697 0.018553
0 0.522965 0.001577 0.005219 0.017625
0 0.602474 0.174861 0.004697 0.025046
0 0.630263 0.177644 0.005741 0.023191
0 0.639604 0.187384 0.005741 0.014842
0 0.700939 0.324675 0.007307 0.029685
0 0.706942 0.309573 0.004697 0.026902
0 0.703205 0.320965 0.006785 0.027829
0 0.702683 0.326067 0.008873 0.028757
0 0.760221 0.368275 0.010960 0.031540
0 0.850775 0.651206 0.012526 0.035250
0 0.837061 0.638219 0.013570 0.035250
0 0.806284 0.654917 0.009395 0.037106
0 0.838466 0.690630 0.007829 0.026902
0 0.827766 0.695269 0.007307 0.030602
0 0.743205 0.790353 0.006263 0.027829
0 0.733038 0.846475 0.002004 0.041744
0 0.790232 0.743043 0.010438 0.037106
0 0.768528 0.738868 0.009906 0.025046
0 0.766080 0.734230 0.010438 0.038033
0 0.780837 0.719388 0.009395 0.026902
0 0.778967 0.701967 0.010960 0.034323
0 0.754697 0.944341 0.006263 0.016698
0 0.754958 0.948052 0.004092 0.042672
0 0.678758 0.956400 0.006785 0.025974
0 0.628653 0.950763 0.009916 0.027829
0 0.343685 0.015955 0.004697 0.022263
0 0.340336 0.119666 0.005219 0.027829
0 0.379958 0.020594 0.004175 0.022263
0 0.356201 0.129870 0.004697 0.024119
0 0.347599 0.034972 0.005219 0.026902
0 0.344729 0.040074 0.005741 0.024119
0 0.340336 0.141929 0.006263 0.022263
0 0.356472 0.046568 0.005219 0.018553
0 0.350992 0.056308 0.003653 0.021336
0 0.348021 0.165584 0.004175 0.021336
0 0.344990 0.070686 0.004175 0.020408
0 0.340030 0.176252 0.004697 0.020408
0 0.338205 0.081354 0.004175 0.015770
0 0.322547 0.097124 0.005219 0.026902
0 0.309676 0.194341 0.004697 0.025046
0 0.320720 0.086920 0.004697 0.025046
0 0.324013 0.181818 0.005219 0.025974
0 0.326722 0.080427 0.005219 0.026902
0 0.332203 0.082282 0.006785 0.026902
0 0.329854 0.075788 0.004175 0.023191
0 0.333246 0.081354 0.003653 0.026902
0 0.334029 0.076252 0.004175 0.027829
0 0.340597 0.169295 0.005741 0.026902
0 0.336378 0.069295 0.004697 0.028757
0 0.376044 0.035436 0.004697 0.018553
0 0.370042 0.032653 0.005219 0.020408
0 0.374207 0.131725 0.003132 0.012987
0 0.362203 0.128942 0.004175 0.014842
0 0.364562 0.025232 0.004697 0.024119
0 0.369259 0.025696 0.003653 0.021336
0 0.433455 0.008349 0.004697 0.006698
0 0.423539 0.009276 0.003653 0.008553
0 0.405000 0.006494 0.004175 0.012987
0 0.409102 0.007421 0.004175 0.014842
0 0.427975 0.008803 0.004175 0.017625
0 0.629697 0.007420 0.004697 0.014842
0 0.649269 0.980911 0.014614 0.034323
0 0.606994 0.990724 0.007307 0.006698
0 0.549322 0.966041 0.009916 0.036178
