0 0.226250 0.440000 0.004500 0.000667
0 0.263500 0.462667 0.004000 0.003333
0 0.382250 0.556333 0.006500 0.015333
0 0.049000 0.468333 0.006000 0.008667
0 0.067000 0.473667 0.008000 0.010000
0 0.176750 0.454000 0.003500 0.009333
0 0.181500 0.454000 0.004000 0.009333
0 0.208250 0.457667 0.004500 0.005333
0 0.203250 0.456667 0.003500 0.014667
0 0.031500 0.476667 0.005000 0.016000
0 0.030000 0.474000 0.004000 0.014667
0 0.075750 0.436667 0.003500 0.002000
0 0.080000 0.435667 0.004000 0.007333
0 0.073000 0.405667 0.005000 0.011333
0 0.092000 0.430000 0.003000 0.000667
0 0.546000 0.455667 0.004000 0.004000
0 0.548500 0.454000 0.003000 0.000667
0 0.543750 0.440667 0.002500 0.000667
0 0.529000 0.403667 0.003000 0.001333
0 0.529750 0.409333 0.002500 0.009333
0 0.525000 0.420667 0.003000 0.009333
0 0.528000 0.425667 0.004000 0.006000
0 0.469750 0.403333 0.002500 0.008000
0 0.501500 0.409333 0.002000 0.008000
0 0.530000 0.387667 0.002000 0.007333
0 0.501250 0.405000 0.002500 0.007333
0 0.534000 0.390667 0.002000 0.007333
0 0.536500 0.384333 0.002000 0.007333
0 0.538000 0.388667 0.002000 0.002000
0 0.533000 0.388667 0.002000 0.008000
0 0.444000 0.440333 0.005000 0.008667
0 0.400250 0.470333 0.002500 0.004000
0 0.415250 0.412667 0.003500 0.005333
0 0.404750 0.409000 0.000500 0.006000
0 0.407500 0.392000 0.003000 0.006667
0 0.400750 0.391333 0.002500 0.008000
0 0.433250 0.399000 0.000500 0.006000
0 0.430750 0.398000 0.001500 0.008000
0 0.429250 0.400667 0.000500 0.005333
0 0.424000 0.410000 0.003000 0.005333
0 0.428250 0.410000 0.002500 0.005333
