0 0.028204 0.191905 0.007857 0.006667
0 0.029643 0.099048 0.006429 0.009524
0 0.044286 0.090952 0.007143 0.008571
0 0.020071 0.227143 0.007857 0.006667
0 0.033929 0.243800 0.005000 0.007619
0 0.029286 0.238095 0.007043 0.007619
0 0.032500 0.234286 0.006429 0.007609
0 0.026786 0.230429 0.006429 0.005714
0 0.025704 0.276667 0.011429 0.006667
0 0.025704 0.282857 0.011429 0.005714
0 0.026786 0.289524 0.000714 0.005714
0 0.025704 0.299524 0.012857 0.006667
0 0.026429 0.308095 0.000000 0.008571
0 0.040429 0.323333 0.005714 0.008571
0 0.047500 0.368570 0.009286 0.003810
0 0.050704 0.373810 0.008571 0.006667
0 0.052043 0.380952 0.008571 0.007619
0 0.045357 0.380000 0.007857 0.007609
0 0.045357 0.402857 0.015000 0.008571
0 0.066429 0.498570 0.008571 0.008571
0 0.082043 0.520000 0.010000 0.005714
0 0.075704 0.519524 0.010000 0.006667
0 0.066070 0.621429 0.012143 0.004762
0 0.063929 0.625238 0.000714 0.004762
0 0.060071 0.645238 0.009286 0.008571
0 0.069286 0.666667 0.000000 0.009524
0 0.065357 0.686667 0.000714 0.003810
0 0.057043 0.717619 0.012857 0.008571
0 0.073929 0.704762 0.009286 0.006667
0 0.070357 0.730429 0.009286 0.007619
0 0.082043 0.730476 0.010000 0.007619
0 0.067857 0.693800 0.010000 0.004762
0 0.090429 0.758571 0.010000 0.006667
0 0.089643 0.868570 0.013571 0.013333
0 0.092857 0.880905 0.011429 0.009524
0 0.065357 0.990000 0.000714 0.012381
0 0.077500 0.979524 0.007857 0.008570
0 0.089286 0.965238 0.001429 0.008571
0 0.086070 0.973333 0.009286 0.005714
