0 0.966070 0.542513 0.006429 0.019036
0 0.952500 0.555203 0.006429 0.003959
0 0.924286 0.555203 0.004286 0.003959
0 0.894643 0.570430 0.006429 0.011421
0 0.897857 0.573604 0.004286 0.005228
0 0.903571 0.571701 0.005714 0.013959
0 0.905714 0.574873 0.004286 0.015228
0 0.930429 0.562817 0.004286 0.013959
0 0.934286 0.566624 0.005704 0.011421
0 0.045000 0.872462 0.005714 0.016497
0 0.079286 0.440355 0.005704 0.015228
0 0.098929 0.402437 0.002143 0.010152
0 0.015714 0.392766 0.002857 0.008883
0 0.060071 0.479695 0.003571 0.012690
0 0.055704 0.484137 0.004286 0.011421
