0 0.584643 0.684762 0.010714 0.017143
0 0.439286 0.787043 0.010000 0.023810
0 0.456786 0.769048 0.007857 0.020905
0 0.597043 0.780476 0.008571 0.021905
0 0.590357 0.777609 0.006429 0.014286
0 0.569286 0.820429 0.008571 0.027619
0 0.633929 0.980905 0.010714 0.032381
0 0.607500 0.983333 0.010714 0.033333
0 0.551429 0.833333 0.015714 0.022857
0 0.683929 0.733810 0.012143 0.020000
0 0.001071 0.875238 0.017857 0.020952
0 0.073571 0.730952 0.010000 0.020000
0 0.096429 0.837619 0.020000 0.020000
0 0.152143 0.730952 0.011429 0.016190
0 0.156786 0.686667 0.013571 0.015238
0 0.117143 0.803810 0.012857 0.017143
0 0.140714 0.657619 0.008571 0.010476
0 0.149286 0.666667 0.011429 0.013333
0 0.967043 0.654286 0.012857 0.024762
0 0.942500 0.656090 0.012143 0.022857
0 0.936786 0.648095 0.000714 0.021905
0 0.948204 0.641429 0.010714 0.027619
0 0.938570 0.526190 0.008571 0.021905
