0 0.233204 0.949048 0.019286 0.021905
0 0.080357 0.822857 0.026429 0.009048
0 0.005714 0.991429 0.031429 0.015238
0 0.072143 0.826190 0.024286 0.023810
0 0.029643 0.786190 0.025000 0.016190
0 0.060357 0.830952 0.020714 0.018095
0 0.025000 0.800952 0.024286 0.017143
0 0.203929 0.164286 0.013571 0.021905
0 0.203204 0.168095 0.016429 0.029524
0 0.202857 0.543800 0.017143 0.019048
0 0.182500 0.486190 0.019286 0.021905
0 0.314286 0.487619 0.017143 0.020952
0 0.502500 0.603333 0.016429 0.022857
0 0.800786 0.987143 0.020714 0.025714
0 0.571071 0.760476 0.015000 0.021905
0 0.574643 0.302381 0.012143 0.028571
0 0.596070 0.310952 0.013571 0.027619
0 0.587043 0.305238 0.011429 0.027619
0 0.728929 0.067143 0.010714 0.033333
0 0.451071 0.243333 0.015000 0.029524
