0 0.624286 0.933800 0.008571 0.010476
0 0.608929 0.921905 0.006429 0.007619
0 0.306786 0.440952 0.006429 0.007609
0 0.305357 0.445714 0.007857 0.007619
0 0.557857 0.442380 0.005714 0.010476
0 0.421071 0.312857 0.005000 0.008571
0 0.540357 0.273800 0.006429 0.012381
0 0.381071 0.044286 0.007857 0.008571
0 0.367043 0.088571 0.005714 0.011429
0 0.352043 0.047143 0.005714 0.012381
0 0.349643 0.063333 0.005000 0.002381
0 0.359286 0.360000 0.007143 0.007619
0 0.370429 0.330000 0.005714 0.010476
0 0.235000 0.237143 0.008571 0.013333
0 0.046071 0.253333 0.007857 0.013333
0 0.705000 0.080952 0.005714 0.015238
0 0.592857 0.234762 0.005714 0.010476
