0 0.002143 0.246190 0.007143 0.021905
0 0.055000 0.360952 0.008571 0.020952
0 0.085357 0.365714 0.007857 0.019048
0 0.094643 0.399048 0.007857 0.022857
0 0.075357 0.393810 0.006429 0.020000
0 0.063929 0.384762 0.009286 0.019048
0 0.246070 0.228571 0.005000 0.020952
0 0.091071 0.522857 0.009286 0.024762
0 0.040000 0.625704 0.008571 0.020952
0 0.056070 0.634762 0.007857 0.016190
0 0.019286 0.621429 0.010000 0.025714
0 0.041786 0.634762 0.010714 0.023810
0 0.056071 0.610476 0.006429 0.026667
0 0.066071 0.286667 0.006429 0.019048
0 0.313214 0.296667 0.010714 0.016190
0 0.343570 0.780952 0.010000 0.038095
0 0.357857 0.773800 0.011429 0.035238
0 0.492043 0.145238 0.004286 0.018095
0 0.496070 0.146667 0.003571 0.017143
0 0.500000 0.049048 0.002857 0.016190
0 0.375000 0.827609 0.005714 0.026667
0 0.364286 0.830476 0.005704 0.022857
0 0.678204 0.437143 0.006429 0.020952
0 0.597857 0.083810 0.004286 0.022857
0 0.580704 0.050476 0.004286 0.011429
0 0.832500 0.064286 0.007857 0.018095
0 0.787500 0.300952 0.005000 0.025714
0 0.254643 0.588571 0.012143 0.015238
0 0.718214 0.260476 0.006429 0.012381
