0 0.368214 0.245238 0.006429 0.010476
0 0.355000 0.180476 0.002857 0.008571
0 0.352857 0.182381 0.004286 0.012381
0 0.373570 0.172381 0.005714 0.015238
0 0.843570 0.558095 0.008571 0.015238
0 0.826429 0.520905 0.012857 0.020952
0 0.847500 0.090952 0.006429 0.018095
0 0.843570 0.190476 0.005714 0.017143
0 0.630357 0.266190 0.009286 0.014286
0 0.821071 0.267143 0.007857 0.012381
0 0.816429 0.264762 0.004286 0.011429
0 0.840357 0.285238 0.007857 0.018095
0 0.780357 0.122857 0.003571 0.009524
0 0.775714 0.115238 0.007143 0.011429
0 0.748929 0.077609 0.003571 0.006667
0 0.908204 0.075238 0.005000 0.015238
0 0.670071 0.011905 0.003571 0.010476
