0 0.399643 0.393333 0.002143 0.036190
0 0.502143 0.242857 0.007143 0.028571
0 0.775704 0.050000 0.011429 0.029524
0 0.722857 0.038095 0.011429 0.038095
0 0.405357 0.563800 0.015000 0.020952
0 0.075000 0.663333 0.025704 0.018095
0 0.298214 0.513333 0.013571 0.020952
0 0.459643 0.397143 0.012143 0.015238
0 0.454643 0.404286 0.013571 0.018095
0 0.048929 0.769048 0.027857 0.020000
0 0.040000 0.838570 0.031429 0.021905
0 0.004286 0.830476 0.028571 0.022857
0 0.060357 0.753333 0.030704 0.026667
0 0.290429 0.988095 0.015714 0.018095
0 0.488570 0.916667 0.017143 0.023810
0 0.406429 0.800000 0.014286 0.024762
0 0.490786 0.742857 0.009286 0.011429
0 0.447500 0.850952 0.002143 0.012381
0 0.460786 0.842857 0.016429 0.015238
0 0.499643 0.735238 0.003571 0.017143
