0 0.598204 0.358571 0.029286 0.100000
0 0.670071 0.404762 0.030714 0.081905
0 0.550704 0.371429 0.027143 0.099048
0 0.565704 0.359048 0.022857 0.089524
0 0.533570 0.388571 0.034286 0.097143
0 0.498570 0.399048 0.031429 0.089524
0 0.486786 0.366667 0.025000 0.090429
0 0.429643 0.393333 0.032043 0.093333
0 0.383204 0.384286 0.032143 0.107619
0 0.336786 0.386090 0.042143 0.103810
0 0.270786 0.402381 0.043571 0.100000
0 0.234643 0.386667 0.030704 0.100952
0 0.091429 0.404286 0.045714 0.101905
0 0.019286 0.394762 0.041429 0.096190
0 0.033929 0.405238 0.053570 0.103810
0 0.058929 0.390476 0.040704 0.131429
0 0.012500 0.344286 0.030714 0.090476
0 0.027143 0.364286 0.025714 0.075238
0 0.050714 0.362381 0.030000 0.094286
0 0.075357 0.359048 0.032143 0.095238
0 0.055714 0.332381 0.024286 0.081905
0 0.153929 0.318095 0.017857 0.045714
0 0.852043 0.372857 0.040000 0.103810
0 0.890429 0.379524 0.038571 0.101905
0 0.940071 0.382857 0.046429 0.095238
0 0.977500 0.387043 0.032143 0.092381
0 0.886786 0.060429 0.022143 0.069524
0 0.856429 0.060905 0.031429 0.078095
0 0.805714 0.065238 0.020000 0.067619
0 0.790786 0.065714 0.019286 0.068571
0 0.705000 0.060000 0.017143 0.064762
0 0.693929 0.058095 0.025000 0.064762
0 0.657043 0.065714 0.021429 0.062857
0 0.624286 0.060476 0.020000 0.069524
0 0.603570 0.071429 0.017143 0.043810
0 0.592043 0.061429 0.018571 0.067619
0 0.573204 0.070476 0.012143 0.049524
0 0.552500 0.060905 0.015000 0.062857
0 0.530357 0.062380 0.015000 0.061905
0 0.493570 0.060000 0.021429 0.064762
0 0.476786 0.062857 0.005000 0.062857
0 0.460071 0.057619 0.019286 0.073333
0 0.427043 0.057143 0.018571 0.060952
0 0.408214 0.056667 0.019286 0.067619
0 0.437857 0.069048 0.005714 0.044762
0 0.507500 0.071429 0.013571 0.041905
0 0.560357 0.067043 0.015000 0.054286
0 0.542857 0.066667 0.007143 0.051429
0 0.872857 0.063333 0.005714 0.069524
0 0.925357 0.075704 0.015000 0.037143
0 0.966429 0.072380 0.020000 0.057143
0 0.986786 0.070476 0.020704 0.060952
0 0.400071 0.189048 0.015000 0.042857
0 0.330071 0.229048 0.013571 0.037143
0 0.337857 0.234286 0.000000 0.026667
0 0.347500 0.229048 0.002143 0.035238
0 0.675704 0.227143 0.011429 0.039048
0 0.686429 0.232380 0.012857 0.045714
0 0.699643 0.230429 0.017857 0.049524
0 0.769643 0.236090 0.013571 0.043810
0 0.783204 0.237619 0.016429 0.060000
0 0.240429 0.251429 0.017143 0.045714
