0 0.427857 0.733333 0.000000 0.036190
0 0.447043 0.730476 0.010000 0.032381
0 0.457500 0.600476 0.009286 0.025704
0 0.463570 0.596667 0.008571 0.027619
0 0.457500 0.568095 0.006429 0.027609
0 0.463570 0.569048 0.005714 0.027619
0 0.408571 0.504286 0.011429 0.031429
0 0.409286 0.500000 0.001429 0.028571
0 0.399643 0.497043 0.010714 0.026667
0 0.389286 0.507043 0.010000 0.031429
0 0.387857 0.492857 0.002857 0.023810
0 0.369286 0.429048 0.000000 0.025714
0 0.550071 0.479048 0.006429 0.024762
0 0.547500 0.475704 0.007857 0.025714
0 0.540429 0.470000 0.007143 0.029524
0 0.535357 0.468570 0.005000 0.028571
0 0.570000 0.465704 0.007143 0.024762
0 0.568929 0.450476 0.007857 0.022857
0 0.357043 0.286190 0.007143 0.020000
0 0.329286 0.239048 0.005704 0.017143
0 0.346429 0.091905 0.005714 0.014286
0 0.353204 0.189048 0.005000 0.016190
0 0.348204 0.177143 0.005000 0.015238
0 0.321786 0.158571 0.005000 0.008571
0 0.293570 0.219048 0.005714 0.017143
0 0.296070 0.217143 0.005000 0.013333
0 0.299643 0.208095 0.006429 0.017143
0 0.308570 0.218095 0.005714 0.017143
0 0.302143 0.217619 0.005714 0.016190
