0 0.504092 0.638219 0.007307 0.038961
0 0.489040 0.634508 0.008350 0.051948
0 0.477296 0.624304 0.005136 0.061224
0 0.473904 0.611317 0.005219 0.027829
0 0.443633 0.624304 0.009395 0.059369
0 0.460117 0.626623 0.010960 0.058442
0 0.707463 0.557050 0.007829 0.047300
0 0.704071 0.549629 0.007307 0.026902
0 0.742954 0.370058 0.004697 0.020408
0 0.730689 0.370521 0.005219 0.019481
0 0.722599 0.372903 0.003653 0.018553
0 0.625000 0.284787 0.003653 0.002987
0 0.663000 0.301484 0.002610 0.016698
0 0.659969 0.300948 0.002610 0.015770
0 0.574635 0.269480 0.004175 0.013915
0 0.577766 0.270336 0.003132 0.012059
0 0.595772 0.276902 0.002600 0.012059
0 0.690023 0.310761 0.004175 0.016698
0 0.702244 0.303080 0.002610 0.013915
0 0.698330 0.305399 0.003132 0.009276
0 0.652400 0.303340 0.004175 0.012987
0 0.650052 0.301020 0.003653 0.012059
0 0.652401 0.301020 0.004175 0.013915
0 0.482255 0.295455 0.002088 0.000204
0 0.483820 0.295908 0.003132 0.011132
0 0.489040 0.293035 0.003132 0.012987
0 0.490127 0.293135 0.003132 0.012987
