0 0.034286 0.600254 0.012857 0.043147
0 0.037857 0.472081 0.011429 0.038071
0 0.304643 0.073604 0.006429 0.025380
0 0.306070 0.076142 0.006429 0.025381
0 0.232500 0.203198 0.009286 0.035533
0 0.238570 0.212563 0.008571 0.034264
0 0.635000 0.504442 0.007043 0.036802
0 0.645000 0.496827 0.008570 0.039340
0 0.602857 0.409264 0.007143 0.034264
0 0.573204 0.241751 0.006429 0.031726
0 0.586429 0.007766 0.005714 0.025381
0 0.580000 0.046954 0.005704 0.025381
0 0.566429 0.068528 0.005704 0.027919
0 0.570071 0.066624 0.005000 0.026650
