0 0.680429 0.356599 0.004286 0.012690
0 0.683204 0.357234 0.003571 0.013959
0 0.675000 0.397843 0.002857 0.006497
0 0.576429 0.407513 0.004286 0.017766
0 0.460429 0.387690 0.002857 0.013959
0 0.408571 0.390228 0.002857 0.008883
0 0.401429 0.547589 0.004286 0.021574
0 0.700786 0.770305 0.005000 0.025381
0 0.707500 0.770939 0.005000 0.024012
0 0.722500 0.598350 0.003570 0.016497
0 0.722043 0.595812 0.002857 0.019036
0 0.542500 0.553299 0.003570 0.015228
0 0.544286 0.547589 0.002857 0.009036
0 0.606429 0.537437 0.002857 0.019036
0 0.622043 0.538071 0.002857 0.020305
0 0.632043 0.520939 0.004286 0.016497
0 0.601071 0.482868 0.003571 0.019036
0 0.605714 0.484137 0.002857 0.013959
0 0.460357 0.627538 0.003570 0.021574
0 0.463570 0.628807 0.004286 0.019036
0 0.454286 0.657995 0.004286 0.020574
0 0.449286 0.660168 0.004286 0.020305
0 0.453570 0.740482 0.005714 0.026650
0 0.445357 0.778553 0.003570 0.024112
0 0.440704 0.773477 0.004286 0.024112
0 0.457857 0.580584 0.004286 0.009036
0 0.460000 0.556472 0.004286 0.009036
0 0.469643 0.582487 0.003570 0.020305
0 0.570786 0.344543 0.002143 0.011421
0 0.650786 0.539975 0.003571 0.016497
