0 0.001786 0.913333 0.023571 0.028571
0 0.000000 0.890476 0.025714 0.032381
0 0.207143 0.800000 0.021429 0.036190
0 0.301786 0.623333 0.012143 0.031429
0 0.326786 0.623333 0.003571 0.033333
0 0.406429 0.676667 0.010000 0.033333
0 0.424286 0.680905 0.010000 0.036190
0 0.442857 0.607609 0.011429 0.032381
0 0.452500 0.600476 0.012143 0.030476
0 0.465704 0.529524 0.008571 0.030476
0 0.477857 0.533800 0.010000 0.033333
0 0.508214 0.537143 0.009286 0.028571
0 0.540704 0.446190 0.005714 0.025714
0 0.550786 0.444286 0.007857 0.021905
0 0.457500 0.507619 0.010714 0.015238
0 0.458571 0.503333 0.010000 0.014286
0 0.460357 0.500476 0.007857 0.018095
0 0.427043 0.468571 0.007143 0.028571
0 0.408571 0.464762 0.008571 0.032381
0 0.442857 0.459524 0.008570 0.031429
0 0.450071 0.461905 0.009286 0.026667
0 0.458570 0.461429 0.008571 0.027619
0 0.464643 0.467609 0.009286 0.030476
0 0.454286 0.438570 0.010000 0.025714
0 0.424643 0.445238 0.007857 0.025704
0 0.420704 0.430952 0.007143 0.021905
0 0.426070 0.362381 0.007857 0.016190
0 0.409643 0.368095 0.009286 0.020000
0 0.506071 0.270476 0.006429 0.022857
0 0.528929 0.243333 0.006429 0.020000
0 0.540704 0.225714 0.004286 0.019048
0 0.542857 0.209048 0.005714 0.019048
0 0.538929 0.086667 0.005000 0.017143
0 0.586786 0.300905 0.006429 0.022857
0 0.592043 0.303810 0.005714 0.022857
0 0.667500 0.307043 0.007857 0.020000
0 0.687500 0.307609 0.007857 0.017143
0 0.592043 0.259524 0.005714 0.021905
0 0.590704 0.253810 0.004286 0.020000
0 0.586786 0.250429 0.006429 0.020952
0 0.605357 0.188571 0.005000 0.015238
0 0.605357 0.185238 0.003571 0.016190
0 0.628570 0.179048 0.004286 0.017143
0 0.632500 0.078571 0.005000 0.016190
0 0.635704 0.179524 0.005714 0.014286
0 0.665000 0.065714 0.007143 0.015238
0 0.670786 0.165714 0.006429 0.017143
0 0.686786 0.070476 0.005000 0.017143
0 0.682043 0.168571 0.005714 0.017143
0 0.679286 0.060476 0.004286 0.016190
0 0.680786 0.160952 0.005000 0.017143
0 0.702500 0.303800 0.007857 0.020952
0 0.703929 0.310476 0.009286 0.019048
0 0.709643 0.315238 0.009286 0.022857
0 0.737043 0.321905 0.008571 0.022857
0 0.745357 0.320476 0.007857 0.020905
0 0.696429 0.032381 0.004286 0.013333
0 0.699286 0.033333 0.002857 0.013333
0 0.700786 0.133810 0.005000 0.012381
0 0.704643 0.152857 0.005000 0.016190
0 0.700357 0.152381 0.006429 0.017143
0 0.706429 0.044762 0.004286 0.015238
0 0.701071 0.145238 0.005000 0.014286
0 0.720000 0.045238 0.004286 0.016190
0 0.723204 0.143333 0.003571 0.014286
0 0.727857 0.039048 0.004286 0.013333
0 0.725357 0.038571 0.005000 0.012381
0 0.733204 0.128571 0.005000 0.015238
0 0.739286 0.024762 0.002857 0.011429
0 0.740786 0.126190 0.003571 0.014286
0 0.745000 0.028095 0.004286 0.014286
0 0.758929 0.013333 0.003571 0.011429
0 0.763204 0.114762 0.003571 0.014286
