0 0.446786 0.772843 0.000714 0.038071
0 0.466070 0.985406 0.015000 0.026650
0 0.567857 0.902437 0.017143 0.032995
0 0.677857 0.735406 0.000000 0.039340
0 0.667500 0.706853 0.000714 0.038071
0 0.680704 0.715736 0.011429 0.032995
0 0.680357 0.697335 0.000714 0.034264
0 0.667857 0.689086 0.001429 0.040609
0 0.642043 0.395939 0.010000 0.022843
0 0.553929 0.630711 0.015000 0.022843
0 0.550714 0.614213 0.012857 0.020305
0 0.468929 0.571701 0.012143 0.026650
0 0.469643 0.560914 0.012143 0.022843
0 0.487500 0.423858 0.002143 0.035533
0 0.563929 0.387690 0.006429 0.006497
0 0.569286 0.377538 0.008570 0.026650
0 0.403214 0.376904 0.010714 0.043147
0 0.404286 0.366751 0.008571 0.032995
0 0.420429 0.308376 0.007143 0.032995
0 0.427043 0.300761 0.008571 0.030457
0 0.455357 0.298858 0.007857 0.039340
0 0.462043 0.296954 0.007143 0.038071
0 0.667043 0.175127 0.007143 0.030457
0 0.659643 0.061802 0.010714 0.024112
0 0.647857 0.014213 0.005714 0.015228
0 0.650000 0.072335 0.005704 0.030457
0 0.655704 0.074239 0.007143 0.029188
0 0.472143 0.197335 0.011429 0.026650
0 0.476786 0.123096 0.007857 0.022843
0 0.475000 0.107234 0.007143 0.013959
0 0.512857 0.224619 0.005714 0.010152
0 0.520000 0.065355 0.005714 0.016497
0 0.524286 0.068528 0.010000 0.012690
0 0.473929 0.439086 0.010714 0.022843
0 0.515357 0.070431 0.005000 0.016497
0 0.474643 0.043147 0.007857 0.020305
0 0.473571 0.039975 0.007143 0.021574
