0 0.047000 0.680000 0.034000 0.040000
0 0.028500 0.725667 0.022000 0.047333
0 0.119250 0.642667 0.024500 0.037333
0 0.126500 0.634000 0.017000 0.032000
0 0.970250 0.370000 0.024500 0.033333
0 0.937750 0.376000 0.027500 0.033333
0 0.723500 0.284667 0.001000 0.034667
0 0.733000 0.289667 0.000000 0.031333
0 0.735000 0.297000 0.003000 0.034000
0 0.723000 0.297333 0.004000 0.036000
0 0.016000 0.169667 0.007000 0.020667
0 0.029750 0.162333 0.005500 0.020667
0 0.035500 0.161667 0.008000 0.020667
0 0.043000 0.039000 0.011000 0.026000
0 0.054750 0.142333 0.007500 0.018000
0 0.024500 0.226667 0.006000 0.032000
0 0.025750 0.234000 0.008500 0.006000
0 0.030500 0.372333 0.024000 0.035333
0 0.050250 0.376333 0.015500 0.034000
0 0.193000 0.416333 0.018000 0.032667
0 0.240250 0.309000 0.012500 0.035333
0 0.248500 0.304333 0.011000 0.031333
0 0.243250 0.306000 0.004500 0.014667
0 0.285500 0.323333 0.009000 0.026667
0 0.325500 0.239333 0.001000 0.030667
0 0.320250 0.235000 0.010500 0.034000
0 0.290500 0.233333 0.010000 0.029333
0 0.301000 0.245000 0.011000 0.019333
0 0.283750 0.222667 0.001500 0.028000
0 0.349000 0.230000 0.008000 0.030667
0 0.366750 0.202667 0.005500 0.020000
0 0.401500 0.202333 0.009000 0.026000
0 0.408500 0.190000 0.007000 0.032000
0 0.432250 0.080333 0.005500 0.027333
0 0.528250 0.240667 0.005500 0.029333
0 0.379750 0.076000 0.008500 0.028000
0 0.390000 0.144000 0.007000 0.024000
0 0.407750 0.148000 0.004500 0.017333
0 0.422500 0.042667 0.007000 0.028000
0 0.438000 0.080333 0.008000 0.020667
0 0.406000 0.071667 0.007000 0.027333
0 0.398250 0.076000 0.005500 0.029333
0 0.473750 0.087667 0.006500 0.024667
0 0.482250 0.090000 0.006500 0.023333
0 0.556250 0.046000 0.005500 0.020000
0 0.550250 0.044333 0.005500 0.022000
0 0.552500 0.057667 0.004000 0.004000
0 0.577500 0.250333 0.010000 0.029333
0 0.653500 0.262333 0.008000 0.032667
0 0.666250 0.263333 0.008500 0.033333
0 0.693500 0.282000 0.012000 0.021333
0 0.630500 0.259667 0.014000 0.024667
0 0.347250 0.194667 0.010500 0.024000
0 0.430250 0.207000 0.009500 0.028667
0 0.276750 0.206333 0.011500 0.020667
0 0.555750 0.237000 0.007500 0.024667
0 0.248500 0.240000 0.005000 0.028000
0 0.227750 0.263667 0.001500 0.026000
0 0.232500 0.085333 0.010000 0.024000
0 0.249000 0.090667 0.009000 0.024000
0 0.340250 0.182333 0.007500 0.026000
0 0.347500 0.079000 0.008000 0.028667
0 0.467250 0.234333 0.006500 0.026000
0 0.480750 0.238333 0.007500 0.026000
0 0.500500 0.242000 0.007000 0.030667
0 0.520750 0.246000 0.007500 0.024000
0 0.587000 0.244667 0.007000 0.029333
0 0.601000 0.273000 0.008000 0.028667
0 0.609000 0.268333 0.008000 0.032667
0 0.425500 0.008333 0.007000 0.024667
0 0.478500 0.073333 0.005000 0.017333
0 0.498000 0.087333 0.006000 0.020333
0 0.389750 0.168667 0.007500 0.020000
0 0.395750 0.166000 0.006500 0.021333
0 0.431250 0.147000 0.009500 0.023333
0 0.451750 0.157000 0.008500 0.020667
0 0.452750 0.156333 0.004500 0.014000
0 0.386000 0.198667 0.011000 0.026667
0 0.288250 0.204667 0.008500 0.024000
0 0.288250 0.205000 0.011500 0.022000
0 0.366500 0.206333 0.007000 0.027333
0 0.402500 0.189333 0.007000 0.026667
0 0.428500 0.158667 0.007000 0.022667
0 0.264250 0.234667 0.006500 0.020333
0 0.270500 0.232000 0.007000 0.024000
0 0.542750 0.416333 0.013500 0.031333
0 0.555500 0.411000 0.009000 0.019333
0 0.542500 0.426667 0.014000 0.025333
0 0.556000 0.424000 0.012000 0.022667
0 0.450250 0.456667 0.016500 0.024000
0 0.480750 0.088333 0.005500 0.020667
