0 0.637500 0.010000 0.006429 0.012381
0 0.653571 0.074762 0.007143 0.016190
0 0.658214 0.154286 0.009286 0.013333
0 0.667143 0.189524 0.007143 0.017143
0 0.595000 0.240952 0.007143 0.019048
0 0.627857 0.405238 0.012857 0.016190
0 0.560000 0.403810 0.010000 0.020952
0 0.476429 0.320476 0.010000 0.021905
0 0.508214 0.177619 0.007857 0.021905
0 0.678571 0.506667 0.012857 0.020952
0 0.719286 0.671905 0.011429 0.029524
0 0.677857 0.718095 0.012857 0.022857
0 0.678571 0.729048 0.014286 0.023810
0 0.435714 0.824286 0.015714 0.033333
0 0.430714 0.837143 0.014286 0.030476
0 0.308214 0.694286 0.013571 0.024762
0 0.335000 0.830952 0.024286 0.027619
0 0.310357 0.819524 0.019286 0.023810
0 0.313214 0.803810 0.017857 0.024762
0 0.083214 0.901905 0.020714 0.041905
0 0.035000 0.900476 0.025714 0.033333
0 0.090786 0.815714 0.017857 0.029524
0 0.350357 0.588570 0.012143 0.036190
0 0.440704 0.403810 0.010000 0.036190
0 0.433570 0.396667 0.007143 0.031429
0 0.427043 0.397143 0.008571 0.024762
0 0.327043 0.210952 0.011429 0.018095
0 0.507500 0.062857 0.007857 0.026667
