0 0.238204 0.171905 0.015000 0.040952
0 0.064643 0.280952 0.017857 0.032381
0 0.080000 0.255714 0.012857 0.027619
0 0.079286 0.275714 0.012857 0.018095
0 0.406429 0.035238 0.008571 0.040000
0 0.405357 0.080429 0.010714 0.037143
0 0.438571 0.098095 0.011429 0.019048
0 0.092500 0.604762 0.027857 0.041905
0 0.441071 0.565714 0.017857 0.038095
0 0.708204 0.294762 0.010714 0.039048
0 0.855357 0.400000 0.009286 0.034286
0 0.883204 0.571905 0.019286 0.042857
0 0.909643 0.590000 0.027857 0.042857
0 0.935357 0.583800 0.020714 0.049524
