0 0.904286 0.028095 0.011429 0.039048
0 0.082857 0.794762 0.042857 0.058095
0 0.067043 0.309524 0.027143 0.055238
0 0.003214 0.386190 0.026429 0.046667
0 0.009643 0.085238 0.017857 0.039048
0 0.024286 0.076190 0.015714 0.030476
0 0.230786 0.075238 0.010714 0.036190
0 0.360071 0.384286 0.020714 0.050476
0 0.095714 0.023810 0.011429 0.028571
0 0.077500 0.054286 0.010714 0.020952
0 0.061071 0.020476 0.009286 0.031429
0 0.082500 0.021429 0.013571 0.031429
0 0.782043 0.021429 0.007143 0.040952
0 0.789643 0.009048 0.007857 0.036190
0 0.762043 0.013810 0.008571 0.027619
0 0.009286 0.440476 0.008571 0.042857
0 0.295357 0.098570 0.009286 0.035238
0 0.292857 0.080952 0.008570 0.036190
0 0.298929 0.075704 0.010714 0.033333
0 0.408929 0.623810 0.025000 0.047619
0 0.479286 0.624762 0.024286 0.055238
0 0.426429 0.790476 0.028571 0.068571
0 0.653929 0.375704 0.010714 0.052381
0 0.648204 0.366190 0.012143 0.048571
0 0.508929 0.395238 0.017857 0.041905
