0 0.202043 0.617619 0.021429 0.058095
0 0.237043 0.582857 0.025714 0.057143
0 0.379643 0.508095 0.015000 0.055238
0 0.685704 0.210000 0.005714 0.025714
0 0.352043 0.133810 0.004286 0.016190
0 0.090071 0.520000 0.019286 0.049524
0 0.897500 0.405238 0.000714 0.039048
0 0.856786 0.378095 0.003571 0.040000
0 0.870000 0.263333 0.002857 0.033333
0 0.956786 0.282380 0.010714 0.033333
0 0.977857 0.301429 0.011429 0.028571
0 0.985704 0.262857 0.010000 0.030476
0 0.986429 0.296090 0.010000 0.030476
0 0.356429 0.620429 0.017143 0.061905
0 0.359286 0.632380 0.014286 0.049524
0 0.035714 0.429524 0.035714 0.055238
0 0.064643 0.419048 0.022143 0.051429
0 0.159286 0.370952 0.022857 0.035238
0 0.168214 0.356190 0.017857 0.040000
0 0.182857 0.346667 0.024286 0.040000
0 0.196071 0.337619 0.020714 0.042857
0 0.204286 0.301905 0.018571 0.053333
0 0.211071 0.323810 0.026429 0.038095
0 0.222500 0.316667 0.013571 0.033333
0 0.260000 0.299048 0.017143 0.041905
0 0.269643 0.290000 0.015000 0.031429
0 0.281071 0.281429 0.019286 0.033333
0 0.259286 0.270476 0.012857 0.026667
0 0.271786 0.265238 0.013571 0.025714
0 0.235357 0.448571 0.020714 0.032381
0 0.248214 0.447143 0.022143 0.023810
0 0.216429 0.472857 0.024286 0.029524
0 0.223929 0.467619 0.019286 0.038095
0 0.202500 0.444762 0.020704 0.051429
0 0.177857 0.523810 0.018571 0.036190
0 0.165357 0.521429 0.017857 0.031429
0 0.000000 0.577619 0.020000 0.046667
0 0.011429 0.598571 0.022857 0.029524
0 0.052500 0.519048 0.020714 0.034286
0 0.075000 0.516190 0.017143 0.043810
0 0.045714 0.533333 0.015714 0.041905
0 0.062143 0.530952 0.017143 0.042857
0 0.044643 0.554762 0.015000 0.025714
0 0.058929 0.548571 0.023571 0.032381
0 0.045000 0.589524 0.018571 0.036190
0 0.042500 0.582857 0.019286 0.040000
0 0.069643 0.579524 0.019286 0.033333
0 0.105000 0.566190 0.022857 0.037143
0 0.106071 0.574762 0.019286 0.035238
