0 0.500357 0.921905 0.007857 0.013333
0 0.503570 0.878095 0.005714 0.013333
0 0.468571 0.783333 0.007143 0.020000
0 0.468929 0.750476 0.007857 0.007143
0 0.488929 0.747609 0.007857 0.017143
0 0.496786 0.739048 0.007857 0.007143
0 0.489643 0.566090 0.007857 0.012381
0 0.452500 0.420429 0.009286 0.012381
0 0.450357 0.373800 0.007857 0.010476
0 0.457043 0.373810 0.007143 0.010476
0 0.447500 0.322380 0.007857 0.012381
0 0.438204 0.325714 0.007857 0.013333
0 0.465357 0.270952 0.007857 0.018095
0 0.479643 0.246667 0.009286 0.003333
0 0.478571 0.244286 0.005714 0.008571
0 0.437857 0.178095 0.010000 0.017143
0 0.373929 0.040476 0.006429 0.014286
0 0.388570 0.154286 0.008571 0.015238
0 0.479643 0.080000 0.006429 0.005238
