0 0.332043 0.805238 0.010000 0.031429
0 0.320357 0.799048 0.007857 0.028570
0 0.350786 0.798095 0.009286 0.032381
0 0.390357 0.826090 0.010714 0.039048
0 0.349286 0.730476 0.008570 0.030476
0 0.466786 0.548095 0.005000 0.008095
0 0.460429 0.548095 0.005714 0.027619
0 0.403214 0.136190 0.003571 0.011429
0 0.430704 0.068571 0.002857 0.011429
0 0.424286 0.067043 0.004286 0.012381
0 0.543214 0.121905 0.005000 0.007619
0 0.574286 0.043333 0.002857 0.000476
0 0.570786 0.043810 0.003571 0.013333
0 0.406786 0.114286 0.002143 0.011429
0 0.587143 0.637619 0.007143 0.014286
0 0.561786 0.367143 0.005000 0.008571
0 0.567500 0.239048 0.003571 0.009524
0 0.597043 0.122381 0.002857 0.012381
0 0.593570 0.121905 0.002857 0.013333
0 0.618929 0.253810 0.003571 0.006667
0 0.692043 0.319524 0.005714 0.018095
0 0.700429 0.323333 0.005714 0.023810
0 0.703571 0.336667 0.005714 0.023810
0 0.659643 0.547609 0.010714 0.026667
0 0.716071 0.619048 0.005000 0.007619
0 0.763204 0.507143 0.006429 0.021905
