0 0.939286 0.025238 0.000000 0.012381
0 0.936786 0.009524 0.007857 0.014286
0 0.942857 0.074762 0.007043 0.014286
0 0.939286 0.061429 0.010000 0.010476
0 0.940429 0.174286 0.008571 0.009524
0 0.940000 0.088571 0.007143 0.009524
0 0.964643 0.236667 0.000714 0.010476
0 0.945357 0.294286 0.000714 0.009524
0 0.936786 0.323333 0.007857 0.006667
0 0.937857 0.329524 0.000000 0.007619
0 0.940429 0.332857 0.010000 0.008571
0 0.943570 0.325714 0.010000 0.007619
0 0.946070 0.380476 0.006429 0.006667
0 0.965357 0.380429 0.010714 0.010476
0 0.956786 0.388570 0.009286 0.009524
0 0.957500 0.407609 0.006429 0.003810
0 0.948570 0.455714 0.004286 0.004762
0 0.952043 0.460952 0.007143 0.003810
0 0.950429 0.502381 0.005714 0.014286
0 0.959643 0.470905 0.006429 0.008571
0 0.950786 0.468095 0.009286 0.010476
0 0.954643 0.394762 0.003571 0.004762
0 0.954643 0.399524 0.009286 0.006667
0 0.958204 0.417143 0.010714 0.005714
0 0.953570 0.427143 0.007143 0.006667
0 0.960000 0.425704 0.010000 0.007619
0 0.003929 0.374286 0.010714 0.007619
0 0.005714 0.370000 0.010000 0.006667
0 0.057500 0.406190 0.007857 0.007619
0 0.058570 0.411905 0.007143 0.006667
0 0.059643 0.406090 0.007857 0.006667
0 0.057043 0.397619 0.008571 0.008571
0 0.343204 0.501429 0.006429 0.006667
0 0.323570 0.511429 0.005714 0.005714
0 0.205714 0.450000 0.008571 0.008571
0 0.096786 0.456190 0.009286 0.009524
0 0.097500 0.467619 0.009286 0.009524
0 0.402857 0.576090 0.004286 0.007619
0 0.405357 0.572857 0.003570 0.006667
