0 0.042857 0.600000 0.007043 0.019048
0 0.040429 0.591905 0.008571 0.016190
0 0.270000 0.760429 0.007143 0.008571
0 0.278571 0.770476 0.008571 0.009524
0 0.377043 0.471905 0.007143 0.020000
0 0.460704 0.450000 0.004286 0.016190
0 0.529286 0.406090 0.004286 0.012381
0 0.520786 0.408571 0.005000 0.015238
0 0.488570 0.353333 0.004286 0.015238
0 0.476070 0.369524 0.003571 0.013333
0 0.540071 0.354762 0.003571 0.010476
0 0.638929 0.262857 0.002043 0.011429
0 0.637043 0.260000 0.004286 0.013333
0 0.602857 0.017619 0.002857 0.008571
0 0.609643 0.007619 0.003571 0.008571
0 0.703929 0.024762 0.003571 0.007619
0 0.701429 0.025714 0.002857 0.007619
0 0.920000 0.093810 0.004286 0.016190
0 0.923204 0.235714 0.009286 0.016190
0 0.962500 0.220905 0.006429 0.015238
0 0.902500 0.196667 0.003571 0.010476
0 0.771429 0.127143 0.004286 0.006667
0 0.722143 0.490000 0.005714 0.008571
0 0.605357 0.523810 0.006429 0.009524
