0 0.047500 0.100952 0.003571 0.009524
0 0.043929 0.100476 0.003571 0.012381
0 0.200429 0.161905 0.002857 0.013333
0 0.223929 0.061429 0.002143 0.004762
0 0.890357 0.855238 0.019286 0.040000
0 0.818214 0.747143 0.012143 0.025714
0 0.800000 0.759048 0.012857 0.026667
0 0.772143 0.770476 0.017143 0.028571
0 0.562043 0.745238 0.011429 0.037143
0 0.629286 0.568571 0.005714 0.017143
0 0.586429 0.546667 0.008571 0.022857
0 0.716786 0.637143 0.009286 0.026667
0 0.549286 0.485238 0.008571 0.020000
0 0.532143 0.480476 0.010000 0.020000
0 0.510357 0.474762 0.007857 0.018095
0 0.888929 0.576667 0.017857 0.033333
