0 0.455357 0.530457 0.003570 0.012690
0 0.450786 0.529188 0.003571 0.015228
0 0.560704 0.527919 0.002857 0.015228
0 0.557500 0.532995 0.003570 0.015228
0 0.552500 0.494924 0.003570 0.012690
0 0.559643 0.493020 0.003570 0.013959
0 0.550071 0.472081 0.003571 0.012690
0 0.547043 0.449239 0.002857 0.012690
0 0.550071 0.442259 0.003571 0.011421
0 0.549286 0.420050 0.002857 0.012690
0 0.544286 0.420050 0.004286 0.015228
0 0.546786 0.400533 0.002143 0.008883
0 0.545000 0.405609 0.002857 0.016497
0 0.553570 0.419416 0.004286 0.016497
0 0.548570 0.569162 0.004286 0.016497
0 0.454643 0.474609 0.003571 0.012690
0 0.380357 0.765863 0.006429 0.020574
0 0.562500 0.786068 0.005000 0.021574
0 0.563929 0.883249 0.006429 0.022843
0 0.570000 0.853426 0.005704 0.026650
