0 0.073929 0.792857 0.002143 0.016190
0 0.082857 0.797043 0.010000 0.015238
0 0.084286 0.708571 0.008571 0.017143
0 0.091071 0.706190 0.010714 0.023810
0 0.324643 0.258095 0.006429 0.005238
0 0.087143 0.177619 0.005714 0.012381
0 0.091429 0.174762 0.008571 0.014286
0 0.349286 0.080952 0.005714 0.005714
0 0.358570 0.047143 0.004286 0.008571
0 0.370357 0.040952 0.003570 0.007619
0 0.378570 0.021429 0.002857 0.010476
0 0.685000 0.890952 0.011429 0.016190
0 0.630000 0.272380 0.004286 0.013333
0 0.628929 0.290429 0.005000 0.015238
0 0.670000 0.223333 0.005704 0.014286
0 0.507143 0.153333 0.004286 0.011429
0 0.524286 0.005238 0.004286 0.012381
