0 0.327500 0.970905 0.022143 0.033333
0 0.553570 0.954762 0.015714 0.020000
0 0.442857 0.824762 0.004286 0.026667
0 0.520357 0.490952 0.003571 0.023810
0 0.603204 0.189524 0.012143 0.034286
0 0.593204 0.224286 0.010714 0.025714
0 0.578929 0.206090 0.007857 0.029524
0 0.402143 0.391429 0.014286 0.030476
0 0.335357 0.602857 0.022143 0.021905
0 0.353204 0.603810 0.007857 0.017143
0 0.223571 0.679048 0.024286 0.020952
0 0.054643 0.648571 0.026429 0.015238
0 0.209643 0.405238 0.009286 0.023810
0 0.422857 0.463800 0.011429 0.019048
0 0.206070 0.118095 0.017857 0.028571
0 0.060357 0.137143 0.020714 0.036190
