0 0.095704 0.806472 0.007143 0.024112
0 0.006429 0.711294 0.007143 0.029188
0 0.095704 0.628807 0.005714 0.021574
0 0.064286 0.600254 0.004286 0.020305
0 0.094286 0.598350 0.005704 0.021574
0 0.095000 0.599609 0.004286 0.016497
0 0.030357 0.506345 0.005000 0.017766
0 0.007857 0.479061 0.004286 0.019036
0 0.038214 0.501904 0.005000 0.016497
0 0.003929 0.316624 0.003571 0.013959
0 0.012857 0.335025 0.002857 0.017766
0 0.092043 0.336294 0.004286 0.015228
0 0.226429 0.260052 0.002857 0.010152
0 0.429286 0.307740 0.002857 0.011421
0 0.446429 0.308528 0.002857 0.012690
0 0.752500 0.375635 0.003570 0.012690
0 0.759286 0.457487 0.004286 0.011421
0 0.760000 0.454315 0.004286 0.012690
