0 0.035357 0.374762 0.005000 0.035238
0 0.070000 0.379048 0.005714 0.032381
0 0.055357 0.360429 0.017857 0.033333
0 0.065357 0.353333 0.000714 0.024762
0 0.367500 0.370429 0.009286 0.024762
0 0.405000 0.386190 0.014286 0.029524
0 0.079643 0.427609 0.019286 0.034286
0 0.024643 0.464286 0.002143 0.023810
0 0.036071 0.465238 0.012143 0.021905
0 0.850704 0.276667 0.008571 0.021905
0 0.902143 0.248571 0.005714 0.019048
0 0.895000 0.244762 0.004286 0.020952
0 0.887043 0.241429 0.005714 0.021905
0 0.592043 0.390476 0.012857 0.032381
0 0.620357 0.379524 0.009286 0.025704
0 0.663204 0.392857 0.012143 0.027619
0 0.729643 0.300952 0.007857 0.020000
0 0.500357 0.336190 0.007857 0.026667
0 0.584643 0.293333 0.007857 0.022857
0 0.685000 0.068571 0.004286 0.015238
