0 0.078929 0.682857 0.039286 0.070476
0 0.055000 0.722380 0.067143 0.071429
0 0.440000 0.764286 0.037043 0.052381
0 0.422857 0.584762 0.048570 0.072381
0 0.287043 0.560952 0.027143 0.070476
0 0.203204 0.592381 0.060714 0.057143
0 0.026071 0.572857 0.056429 0.077143
0 0.233570 0.432857 0.038571 0.071429
0 0.296786 0.432380 0.029286 0.068571
0 0.337500 0.343800 0.022143 0.076190
0 0.465357 0.459048 0.035000 0.062857
0 0.467043 0.382857 0.024286 0.055238
0 0.472043 0.276190 0.017143 0.053333
0 0.364643 0.302857 0.027857 0.047609
0 0.308929 0.260952 0.017857 0.057143
0 0.200704 0.311905 0.045714 0.052381
0 0.033929 0.250476 0.029286 0.064762
0 0.082043 0.321905 0.032857 0.066667
0 0.010714 0.380476 0.037143 0.065714
0 0.046429 0.425704 0.037143 0.076190
0 0.077043 0.836190 0.057143 0.064762
0 0.209286 0.386667 0.037143 0.057143
0 0.181429 0.210952 0.018571 0.054286
0 0.199643 0.216190 0.025000 0.047619
0 0.509643 0.050952 0.009286 0.050476
0 0.555357 0.035238 0.006429 0.055238
0 0.535000 0.009524 0.017143 0.039048
0 0.480071 0.023333 0.017857 0.046667
0 0.665000 0.070905 0.017143 0.073333
0 0.700714 0.041429 0.014286 0.063810
0 0.678929 0.006667 0.016429 0.033333
0 0.880357 0.093333 0.023571 0.064762
0 0.356071 0.856667 0.029286 0.056190
0 0.568929 0.696667 0.027857 0.077043
0 0.556071 0.433333 0.036429 0.051429
