0 0.036221 0.438776 0.002088 0.009276
0 0.038360 0.877087 0.004697 0.013915
0 0.096294 0.448052 0.003653 0.009276
0 0.707724 0.636364 0.004075 0.009276
0 0.022129 0.733302 0.003132 0.012059
0 0.019520 0.737013 0.003132 0.012059
0 0.043309 0.861317 0.006263 0.013915
0 0.025052 0.887755 0.004075 0.014842
0 0.027662 0.886827 0.004075 0.016698
0 0.038831 0.691558 0.004175 0.012059
0 0.039092 0.704082 0.003653 0.012987
0 0.574013 0.468924 0.002088 0.008349
0 0.039044 0.853432 0.006263 0.014842
0 0.073852 0.804471 0.004697 0.016698
0 0.000827 0.925788 0.002610 0.014842
