0 0.367500 0.023800 0.002143 0.009524
0 0.365000 0.022857 0.002857 0.009524
0 0.360429 0.046190 0.002857 0.012381
0 0.358929 0.000476 0.002143 0.008571
0 0.343204 0.171429 0.003571 0.011429
0 0.360071 0.174762 0.003571 0.012381
0 0.366070 0.170476 0.003571 0.013333
0 0.354286 0.073810 0.004286 0.012381
0 0.350000 0.069524 0.002857 0.011429
0 0.347857 0.222380 0.004286 0.012381
0 0.345000 0.093333 0.002857 0.009524
0 0.340000 0.091905 0.002857 0.010476
0 0.308204 0.757143 0.006429 0.022857
0 0.430704 0.950952 0.008571 0.040952
0 0.525000 0.774762 0.005704 0.021905
0 0.379286 0.009048 0.002857 0.009524
0 0.503571 0.078095 0.002857 0.011429
0 0.380071 0.109524 0.003571 0.011429
0 0.385357 0.057609 0.002143 0.008571
0 0.384643 0.012857 0.002143 0.012381
0 0.503929 0.246090 0.003571 0.010476
0 0.573204 0.406667 0.005000 0.019048
0 0.586429 0.323800 0.004286 0.020952
0 0.532857 0.096667 0.004286 0.014286
0 0.528204 0.196190 0.003571 0.011429
0 0.570357 0.200476 0.002143 0.015238
0 0.566429 0.200000 0.002857 0.012381
0 0.526070 0.073810 0.006429 0.016190
0 0.632500 0.486667 0.005000 0.020952
0 0.423571 0.084286 0.004286 0.006667
0 0.475357 0.228095 0.003571 0.010476
0 0.571071 0.777143 0.007857 0.017143
0 0.385000 0.932381 0.008571 0.022857
