0 0.435704 0.572335 0.011429 0.030457
0 0.803929 0.239213 0.009286 0.029188
0 0.839643 0.855330 0.005000 0.040609
0 0.986429 0.687807 0.017143 0.032995
0 0.909643 0.647843 0.003571 0.036802
0 0.909286 0.619924 0.011429 0.036802
0 0.925704 0.613579 0.012857 0.036802
0 0.693929 0.644670 0.002143 0.043147
0 0.656429 0.678299 0.004286 0.013959
0 0.750704 0.208122 0.007143 0.017766
0 0.740357 0.206371 0.006429 0.019036
0 0.725704 0.212563 0.005714 0.024112
0 0.737500 0.200660 0.003571 0.017766
0 0.744643 0.201929 0.005000 0.015228
0 0.743929 0.208022 0.003571 0.017766
0 0.730704 0.211294 0.007143 0.024112
0 0.722043 0.206853 0.005714 0.017766
0 0.726786 0.202401 0.005000 0.026650
0 0.758570 0.152284 0.005714 0.020305
0 0.857500 0.057360 0.006429 0.020305
