0 0.398204 0.186667 0.005000 0.007619
0 0.420786 0.186190 0.002143 0.006667
0 0.429643 0.200000 0.003571 0.006667
0 0.427043 0.186667 0.002857 0.007619
0 0.428204 0.164762 0.003571 0.005714
0 0.427500 0.060476 0.003571 0.008571
0 0.554286 0.060952 0.002857 0.009524
0 0.556429 0.060905 0.004286 0.007619
0 0.505704 0.228571 0.002857 0.007619
0 0.409643 0.325238 0.003571 0.006667
0 0.492043 0.319524 0.002857 0.006667
0 0.493570 0.309048 0.002857 0.004762
0 0.503214 0.686190 0.003571 0.006667
0 0.506070 0.989524 0.003571 0.009524
0 0.508204 0.993810 0.003571 0.008571
