0 0.277500 0.599609 0.010714 0.041878
0 0.266070 0.583756 0.013571 0.043147
0 0.226429 0.982868 0.028570 0.031726
0 0.359643 0.406244 0.010714 0.027919
0 0.095714 0.379442 0.007143 0.027919
0 0.097857 0.377538 0.010000 0.029188
0 0.468204 0.585660 0.007857 0.036802
0 0.440429 0.242386 0.005714 0.030457
0 0.799643 0.479695 0.007857 0.035533
0 0.803571 0.478426 0.014286 0.040609
0 0.800786 0.470178 0.010714 0.036802
0 0.703929 0.458022 0.007857 0.020305
0 0.707857 0.446066 0.008570 0.031726
0 0.723204 0.436548 0.009286 0.032995
0 0.488571 0.573604 0.011429 0.035533
0 0.450000 0.505711 0.010000 0.039340
0 0.435714 0.422589 0.008571 0.030457
0 0.428929 0.370558 0.007857 0.025381
0 0.438214 0.321701 0.007857 0.024112
