0 0.330786 0.534762 0.005000 0.016190
0 0.429643 0.066090 0.002143 0.008571
0 0.425000 0.080000 0.002857 0.009524
0 0.420000 0.074762 0.002857 0.010476
0 0.500000 0.200000 0.002857 0.009524
0 0.500429 0.200952 0.002857 0.009524
0 0.396786 0.379524 0.005000 0.006190
0 0.400786 0.711429 0.006429 0.026667
0 0.401429 0.713810 0.010000 0.029524
0 0.622500 0.387043 0.005000 0.016190
0 0.605000 0.378095 0.004286 0.017143
0 0.637043 0.365238 0.002857 0.014286
0 0.632043 0.362857 0.002857 0.013333
0 0.630357 0.363333 0.002043 0.008571
0 0.660429 0.216667 0.002857 0.010476
0 0.657043 0.214762 0.002857 0.010476
0 0.658570 0.105714 0.001429 0.005714
0 0.672043 0.153810 0.002857 0.012381
0 0.632857 0.324762 0.002857 0.005714
0 0.611429 0.256190 0.002857 0.007619
0 0.502857 0.175714 0.004286 0.006667
0 0.451429 0.094286 0.007143 0.005714
0 0.675000 0.097143 0.002857 0.009524
0 0.777500 0.622380 0.006429 0.021905
0 0.513571 0.227619 0.002857 0.003810
