0 0.601500 0.826333 0.008000 0.015333
0 0.880750 0.965000 0.011500 0.019333
0 0.893500 0.935000 0.010000 0.016667
0 0.881000 0.892333 0.009000 0.014000
0 0.882000 0.898333 0.009000 0.014000
0 0.623500 0.767333 0.006000 0.014667
0 0.821750 0.459667 0.004500 0.011333
0 0.813500 0.390000 0.004000 0.008000
0 0.813000 0.425333 0.004000 0.009333
0 0.842000 0.654000 0.007000 0.013333
0 0.827250 0.508333 0.004500 0.011333
0 0.652000 0.618000 0.006000 0.013333
0 0.648500 0.592000 0.006000 0.014667
0 0.659250 0.516667 0.005500 0.012000
0 0.809000 0.373667 0.004000 0.008667
0 0.803750 0.374667 0.003500 0.009333
