0 0.223570 0.614286 0.022857 0.055238
0 0.289643 0.528570 0.020714 0.089524
0 0.268570 0.294762 0.012857 0.042857
0 0.265357 0.252857 0.000714 0.037143
0 0.286429 0.279524 0.002857 0.037143
0 0.326429 0.257609 0.007143 0.025714
0 0.590357 0.473333 0.022043 0.047619
0 0.506429 0.499048 0.022857 0.066667
0 0.500357 0.478570 0.022143 0.077143
0 0.851429 0.395238 0.037143 0.036190
0 0.205714 0.184762 0.008571 0.017143
0 0.230704 0.187143 0.007143 0.020000
0 0.099643 0.158571 0.003571 0.016190
0 0.280786 0.154762 0.003571 0.012381
0 0.284643 0.054762 0.003571 0.010476
0 0.332043 0.168095 0.005714 0.014286
0 0.482043 0.187143 0.005714 0.016190
0 0.470357 0.207619 0.006429 0.020000
0 0.475000 0.208571 0.005714 0.021905
0 0.482143 0.222381 0.005714 0.016190
0 0.507143 0.222381 0.007143 0.016190
0 0.775000 0.372857 0.020000 0.029524
0 0.983929 0.334762 0.003571 0.044762
