0 0.375000 0.695430 0.004286 0.017766
0 0.380704 0.684645 0.002857 0.016497
0 0.378929 0.673223 0.003570 0.019036
0 0.392043 0.642132 0.004286 0.015228
0 0.389286 0.657995 0.002857 0.003959
0 0.396786 0.635787 0.002043 0.015228
0 0.568929 0.607868 0.003570 0.017766
0 0.586429 0.540244 0.004286 0.013959
0 0.606070 0.543147 0.002143 0.012690
0 0.598929 0.576042 0.003571 0.015228
0 0.603204 0.574239 0.002143 0.013959
0 0.666071 0.589467 0.003571 0.013959
0 0.800000 0.526015 0.002857 0.011421
0 0.757043 0.530457 0.002857 0.012690
0 0.708214 0.533629 0.002143 0.013959
0 0.763570 0.497462 0.004286 0.010152
0 0.305000 0.864848 0.004286 0.009036
0 0.589286 0.948604 0.008571 0.021574
