0 0.603929 0.574762 0.005000 0.052381
0 0.602143 0.536190 0.017143 0.049524
0 0.566429 0.427609 0.015714 0.053333
0 0.580429 0.423333 0.017143 0.054286
0 0.560786 0.395714 0.019286 0.046667
0 0.465357 0.575238 0.017857 0.047619
0 0.564643 0.364286 0.019286 0.050476
0 0.361786 0.145238 0.009286 0.029524
0 0.452143 0.234286 0.012857 0.038095
0 0.472857 0.240952 0.014286 0.040000
0 0.553571 0.302381 0.014286 0.033333
0 0.521071 0.240952 0.012143 0.024762
0 0.542500 0.328095 0.003571 0.048571
0 0.478214 0.288571 0.015000 0.028571
0 0.407500 0.010000 0.010714 0.035238
0 0.407043 0.082381 0.008571 0.031429
0 0.290071 0.047143 0.007857 0.029524
0 0.307857 0.021429 0.008571 0.027619
0 0.401786 0.039524 0.009286 0.018095
0 0.782857 0.788570 0.037143 0.074286
