0 0.011500 0.646333 0.022000 0.055333
0 0.045500 0.404333 0.034000 0.060667
0 0.045500 0.382000 0.033000 0.060000
0 0.133000 0.426000 0.025000 0.032000
0 0.133750 0.410667 0.013500 0.026667
0 0.154500 0.409333 0.024000 0.028000
0 0.075500 0.368333 0.038000 0.059333
0 0.078000 0.304667 0.034000 0.060000
0 0.057000 0.308333 0.033000 0.056667
0 0.278000 0.596667 0.040000 0.064000
0 0.327250 0.607667 0.026500 0.056667
0 0.402250 0.794000 0.027500 0.065333
0 0.403750 0.746000 0.025500 0.044000
0 0.324500 0.595000 0.037000 0.067333
0 0.833000 0.883333 0.062000 0.068000
0 0.397250 0.470667 0.024500 0.075333
0 0.403000 0.459333 0.021000 0.061333
0 0.440750 0.456333 0.021500 0.062000
0 0.454750 0.488333 0.021500 0.036667
0 0.552250 0.464333 0.006500 0.055333
0 0.607250 0.480667 0.024500 0.056667
0 0.603000 0.452333 0.020000 0.059333
0 0.741000 0.710000 0.040000 0.066667
0 0.787250 0.560667 0.033500 0.066000
0 0.803000 0.566333 0.033000 0.064667
0 0.809750 0.792333 0.049500 0.070000
0 0.800750 0.750000 0.038500 0.062667
0 0.839500 0.685000 0.044000 0.062000
0 0.870000 0.702000 0.040000 0.065333
0 0.907500 0.709333 0.028000 0.048000
0 0.890500 0.676333 0.040000 0.072667
0 0.974000 0.800667 0.052000 0.057333
0 0.880000 0.606667 0.038000 0.066667
0 0.893750 0.596000 0.017500 0.026667
0 0.928250 0.627667 0.044500 0.064667
0 0.991500 0.523333 0.017000 0.050667
0 0.902750 0.336000 0.025500 0.053333
0 0.958500 0.360333 0.028000 0.048667
0 0.940000 0.355667 0.014000 0.032667
0 0.930000 0.306667 0.025000 0.054667
0 0.965500 0.329667 0.021000 0.044667
0 0.958750 0.332000 0.013500 0.026667
0 0.985750 0.259000 0.028500 0.054000
