0 0.461750 0.176000 0.010500 0.017333
0 0.208500 0.304000 0.003000 0.030667
0 0.238250 0.304667 0.003500 0.033333
0 0.208750 0.295333 0.002500 0.026667
0 0.222000 0.288333 0.003000 0.036667
0 0.211000 0.409000 0.010000 0.019333
0 0.206250 0.414000 0.008500 0.018667
0 0.223500 0.419333 0.014000 0.028000
0 0.257750 0.400000 0.005500 0.033333
0 0.308750 0.430000 0.015500 0.040000
0 0.275750 0.436667 0.014500 0.028000
0 0.530750 0.476667 0.000500 0.042667
0 0.554500 0.736000 0.009000 0.046667
0 0.702000 0.751333 0.028000 0.038667
0 0.694750 0.688333 0.022500 0.043333
0 0.789500 0.655333 0.024000 0.040333
0 0.690000 0.649333 0.020000 0.038667
0 0.695000 0.604333 0.009000 0.038000
0 0.875500 0.564667 0.023000 0.040333
0 0.807000 0.407000 0.017000 0.038000
0 0.823000 0.407667 0.016000 0.038000
0 0.969750 0.393333 0.012500 0.020000
0 0.797750 0.269333 0.004500 0.028000
0 0.808750 0.267667 0.000500 0.031333
0 0.799750 0.254000 0.000500 0.028000
0 0.842500 0.280333 0.012000 0.020667
0 0.983750 0.280000 0.014500 0.034000
0 0.990500 0.282000 0.012000 0.034667
0 0.963500 0.066333 0.008000 0.009333
0 0.954000 0.038333 0.008000 0.006667
0 0.969750 0.039667 0.007500 0.009333
0 0.905250 0.015333 0.006500 0.014667
0 0.956000 0.459000 0.021000 0.034000
