0 0.880429 0.880952 0.024286 0.028571
0 0.820429 0.932381 0.018571 0.030476
0 0.695704 0.989524 0.018571 0.020952
0 0.688570 0.917619 0.014286 0.033333
0 0.680000 0.920000 0.005714 0.034286
0 0.726429 0.286090 0.008571 0.020000
0 0.729286 0.277043 0.007143 0.015238
0 0.722857 0.279524 0.007043 0.020000
0 0.707143 0.281429 0.007143 0.018095
0 0.708929 0.271905 0.005000 0.016190
0 0.703929 0.272857 0.006429 0.018095
0 0.449643 0.760429 0.015000 0.029524
0 0.570704 0.857619 0.015714 0.025714
0 0.573204 0.850476 0.012143 0.024762
0 0.584286 0.809524 0.017143 0.021905
0 0.553570 0.831429 0.010000 0.028571
0 0.556070 0.820476 0.009286 0.029524
0 0.526070 0.830000 0.010714 0.023810
0 0.500071 0.799048 0.016429 0.028571
0 0.369643 0.740952 0.009286 0.024762
0 0.370357 0.730429 0.009286 0.024762
0 0.397043 0.708095 0.012857 0.029524
0 0.390704 0.694762 0.008571 0.027619
0 0.375704 0.705714 0.010000 0.026667
0 0.345000 0.723333 0.001429 0.029524
0 0.258929 0.669048 0.002143 0.027619
0 0.267500 0.662857 0.000714 0.030476
0 0.090714 0.564762 0.011429 0.024762
0 0.073929 0.563333 0.012143 0.029524
0 0.061429 0.572857 0.014286 0.027619
0 0.021429 0.449524 0.011429 0.024762
0 0.007143 0.455714 0.012857 0.023810
0 0.011071 0.450476 0.012143 0.026667
0 0.052857 0.430476 0.001429 0.020952
0 0.057857 0.429524 0.000000 0.020952
0 0.020000 0.392380 0.011429 0.020952
0 0.036070 0.388095 0.010714 0.020000
0 0.040704 0.383333 0.010000 0.020000
0 0.002143 0.308095 0.007143 0.018095
0 0.009286 0.309524 0.011429 0.019048
0 0.036070 0.287143 0.007857 0.016190
0 0.040429 0.286190 0.008571 0.018095
0 0.046070 0.279524 0.010714 0.018095
0 0.430357 0.004762 0.005000 0.011429
0 0.438929 0.012381 0.003571 0.013333
0 0.444286 0.015238 0.004286 0.011429
0 0.442857 0.010952 0.004286 0.010476
0 0.448204 0.110000 0.003571 0.010476
0 0.468929 0.009524 0.003571 0.009524
0 0.470429 0.109048 0.004286 0.010476
0 0.476429 0.024762 0.004286 0.013333
0 0.500071 0.145238 0.005000 0.016190
0 0.506429 0.045714 0.004286 0.015238
0 0.509643 0.044286 0.005000 0.016190
0 0.504286 0.143810 0.004286 0.015238
0 0.526786 0.041429 0.003571 0.014286
0 0.484286 0.008571 0.004286 0.011429
