0 0.429286 0.946190 0.010000 0.016190
0 0.453570 0.885714 0.010000 0.017143
0 0.486429 0.565238 0.008570 0.012381
0 0.423929 0.455704 0.012143 0.021905
0 0.423570 0.396667 0.011429 0.020000
0 0.434643 0.399048 0.002143 0.020952
0 0.422857 0.333800 0.010000 0.021905
0 0.435704 0.332381 0.010000 0.017143
0 0.490357 0.345704 0.007857 0.019048
0 0.489286 0.340476 0.005714 0.010476
0 0.445714 0.216190 0.010000 0.024762
0 0.355704 0.237619 0.010000 0.020000
0 0.432043 0.119048 0.010000 0.026667
0 0.462043 0.126667 0.010000 0.030476
0 0.470704 0.113333 0.010000 0.026667
0 0.476070 0.101429 0.009286 0.031429
