0 0.207500 0.597706 0.003571 0.010152
0 0.206786 0.595078 0.005000 0.012690
0 0.202500 0.594543 0.005000 0.011421
0 0.208570 0.590102 0.004286 0.012690
0 0.066429 0.763325 0.004286 0.011421
0 0.294286 0.340736 0.004286 0.001421
0 0.383570 0.397208 0.004286 0.012690
0 0.382857 0.399746 0.002857 0.007604
0 0.522857 0.345078 0.002857 0.010152
0 0.525357 0.350888 0.002043 0.011421
0 0.527043 0.354061 0.002857 0.010152
0 0.905357 0.758883 0.006429 0.000152
0 0.845357 0.762056 0.006429 0.003959
0 0.906071 0.756980 0.005000 0.008883
0 0.900000 0.756980 0.004286 0.003959
0 0.973204 0.767132 0.003571 0.013959
