0 0.324643 0.096667 0.005000 0.012381
0 0.240704 0.270000 0.004286 0.014286
0 0.234286 0.273800 0.005714 0.016190
0 0.060429 0.370952 0.008571 0.016190
0 0.084643 0.375704 0.007857 0.014286
0 0.077043 0.376667 0.007143 0.016190
0 0.007857 0.450905 0.010000 0.018095
0 0.075357 0.408095 0.009286 0.019048
0 0.009643 0.384762 0.010714 0.015238
0 0.138929 0.356190 0.007857 0.009524
0 0.115357 0.386667 0.007857 0.019048
0 0.108571 0.384286 0.005714 0.014286
0 0.533204 0.281429 0.003571 0.016190
0 0.536786 0.280000 0.003570 0.011429
0 0.526429 0.518095 0.008571 0.013333
0 0.535357 0.021905 0.002143 0.005714
