0 0.425250 0.975333 0.033500 0.049333
0 0.300250 0.960333 0.034500 0.063333
0 0.212750 0.929667 0.038500 0.046000
0 0.117750 0.779667 0.030500 0.028667
0 0.124500 0.740333 0.032000 0.042000
0 0.259250 0.578000 0.007500 0.048000
0 0.878750 0.530333 0.017500 0.042667
0 0.900750 0.572000 0.002500 0.017333
0 0.897500 0.585667 0.026000 0.048667
0 0.889250 0.544000 0.020500 0.048000
0 0.786000 0.502000 0.015000 0.025333
0 0.696500 0.460667 0.009000 0.034667
0 0.666500 0.448333 0.001000 0.038000
0 0.647250 0.434667 0.002500 0.037333
0 0.605750 0.450000 0.003500 0.029333
0 0.592500 0.438000 0.001000 0.038667
0 0.584500 0.454667 0.001000 0.034667
0 0.508000 0.397333 0.003000 0.040000
0 0.330500 0.384333 0.011000 0.019333
0 0.343250 0.433333 0.011500 0.034667
0 0.302750 0.462333 0.012500 0.031333
0 0.315000 0.450333 0.010000 0.036667
0 0.273750 0.419333 0.014500 0.017333
0 0.277000 0.404000 0.013000 0.020000
0 0.097750 0.613000 0.025500 0.032667
0 0.294000 0.284667 0.007000 0.025333
0 0.036750 0.579000 0.019500 0.054000
0 0.066750 0.562333 0.020500 0.048667
0 0.040750 0.555667 0.019500 0.044667
0 0.073000 0.488667 0.018000 0.044000
0 0.080000 0.572333 0.028000 0.050000
0 0.020000 0.533667 0.023000 0.046000
0 0.045750 0.537000 0.008500 0.044667
0 0.079250 0.503667 0.008500 0.043333
0 0.047750 0.494000 0.000500 0.033333
0 0.018000 0.464000 0.020000 0.045333
0 0.004250 0.461333 0.019500 0.045333
0 0.080000 0.405667 0.014000 0.034000
0 0.127000 0.401333 0.020000 0.037333
