0 0.635750 0.624000 0.001500 0.022667
0 0.670500 0.622000 0.011000 0.021333
0 0.684500 0.500000 0.011000 0.022000
0 0.640000 0.475000 0.000000 0.024667
0 0.609250 0.484333 0.007500 0.019333
0 0.652750 0.448667 0.001500 0.022667
0 0.666500 0.482000 0.007000 0.024000
0 0.790500 0.450000 0.015000 0.021333
0 0.808250 0.450000 0.004500 0.021333
0 0.806000 0.440000 0.011000 0.023333
0 0.806500 0.430667 0.002000 0.021333
0 0.792750 0.430667 0.009500 0.022000
0 0.802500 0.424000 0.001000 0.021333
0 0.968250 0.105000 0.008500 0.018000
0 0.940000 0.093667 0.009000 0.014000
0 0.936250 0.087333 0.007500 0.012000
0 0.934250 0.037667 0.005500 0.012667
0 0.056250 0.375333 0.011500 0.021333
0 0.320000 0.229000 0.007000 0.020667
0 0.324000 0.223333 0.008000 0.020000
