0 0.283000 0.003667 0.011000 0.020667
0 0.294750 0.022000 0.008500 0.020000
0 0.307000 0.040000 0.010000 0.024000
0 0.320750 0.028333 0.008500 0.020667
0 0.306000 0.002000 0.011000 0.021333
0 0.305500 0.009000 0.009000 0.016667
0 0.325000 0.020000 0.010000 0.024667
0 0.336250 0.028000 0.007500 0.024000
0 0.342250 0.034000 0.007500 0.020000
0 0.342250 0.027000 0.004500 0.011333
0 0.356750 0.078333 0.000500 0.022000
0 0.368250 0.068000 0.007500 0.024000
0 0.359250 0.006667 0.009500 0.024000
0 0.098500 0.287333 0.013000 0.020000
0 0.362000 0.328000 0.000000 0.017333
0 0.430000 0.304000 0.008000 0.018667
0 0.426500 0.300667 0.004000 0.002000
0 0.414750 0.287333 0.008500 0.017333
0 0.406250 0.281333 0.010500 0.016000
0 0.380250 0.228667 0.007500 0.013333
0 0.402500 0.223667 0.008000 0.009333
0 0.402000 0.225333 0.008000 0.018667
0 0.428250 0.222667 0.009500 0.026667
0 0.376750 0.086333 0.006500 0.014000
0 0.506000 0.156000 0.006000 0.018667
0 0.590250 0.199000 0.007500 0.012667
0 0.563000 0.234667 0.006000 0.008667
0 0.565000 0.228333 0.003000 0.010000
0 0.567500 0.240333 0.006000 0.002667
0 0.572750 0.237333 0.006500 0.008667
0 0.579000 0.237333 0.005000 0.008667
0 0.520500 0.297667 0.000000 0.020667
0 0.560500 0.128667 0.006000 0.020000
0 0.563500 0.036000 0.006000 0.022667
0 0.569250 0.034333 0.006500 0.023333
0 0.570750 0.022000 0.005500 0.018667
0 0.579000 0.127333 0.009000 0.020000
0 0.588500 0.045000 0.009000 0.022000
0 0.592000 0.054333 0.006000 0.022000
0 0.570000 0.029667 0.005000 0.008000
0 0.556750 0.006667 0.004500 0.003333
0 0.574000 0.025667 0.006000 0.024667
0 0.577750 0.035667 0.005500 0.009333
0 0.579000 0.028333 0.005000 0.009333
0 0.597000 0.060000 0.007000 0.024667
0 0.600250 0.082333 0.007500 0.022000
0 0.608000 0.095667 0.005000 0.012667
0 0.624250 0.092000 0.006500 0.020333
0 0.608000 0.016667 0.008000 0.022667
0 0.601250 0.137000 0.008500 0.022000
0 0.664250 0.081667 0.007500 0.020667
0 0.649250 0.170667 0.008500 0.018667
0 0.666000 0.112000 0.009000 0.021333
0 0.670250 0.110000 0.008500 0.017333
0 0.690250 0.032333 0.011500 0.023333
0 0.699750 0.066000 0.000500 0.022667
0 0.704750 0.070667 0.009500 0.024000
0 0.704500 0.063333 0.009000 0.022667
0 0.707750 0.009333 0.006500 0.018667
0 0.750250 0.043333 0.007500 0.021333
0 0.766750 0.047667 0.010500 0.019333
0 0.768500 0.043333 0.008000 0.017333
0 0.726000 0.110667 0.010000 0.021333
0 0.738500 0.014333 0.008000 0.022000
0 0.718500 0.183333 0.009000 0.018667
0 0.750500 0.191667 0.012000 0.023333
0 0.756000 0.219000 0.012000 0.018000
0 0.750500 0.258333 0.000000 0.019333
0 0.813000 0.049000 0.010000 0.018000
0 0.804000 0.032333 0.009000 0.019333
0 0.808000 0.025333 0.009000 0.018667
0 0.811500 0.062667 0.008000 0.013333
0 0.793750 0.077333 0.008500 0.013333
0 0.783250 0.082000 0.008500 0.017333
0 0.800500 0.285333 0.015000 0.022667
0 0.809750 0.270667 0.014500 0.016667
0 0.801000 0.265000 0.011000 0.018000
0 0.820750 0.268667 0.013500 0.017333
0 0.806250 0.281333 0.012500 0.021333
0 0.849500 0.305000 0.011000 0.014000
0 0.863500 0.309000 0.004000 0.019333
0 0.867750 0.328000 0.005500 0.021333
0 0.875750 0.332000 0.003500 0.018667
0 0.850500 0.338333 0.014000 0.020667
0 0.850000 0.356000 0.005000 0.020000
0 0.819000 0.354667 0.012000 0.017333
0 0.882000 0.364000 0.015000 0.018667
0 0.870000 0.392000 0.016000 0.020000
0 0.784500 0.208333 0.001000 0.020667
0 0.880000 0.405333 0.003000 0.014667
0 0.893000 0.399333 0.004000 0.017333
0 0.899750 0.385000 0.006500 0.018000
0 0.903750 0.396000 0.005500 0.016000
0 0.881750 0.428667 0.020500 0.018667
0 0.884000 0.437667 0.013000 0.011333
0 0.895250 0.483667 0.006500 0.018000
0 0.984000 0.534000 0.023000 0.006000
0 0.964000 0.560333 0.020000 0.012667
0 0.976500 0.572333 0.020000 0.004000
0 0.705500 0.419667 0.012000 0.012667
0 0.716500 0.422667 0.008000 0.009333
0 0.712250 0.433667 0.009500 0.014000
0 0.703250 0.428667 0.009500 0.013333
0 0.437250 0.382667 0.009500 0.013333
0 0.394500 0.502667 0.010000 0.016000
0 0.380750 0.526333 0.012500 0.014000
0 0.385250 0.539667 0.009500 0.004000
0 0.360750 0.531667 0.010500 0.014000
0 0.355750 0.543667 0.000500 0.014000
0 0.407000 0.594667 0.009000 0.009333
0 0.408500 0.600667 0.007000 0.008000
0 0.419000 0.587333 0.014000 0.014667
0 0.138500 0.262000 0.011000 0.012000
0 0.088750 0.650000 0.016500 0.012000
0 0.206000 0.667667 0.020000 0.008667
0 0.012750 0.749333 0.021500 0.010667
0 0.017000 0.758333 0.018000 0.012667
0 0.200500 0.827667 0.007000 0.014000
0 0.239500 0.808333 0.005000 0.010000
0 0.495000 0.683667 0.008000 0.015333
0 0.504250 0.685667 0.011500 0.016667
0 0.621750 0.792667 0.012500 0.017333
