0 0.453750 0.989000 0.020500 0.022000
0 0.525500 0.976333 0.032000 0.047333
0 0.505750 0.906667 0.041500 0.037333
0 0.042000 0.925000 0.054000 0.043333
0 0.063750 0.902333 0.052500 0.040667
0 0.222750 0.880333 0.039500 0.052000
0 0.256250 0.772667 0.038500 0.056000
0 0.148750 0.913333 0.055500 0.054667
0 0.048750 0.773000 0.051500 0.052667
0 0.300000 0.673333 0.030000 0.053333
0 0.908750 0.478667 0.018500 0.037333
0 0.605000 0.539000 0.019000 0.026000
0 0.588250 0.559667 0.020500 0.031333
0 0.624000 0.518000 0.020000 0.041333
0 0.597250 0.506667 0.019500 0.032000
0 0.519000 0.521333 0.019000 0.042667
0 0.554250 0.507333 0.006500 0.041333
0 0.303500 0.550333 0.026000 0.050000
0 0.016750 0.685000 0.036500 0.047333
0 0.040500 0.672000 0.024000 0.036000
0 0.090750 0.592667 0.036500 0.037333
0 0.114250 0.635667 0.031500 0.048667
0 0.201750 0.475667 0.033500 0.052667
0 0.222250 0.448000 0.020500 0.060000
0 0.530000 0.278000 0.008000 0.037333
0 0.236500 0.260667 0.008000 0.037333
0 0.202000 0.270000 0.019000 0.041333
0 0.209000 0.265667 0.013000 0.020667
0 0.316250 0.043667 0.011500 0.027333
0 0.491000 0.125667 0.014000 0.031333
0 0.586250 0.026000 0.012500 0.040000
0 0.595500 0.033667 0.010000 0.027333
0 0.633750 0.070333 0.005500 0.036000
0 0.621000 0.052000 0.006000 0.018667
0 0.627000 0.055333 0.006000 0.017333
0 0.678500 0.063000 0.009000 0.035333
0 0.492750 0.034667 0.004500 0.028000
0 0.487000 0.038000 0.006000 0.037333
0 0.487500 0.025333 0.005000 0.033333
