0 0.363570 0.760000 0.005714 0.020952
0 0.368570 0.759524 0.004286 0.018095
0 0.544286 0.299524 0.004286 0.020000
0 0.724643 0.004762 0.002043 0.007619
0 0.769643 0.061429 0.005000 0.014286
0 0.873929 0.302381 0.002143 0.011429
0 0.868570 0.310000 0.005714 0.016190
0 0.703571 0.003333 0.002857 0.006667
0 0.705714 0.024762 0.002857 0.005714
0 0.701786 0.039524 0.003571 0.004762
0 0.717143 0.074762 0.004286 0.008571
0 0.805714 0.148095 0.005714 0.010476
0 0.634286 0.363333 0.004286 0.010476
0 0.671429 0.679048 0.010000 0.017143
0 0.347857 0.799048 0.010000 0.019048
0 0.611786 0.454286 0.007857 0.015238
