0 0.664500 0.705333 0.030000 0.040000
0 0.093500 0.641000 0.025000 0.027333
0 0.074000 0.643667 0.027000 0.026000
0 0.097250 0.086333 0.000500 0.023333
0 0.874500 0.040333 0.008000 0.022000
0 0.865750 0.040333 0.007500 0.020667
0 0.833250 0.008000 0.007500 0.006000
0 0.723750 0.053000 0.007500 0.019333
0 0.722250 0.055000 0.009500 0.020667
0 0.739000 0.368000 0.003000 0.038667
0 0.704500 0.337667 0.011000 0.035333
0 0.619500 0.322000 0.012000 0.029333
0 0.515000 0.223000 0.010000 0.026000
0 0.303000 0.081667 0.008000 0.024667
0 0.325250 0.078333 0.007500 0.024667
