0 0.040558 0.614504 0.023605 0.040076
0 0.638054 0.787690 0.017167 0.035305
0 0.740700 0.839695 0.022175 0.036260
0 0.494278 0.392653 0.000014 0.029580
0 0.660302 0.354485 0.009299 0.031489
0 0.774678 0.206126 0.008584 0.023855
0 0.074392 0.244275 0.001445 0.017176
0 0.490700 0.292462 0.008584 0.025763
0 0.490701 0.227576 0.008584 0.018130
0 0.485336 0.089695 0.005007 0.011450
0 0.063662 0.563454 0.020029 0.029580
0 0.531474 0.503817 0.011445 0.026718
0 0.500705 0.063931 0.002861 0.009542
0 0.052718 0.551527 0.015021 0.034351
0 0.068813 0.528626 0.015737 0.024809
0 0.730760 0.349237 0.007153 0.017176
0 0.629013 0.191317 0.005007 0.020038
0 0.790488 0.112595 0.006438 0.019084
0 0.639843 0.008011 0.002146 0.008588
0 0.636980 0.006679 0.003577 0.013359
