0 0.570429 0.215238 0.001429 0.005714
0 0.576070 0.213810 0.002143 0.006667
0 0.758929 0.838095 0.013571 0.026667
0 0.742143 0.838095 0.012857 0.028571
0 0.725357 0.837619 0.013571 0.029524
0 0.642500 0.680952 0.009286 0.022857
0 0.664643 0.583333 0.007857 0.021905
0 0.642500 0.506190 0.006429 0.014286
0 0.655714 0.506190 0.005714 0.012381
0 0.634286 0.428095 0.005714 0.016190
0 0.828929 0.340905 0.009286 0.022857
0 0.566786 0.180952 0.002143 0.003810
0 0.569643 0.204286 0.002143 0.004762
0 0.568214 0.215238 0.002143 0.003810
0 0.575714 0.232381 0.002857 0.003810
0 0.548214 0.238095 0.003571 0.007619
0 0.622143 0.430476 0.005714 0.013333
