0 0.429643 0.849048 0.005000 0.006190
0 0.433929 0.060000 0.002043 0.005714
0 0.468570 0.007143 0.001429 0.006667
0 0.608929 0.247609 0.002143 0.011429
0 0.605000 0.247043 0.002857 0.006667
0 0.598929 0.247609 0.002143 0.005714
0 0.596429 0.247043 0.001429 0.008571
0 0.602143 0.266190 0.001429 0.008571
0 0.605000 0.267143 0.001429 0.006667
0 0.540000 0.040952 0.000429 0.005714
0 0.537500 0.040429 0.002143 0.004762
0 0.587500 0.082857 0.002143 0.005714
0 0.699643 0.547609 0.003571 0.015238
0 0.707043 0.556190 0.004286 0.020952
0 0.632500 0.272380 0.002143 0.005714
