0 0.427500 0.950952 0.022043 0.044762
0 0.455704 0.832381 0.014286 0.034286
0 0.500000 0.569048 0.008571 0.031429
0 0.407500 0.400429 0.009286 0.025714
0 0.065714 0.392381 0.012857 0.020952
0 0.635000 0.590952 0.001429 0.035238
0 0.643929 0.590952 0.002143 0.037143
0 0.650071 0.597619 0.010714 0.037143
0 0.785000 0.400476 0.000000 0.027619
0 0.920000 0.355704 0.014286 0.029524
0 0.909286 0.300000 0.002857 0.024762
0 0.909286 0.300000 0.011429 0.026667
0 0.927857 0.304286 0.001429 0.025714
0 0.940704 0.288571 0.011429 0.026667
0 0.949286 0.288570 0.010000 0.026667
0 0.340786 0.158571 0.005000 0.016190
0 0.346429 0.058095 0.004286 0.017143
0 0.349643 0.059524 0.006429 0.016190
0 0.358929 0.050476 0.005000 0.015238
0 0.366070 0.150000 0.005000 0.016190
0 0.370786 0.151905 0.005000 0.014286
0 0.387500 0.040000 0.003571 0.013333
0 0.390071 0.140000 0.005000 0.013333
0 0.452857 0.017619 0.004286 0.010476
0 0.458570 0.118095 0.004286 0.013333
0 0.462043 0.118571 0.005714 0.012381
0 0.497857 0.012381 0.004286 0.011429
0 0.495704 0.110000 0.004286 0.010476
0 0.540357 0.012381 0.003571 0.011429
0 0.594643 0.093800 0.005000 0.012381
0 0.600000 0.094286 0.005704 0.011429
0 0.600714 0.097143 0.005714 0.015238
0 0.609643 0.099048 0.006429 0.015238
0 0.908571 0.081429 0.004286 0.012381
0 0.922043 0.081905 0.004286 0.013333
0 0.925704 0.084762 0.004286 0.013333
0 0.009643 0.330000 0.015000 0.025714
0 0.002857 0.327619 0.014286 0.026667
0 0.056070 0.321429 0.015000 0.023810
0 0.053929 0.305238 0.012143 0.024762
0 0.055000 0.284286 0.012857 0.021905
0 0.202043 0.250476 0.007143 0.022857
0 0.093214 0.245238 0.006429 0.021905
0 0.098571 0.244286 0.007143 0.021905
0 0.087500 0.232381 0.007857 0.019048
0 0.097143 0.231429 0.008571 0.022857
0 0.207500 0.237043 0.006429 0.020952
0 0.203929 0.230476 0.007857 0.020952
0 0.207857 0.230952 0.005704 0.021905
0 0.203214 0.235714 0.007857 0.021905
0 0.207857 0.234286 0.008571 0.020952
0 0.205000 0.223333 0.007143 0.020000
0 0.089286 0.216190 0.007143 0.020952
0 0.093929 0.209524 0.007857 0.019048
0 0.220786 0.221905 0.007857 0.020952
0 0.237043 0.232381 0.005714 0.020952
0 0.245000 0.232380 0.007143 0.020952
0 0.252500 0.225704 0.006429 0.019048
0 0.249286 0.226090 0.007143 0.020000
0 0.245000 0.226090 0.004286 0.018095
0 0.227500 0.205238 0.006429 0.019048
0 0.230786 0.213810 0.006429 0.018095
0 0.237500 0.209048 0.006429 0.008095
0 0.232857 0.209524 0.005704 0.019048
0 0.200000 0.203333 0.007143 0.020000
0 0.096429 0.203333 0.008571 0.020000
0 0.200429 0.193810 0.005714 0.018095
0 0.202857 0.192857 0.005714 0.014286
0 0.226070 0.175714 0.006429 0.018095
0 0.169286 0.164762 0.005714 0.011429
0 0.086429 0.133333 0.004286 0.015238
0 0.090000 0.133810 0.005714 0.016190
0 0.093214 0.134762 0.005000 0.014286
0 0.057143 0.075238 0.005714 0.011429
