0 0.342500 0.676667 0.007857 0.029524
0 0.039643 0.833800 0.032143 0.016190
0 0.394286 0.463800 0.010000 0.032381
0 0.292857 0.462857 0.014286 0.022857
0 0.468929 0.783800 0.017857 0.026667
0 0.440704 0.767619 0.008571 0.020952
0 0.465704 0.763333 0.010000 0.020000
0 0.455704 0.758095 0.010000 0.020952
0 0.456786 0.224762 0.006429 0.007143
0 0.450704 0.341429 0.010000 0.025714
0 0.448570 0.221905 0.007143 0.026667
0 0.464286 0.345238 0.007043 0.023810
0 0.780000 0.540429 0.018571 0.033333
0 0.770357 0.532857 0.007857 0.029524
0 0.765357 0.524762 0.005000 0.026667
0 0.763570 0.511905 0.014286 0.025714
0 0.983570 0.612857 0.027143 0.027619
0 0.962043 0.582857 0.020000 0.022857
0 0.952043 0.536667 0.022857 0.023810
0 0.945357 0.523800 0.026429 0.020952
