0 0.294286 0.096667 0.001429 0.027619
0 0.305357 0.089048 0.002143 0.025714
0 0.306786 0.089524 0.016429 0.034286
0 0.709286 0.063810 0.014286 0.049524
0 0.728929 0.014762 0.017857 0.046667
0 0.697500 0.368095 0.006429 0.044762
0 0.707857 0.033800 0.014286 0.050476
0 0.730704 0.061429 0.018571 0.040952
0 0.608571 0.061905 0.020000 0.041905
0 0.735357 0.467143 0.015000 0.048571
0 0.931071 0.338095 0.027857 0.030476
0 0.220357 0.047043 0.012143 0.025714
0 0.232500 0.049048 0.012143 0.018095
0 0.690071 0.321429 0.026429 0.035238
0 0.278214 0.252857 0.026429 0.018095
0 0.772043 0.586667 0.017143 0.030476
