0 0.473500 0.763333 0.022000 0.065333
0 0.500250 0.725000 0.023500 0.062000
0 0.541750 0.580667 0.017500 0.045333
0 0.703750 0.961000 0.031500 0.078000
0 0.743250 0.950667 0.021500 0.050000
0 0.700750 0.867000 0.034500 0.076667
0 0.842500 0.822667 0.040000 0.068000
0 0.825500 0.794333 0.032000 0.067333
0 0.849250 0.799333 0.033500 0.073333
0 0.876500 0.792333 0.028000 0.068667
0 0.690250 0.509667 0.005500 0.048667
0 0.500000 0.470000 0.012000 0.046000
0 0.450750 0.459667 0.010500 0.046000
0 0.470500 0.427333 0.005000 0.044000
0 0.462250 0.408333 0.008500 0.046000
0 0.505250 0.387667 0.014500 0.046000
0 0.496250 0.347000 0.006500 0.032667
0 0.503250 0.340000 0.009500 0.038667
0 0.506500 0.341000 0.010000 0.039333
0 0.486500 0.332000 0.001000 0.040000
0 0.491250 0.318667 0.006500 0.017333
0 0.474750 0.307667 0.000500 0.032667
0 0.475750 0.304333 0.008500 0.030000
0 0.487500 0.304667 0.008000 0.030667
0 0.650500 0.405667 0.013000 0.044667
0 0.624750 0.354000 0.001500 0.038667
0 0.667250 0.325000 0.009500 0.028667
0 0.622250 0.308333 0.009500 0.039333
0 0.627750 0.304333 0.007500 0.036667
0 0.608500 0.300333 0.013000 0.032667
0 0.566750 0.309667 0.009500 0.036667
0 0.590000 0.289667 0.012000 0.034000
0 0.609750 0.250333 0.008500 0.032000
0 0.626250 0.249667 0.002500 0.030000
0 0.569500 0.276667 0.012000 0.024000
0 0.577250 0.268667 0.009500 0.030667
0 0.545500 0.283333 0.009000 0.034667
0 0.527500 0.284667 0.011000 0.024000
0 0.548250 0.267667 0.013500 0.030000
0 0.549750 0.274333 0.000500 0.034000
0 0.535500 0.264667 0.000000 0.033333
0 0.602250 0.263000 0.009500 0.030000
0 0.528500 0.248667 0.009000 0.032000
0 0.540250 0.250000 0.007500 0.030667
0 0.530750 0.239000 0.007500 0.030000
0 0.544250 0.245333 0.007500 0.030667
0 0.545250 0.234000 0.008500 0.025333
0 0.573250 0.229667 0.006500 0.026000
0 0.583750 0.234667 0.006500 0.032000
0 0.588000 0.235000 0.006000 0.028667
0 0.472750 0.272333 0.007500 0.034000
0 0.496750 0.239667 0.004500 0.028667
0 0.478500 0.249000 0.010000 0.018000
0 0.484750 0.230000 0.005500 0.025333
0 0.534250 0.205667 0.006500 0.027333
0 0.520500 0.202667 0.009000 0.028000
0 0.472750 0.232000 0.007500 0.020333
0 0.465000 0.096333 0.005000 0.020667
0 0.469750 0.099000 0.004500 0.023333
0 0.473000 0.208000 0.006000 0.008667
0 0.475250 0.079667 0.006500 0.023333
0 0.465500 0.079333 0.006000 0.022667
0 0.450750 0.074333 0.006500 0.016667
0 0.457000 0.075000 0.006000 0.016667
0 0.490250 0.190333 0.007500 0.019333
0 0.545000 0.074333 0.007000 0.020667
0 0.550000 0.079667 0.005000 0.022000
0 0.558250 0.074333 0.005500 0.024667
0 0.560750 0.181000 0.006500 0.022000
0 0.564750 0.082000 0.004500 0.013333
0 0.572250 0.081667 0.005500 0.023333
0 0.571000 0.177000 0.005000 0.014000
0 0.583000 0.074333 0.006000 0.018000
0 0.623250 0.072333 0.004500 0.015333
0 0.346000 0.206667 0.006000 0.022667
0 0.352000 0.209000 0.007000 0.024667
0 0.356750 0.200667 0.005500 0.025333
0 0.360750 0.205333 0.008500 0.025333
0 0.353500 0.276000 0.008000 0.028000
0 0.372000 0.273000 0.008000 0.030000
0 0.381500 0.259333 0.009000 0.021333
0 0.330750 0.270000 0.010500 0.029333
0 0.330500 0.286667 0.008000 0.020000
0 0.782500 0.068000 0.005000 0.018667
0 0.790250 0.073333 0.006500 0.018667
0 0.794000 0.056667 0.007000 0.022667
0 0.507750 0.158333 0.007500 0.019333
0 0.523750 0.059333 0.003500 0.017333
0 0.522000 0.156333 0.004000 0.011333
0 0.404500 0.114667 0.003000 0.010667
0 0.407000 0.115000 0.004000 0.010000
0 0.340500 0.117333 0.005000 0.010667
0 0.358000 0.006667 0.004000 0.013333
0 0.362250 0.097000 0.002500 0.000000
0 0.367000 0.090000 0.002000 0.011333
0 0.550500 0.065000 0.003000 0.000000
