0 0.393929 0.428934 0.005000 0.020305
0 0.546786 0.486675 0.005000 0.024012
0 0.533204 0.502538 0.005000 0.022843
0 0.529643 0.500904 0.005000 0.026650
0 0.623204 0.789340 0.006429 0.032995
0 0.604286 0.786168 0.007143 0.031726
0 0.475357 0.350254 0.005000 0.005228
0 0.476786 0.407360 0.005000 0.022843
0 0.389286 0.376904 0.004286 0.020305
0 0.468204 0.339467 0.003571 0.016497
0 0.464643 0.325508 0.003570 0.016497
0 0.466429 0.343909 0.002857 0.002690
0 0.460786 0.329315 0.003571 0.013959
0 0.462500 0.322970 0.005000 0.006497
0 0.458929 0.303452 0.003571 0.017766
0 0.455357 0.303452 0.003571 0.015228
0 0.396786 0.336929 0.003570 0.016497
0 0.383570 0.285533 0.002857 0.015228
0 0.392500 0.220078 0.003571 0.011421
0 0.399286 0.207640 0.002857 0.008883
0 0.430429 0.307107 0.002857 0.010152
0 0.454286 0.286802 0.002857 0.005228
0 0.404643 0.470178 0.005000 0.019036
