0 0.777500 0.097667 0.008000 0.022000
0 0.780500 0.197000 0.006000 0.023333
0 0.683250 0.199667 0.007500 0.019333
0 0.629750 0.149000 0.007500 0.014000
0 0.775750 0.015667 0.004500 0.014000
0 0.765750 0.010333 0.005500 0.018000
0 0.744500 0.128000 0.005000 0.013333
0 0.704000 0.125000 0.005000 0.016667
0 0.703250 0.097333 0.003500 0.017333
0 0.732000 0.097333 0.003000 0.008667
0 0.752250 0.064667 0.004500 0.003333
0 0.760250 0.070000 0.003500 0.014000
0 0.763750 0.073000 0.002500 0.008667
0 0.766750 0.072333 0.002500 0.004000
0 0.768500 0.072667 0.002000 0.003333
0 0.772000 0.069667 0.004000 0.004000
0 0.769500 0.062000 0.004000 0.003333
0 0.486000 0.207333 0.006000 0.024000
0 0.475500 0.206333 0.007000 0.022000
0 0.375750 0.034333 0.005500 0.016667
0 0.349750 0.044333 0.008500 0.020667
0 0.339000 0.042333 0.009000 0.020667
0 0.328500 0.039000 0.006000 0.019333
0 0.323000 0.055000 0.007000 0.020667
0 0.309000 0.034333 0.005000 0.015333
0 0.288000 0.060000 0.006000 0.016000
0 0.278250 0.051667 0.006500 0.019333
0 0.267500 0.062667 0.009000 0.021333
0 0.252250 0.055333 0.005500 0.020000
0 0.239250 0.096333 0.005500 0.005333
0 0.078250 0.052667 0.004500 0.002000
0 0.075500 0.053667 0.004000 0.001333
0 0.004250 0.031667 0.006500 0.015333
0 0.073000 0.034000 0.006000 0.009333
