0 0.755704 0.459524 0.014286 0.031429
0 0.646786 0.462857 0.006429 0.028571
0 0.723570 0.474286 0.011429 0.026667
0 0.032500 0.083800 0.007857 0.015238
0 0.038929 0.083333 0.006429 0.020000
0 0.038214 0.181905 0.010714 0.022857
0 0.207143 0.241429 0.008571 0.021905
0 0.069286 0.206667 0.007143 0.017143
0 0.048214 0.187619 0.009286 0.019048
0 0.200000 0.095714 0.008571 0.021905
0 0.065714 0.197143 0.005714 0.017143
0 0.061071 0.196190 0.007857 0.013333
0 0.407143 0.395714 0.010000 0.021905
0 0.692500 0.545714 0.012143 0.032381
0 0.877500 0.730952 0.016429 0.021905
0 0.993571 0.559048 0.012857 0.020952
0 0.896429 0.563800 0.010000 0.019048
0 0.903204 0.551905 0.009286 0.020000
0 0.907857 0.172857 0.010000 0.021905
0 0.903570 0.187143 0.008571 0.023810
0 0.909643 0.080952 0.005000 0.022857
