0 0.065500 0.606667 0.003000 0.009333
0 0.026500 0.646000 0.004000 0.009333
0 0.046000 0.634333 0.004000 0.000000
0 0.028000 0.618333 0.002000 0.008667
0 0.030000 0.617667 0.002000 0.008667
0 0.288250 0.657333 0.003500 0.003333
0 0.240750 0.634333 0.002500 0.010000
0 0.243750 0.654000 0.003500 0.006667
0 0.254500 0.653667 0.004000 0.006000
0 0.345250 0.693000 0.005500 0.012667
0 0.343750 0.706333 0.008500 0.008000
0 0.320250 0.693000 0.004500 0.006667
0 0.305750 0.691000 0.003500 0.012667
0 0.288750 0.701333 0.004500 0.017333
0 0.280000 0.706667 0.006000 0.006000
0 0.262250 0.709333 0.004500 0.007333
0 0.262500 0.705333 0.007000 0.020000
0 0.293250 0.698000 0.004500 0.007333
0 0.283250 0.645000 0.002500 0.008667
0 0.439750 0.805333 0.007500 0.028000
0 0.447000 0.784667 0.003000 0.002000
0 0.450000 0.781333 0.005000 0.024000
0 0.623000 0.700333 0.006000 0.014000
0 0.670750 0.683333 0.004500 0.007333
0 0.607000 0.639667 0.002000 0.008667
0 0.609500 0.637000 0.000000 0.007333
0 0.600500 0.635333 0.002000 0.010667
0 0.566250 0.636333 0.002500 0.008667
0 0.570250 0.651000 0.002500 0.010000
0 0.567000 0.648000 0.002000 0.008000
0 0.584000 0.653000 0.005000 0.008667
0 0.621750 0.641667 0.005500 0.011333
0 0.663250 0.650667 0.002500 0.012667
0 0.646500 0.650000 0.002000 0.011333
0 0.649500 0.650000 0.004000 0.012667
0 0.772000 0.744000 0.006000 0.020333
0 0.773750 0.739667 0.002500 0.001333
0 0.776500 0.744333 0.005000 0.020667
0 0.756000 0.670667 0.004000 0.007333
0 0.729250 0.683000 0.004500 0.005333
0 0.723250 0.662667 0.003500 0.003333
0 0.707750 0.657000 0.002500 0.008667
0 0.704000 0.655000 0.003000 0.014000
0 0.385000 0.703000 0.005000 0.009333
0 0.054000 0.694667 0.004000 0.004667
0 0.059000 0.693000 0.004000 0.005333
0 0.049750 0.690667 0.004500 0.018000
0 0.052500 0.689667 0.005000 0.023333
0 0.740000 0.632000 0.004000 0.009333
0 0.743000 0.635333 0.003000 0.006667
0 0.746500 0.630333 0.003000 0.010667
0 0.735500 0.633333 0.004000 0.000667
0 0.738750 0.626667 0.004500 0.004667
