0 0.509916 0.503247 0.009395 0.023191
0 0.522182 0.503247 0.009916 0.021336
0 0.514875 0.303340 0.005741 0.016698
0 0.509395 0.209647 0.006263 0.014842
0 0.453549 0.241187 0.005219 0.011132
0 0.478079 0.139610 0.004175 0.010204
0 0.495303 0.049165 0.003132 0.009276
0 0.473382 0.032468 0.003132 0.007421
0 0.497651 0.015770 0.002610 0.005566
0 0.500000 0.013451 0.004175 0.008349
0 0.468946 0.012523 0.002610 0.006494
0 0.408664 0.262523 0.005209 0.018553
0 0.407797 0.262059 0.004697 0.023191
0 0.401795 0.259740 0.003132 0.016698
0 0.414144 0.257421 0.004697 0.013915
0 0.407276 0.222171 0.003653 0.019481
0 0.404666 0.220779 0.003653 0.016698
0 0.402839 0.222635 0.004175 0.016698
0 0.467640 0.089981 0.004175 0.011132
0 0.502265 0.147032 0.003653 0.013915
0 0.505136 0.147495 0.004175 0.016698
0 0.495042 0.090909 0.003653 0.007421
