0 0.087500 0.420685 0.005000 0.019036
0 0.090357 0.416244 0.006429 0.022843
0 0.096429 0.420051 0.005714 0.017766
0 0.968570 0.753173 0.012857 0.031726
0 0.981071 0.759518 0.010714 0.031726
0 0.994286 0.774012 0.008571 0.025381
0 0.957043 0.688452 0.012857 0.019036
0 0.877857 0.482868 0.008570 0.029188
0 0.890429 0.452411 0.008571 0.029188
0 0.957043 0.463832 0.010000 0.016497
0 0.959286 0.470078 0.008571 0.016497
0 0.878214 0.406091 0.005000 0.020305
0 0.873571 0.404822 0.007143 0.030457
0 0.893929 0.388325 0.005000 0.020305
0 0.887500 0.395305 0.009286 0.020574
0 0.888204 0.385787 0.005000 0.020305
0 0.860429 0.315990 0.007143 0.020305
0 0.808571 0.379442 0.008571 0.017766
0 0.787500 0.234772 0.009286 0.007766
0 0.776070 0.298223 0.009286 0.015228
0 0.752857 0.064086 0.004286 0.009036
0 0.756070 0.063452 0.003571 0.017766
0 0.780357 0.062083 0.003571 0.017766
0 0.825000 0.371827 0.008571 0.015228
