0 0.090429 0.331853 0.010000 0.029188
0 0.087043 0.239848 0.007143 0.025381
0 0.048929 0.229695 0.005000 0.020305
0 0.062857 0.225888 0.005714 0.022843
0 0.061071 0.215736 0.006429 0.020305
0 0.397043 0.220178 0.004286 0.021574
0 0.398929 0.220078 0.005000 0.016497
0 0.959643 0.534264 0.007857 0.027909
0 0.954286 0.524012 0.008571 0.030457
0 0.987043 0.539975 0.011429 0.029188
0 0.958929 0.477792 0.000714 0.029188
0 0.956070 0.470178 0.012143 0.026650
0 0.910357 0.486041 0.009286 0.025381
0 0.838929 0.505228 0.012143 0.015228
0 0.808571 0.541878 0.007143 0.015228
0 0.801429 0.542513 0.011429 0.019036
0 0.825000 0.433376 0.007143 0.026650
0 0.818571 0.431472 0.005714 0.015228
0 0.844286 0.400015 0.007143 0.020305
0 0.875357 0.399746 0.002143 0.022843
0 0.790357 0.373096 0.006429 0.015228
0 0.831786 0.271574 0.006429 0.017766
0 0.767857 0.305203 0.018571 0.013959
0 0.737043 0.260152 0.004286 0.015228
0 0.743570 0.257614 0.005714 0.025381
0 0.733204 0.239848 0.006429 0.020305
0 0.809286 0.256980 0.007043 0.019036
0 0.882043 0.296320 0.007143 0.024112
0 0.870000 0.287437 0.005704 0.021574
0 0.869643 0.272208 0.006429 0.009036
0 0.798929 0.084010 0.006429 0.020305
0 0.814643 0.227792 0.007857 0.019036
0 0.830704 0.206853 0.007143 0.010152
0 0.827043 0.199873 0.005714 0.011421
0 0.734643 0.087183 0.006429 0.016497
0 0.738204 0.157360 0.006429 0.025381
0 0.775000 0.149112 0.008571 0.016497
0 0.782857 0.042132 0.005714 0.012690
0 0.792857 0.016117 0.005714 0.011421
0 0.790000 0.010406 0.004286 0.010152
0 0.757143 0.246193 0.007143 0.012690
0 0.806070 0.145305 0.006429 0.013959
0 0.784643 0.064720 0.005000 0.017766
0 0.774286 0.059000 0.004286 0.019036
0 0.766429 0.059645 0.004286 0.007766
0 0.748204 0.047589 0.005000 0.016497
0 0.749643 0.110406 0.012143 0.010152
0 0.740704 0.127538 0.007143 0.011421
0 0.741786 0.122462 0.006429 0.016497
0 0.735357 0.070066 0.005000 0.010152
0 0.740071 0.074873 0.003571 0.007614
0 0.740000 0.069062 0.004286 0.011421
0 0.706070 0.069797 0.005000 0.015228
0 0.722500 0.020574 0.003571 0.015228
0 0.737043 0.024112 0.004286 0.012690
0 0.753929 0.171320 0.009286 0.015228
0 0.814286 0.225254 0.007143 0.021574
0 0.746786 0.066624 0.003570 0.021574
