0 0.776250 0.890000 0.011500 0.018667
0 0.597750 0.829333 0.008500 0.013333
0 0.917250 0.957000 0.011500 0.019333
0 0.924000 0.946667 0.011000 0.017333
0 0.542250 0.769667 0.006500 0.015333
0 0.597000 0.752000 0.007000 0.013333
0 0.919000 0.602000 0.008000 0.014667
0 0.802250 0.569000 0.007500 0.010000
0 0.765250 0.080667 0.004500 0.009333
0 0.756500 0.078000 0.004000 0.006667
0 0.707000 0.100667 0.003000 0.009333
0 0.672750 0.092000 0.002500 0.009333
0 0.669250 0.092667 0.002500 0.010667
0 0.540500 0.399000 0.004000 0.014000
0 0.534750 0.427333 0.004500 0.013333
0 0.363250 0.373000 0.005500 0.011333
0 0.543500 0.238000 0.003000 0.000667
0 0.393000 0.660000 0.008000 0.006000
