0 0.703204 0.205238 0.012143 0.040952
0 0.701786 0.201429 0.015000 0.040952
0 0.804286 0.228095 0.018571 0.046667
0 0.808571 0.309524 0.017143 0.045714
0 0.840357 0.322380 0.019286 0.050476
0 0.790071 0.390952 0.017857 0.050476
0 0.956786 0.504762 0.030714 0.060000
0 0.738929 0.404762 0.023571 0.041905
0 0.632143 0.255714 0.017143 0.029524
0 0.653570 0.305714 0.014286 0.049524
0 0.604286 0.299048 0.002857 0.043810
0 0.672500 0.135238 0.013571 0.026667
0 0.046786 0.030952 0.013571 0.027619
0 0.711429 0.153333 0.012857 0.019048
0 0.842857 0.005238 0.014286 0.039048
0 0.950786 0.280476 0.015000 0.044762
0 0.905000 0.297143 0.020000 0.040000
0 0.724643 0.477043 0.026429 0.059048
