0 0.404250 0.450667 0.004500 0.013333
0 0.407500 0.449667 0.003000 0.012667
0 0.420000 0.451333 0.003000 0.006667
0 0.263000 0.580333 0.009000 0.019333
0 0.649750 0.442000 0.003500 0.004667
0 0.737000 0.445000 0.004000 0.005333
0 0.790500 0.438333 0.004000 0.001333
0 0.830750 0.420333 0.002500 0.002667
0 0.808250 0.488333 0.003500 0.001333
0 0.815500 0.445667 0.008000 0.007333
0 0.796500 0.440000 0.004000 0.009333
0 0.799000 0.441667 0.005000 0.008667
0 0.800500 0.442333 0.005000 0.010000
0 0.816750 0.432333 0.002500 0.008667
0 0.793000 0.453333 0.004000 0.008000
0 0.857000 0.657667 0.008000 0.014000
0 0.843500 0.639667 0.000000 0.026000
0 0.820250 0.532000 0.007500 0.012000
