0 0.272857 0.402284 0.005704 0.012690
0 0.056071 0.632614 0.006429 0.013959
0 0.058929 0.627538 0.005000 0.011421
0 0.080786 0.619924 0.007857 0.019036
0 0.569286 0.885152 0.010000 0.013959
0 0.528570 0.823604 0.004286 0.012690
0 0.565704 0.814086 0.004286 0.013959
0 0.470071 0.678299 0.005000 0.013959
0 0.670071 0.026015 0.003571 0.016497
0 0.658204 0.084391 0.002143 0.011421
0 0.660000 0.083756 0.000429 0.012690
0 0.645000 0.060533 0.001429 0.016497
0 0.664286 0.880345 0.004286 0.011421
0 0.676070 0.885787 0.005000 0.012690
0 0.676070 0.894670 0.005000 0.010152
0 0.688929 0.890228 0.005000 0.001421
0 0.699643 0.900650 0.003571 0.011421
0 0.698570 0.910533 0.007143 0.016497
0 0.768204 0.949873 0.007857 0.011421
0 0.767857 0.964467 0.007043 0.010152
0 0.792043 0.948604 0.007143 0.013959
0 0.790071 0.941624 0.006429 0.012690
