0 0.338570 0.064721 0.005714 0.025381
0 0.419643 0.055203 0.005000 0.024112
0 0.473204 0.125000 0.005000 0.021574
0 0.682143 0.774112 0.005714 0.010152
0 0.564643 0.843909 0.010714 0.025381
0 0.593214 0.723350 0.015000 0.020305
0 0.600000 0.833756 0.007143 0.022843
0 0.621786 0.825508 0.012143 0.024112
0 0.700429 0.799492 0.005714 0.017766
0 0.705704 0.790609 0.008571 0.027919
0 0.617500 0.763959 0.013571 0.020305
0 0.620000 0.733503 0.005714 0.015228
0 0.793929 0.766497 0.015000 0.025381
0 0.799643 0.772843 0.013571 0.022843
0 0.789643 0.829305 0.010714 0.019036
0 0.751071 0.809010 0.017857 0.016497
0 0.760000 0.840736 0.007143 0.026650
0 0.763214 0.856599 0.013571 0.025381
0 0.530714 0.634518 0.004286 0.027919
0 0.682143 0.515863 0.012857 0.016497
0 0.689286 0.510787 0.010000 0.016497
0 0.705714 0.560279 0.005714 0.016497
0 0.726070 0.585660 0.012143 0.021574
0 0.686071 0.480330 0.012143 0.021574
0 0.686429 0.477792 0.012857 0.024112
0 0.644643 0.245558 0.005000 0.021574
0 0.585714 0.172589 0.005714 0.022843
0 0.592143 0.105964 0.005714 0.016497
0 0.477143 0.242386 0.005714 0.027919
0 0.481071 0.243655 0.003571 0.022843
0 0.491429 0.243020 0.008571 0.024112
0 0.503571 0.241751 0.005714 0.024112
0 0.492143 0.282360 0.011429 0.016497
0 0.474286 0.286802 0.004286 0.022843
0 0.603929 0.263325 0.005000 0.019036
0 0.620071 0.262690 0.006429 0.025381
0 0.606786 0.252538 0.006429 0.022843
0 0.700704 0.321066 0.008571 0.027919
0 0.630071 0.416244 0.005000 0.027919
0 0.635704 0.422589 0.007143 0.027919
0 0.606429 0.447970 0.005714 0.020305
0 0.578570 0.440355 0.005714 0.017766
0 0.508570 0.471447 0.005714 0.024112
0 0.522857 0.493020 0.005704 0.021574
0 0.508214 0.384518 0.009286 0.015228
0 0.509643 0.385052 0.005000 0.019036
