0 0.789643 0.625635 0.006429 0.005228
0 0.793570 0.618655 0.005714 0.021574
0 0.740357 0.584390 0.007857 0.016497
0 0.737500 0.572335 0.005000 0.005228
0 0.636786 0.449873 0.006429 0.021574
0 0.422043 0.393401 0.005714 0.022843
0 0.398929 0.370558 0.006429 0.025380
0 0.390357 0.372462 0.006429 0.020574
0 0.507500 0.404340 0.005000 0.024112
0 0.504286 0.406244 0.005714 0.022843
0 0.311429 0.455584 0.010000 0.015228
0 0.312143 0.437183 0.008571 0.013959
0 0.295000 0.453046 0.007143 0.020305
0 0.330357 0.420954 0.005000 0.019036
0 0.278570 0.425761 0.007143 0.021574
0 0.602043 0.022208 0.005714 0.019036
0 0.606070 0.020305 0.006429 0.025381
