0 0.352500 0.540000 0.003000 0.028000
0 0.348750 0.434000 0.001500 0.033333
0 0.398000 0.265000 0.001000 0.027333
0 0.408250 0.283000 0.006500 0.026000
0 0.406000 0.286333 0.007000 0.026000
0 0.468750 0.234000 0.008500 0.026667
0 0.460250 0.219667 0.007500 0.022000
0 0.433750 0.231000 0.006500 0.019333
0 0.424750 0.242667 0.007500 0.025333
0 0.429500 0.225000 0.007000 0.027333
0 0.384500 0.209333 0.009000 0.024000
0 0.338250 0.221667 0.007500 0.016667
0 0.474250 0.202667 0.006500 0.021333
0 0.490250 0.215333 0.006500 0.016000
0 0.495500 0.213333 0.006000 0.022667
0 0.480750 0.197000 0.008500 0.019333
0 0.406750 0.254000 0.007500 0.017333
0 0.355500 0.220333 0.010000 0.024000
0 0.400250 0.182667 0.008500 0.024000
0 0.436250 0.009667 0.006500 0.016667
0 0.499500 0.256667 0.008000 0.026667
0 0.220500 0.289333 0.009000 0.025333
0 0.224500 0.279000 0.009000 0.023333
0 0.200250 0.341333 0.014500 0.026667
0 0.088750 0.358000 0.016500 0.032000
0 0.047750 0.467333 0.016500 0.022667
0 0.053000 0.441000 0.020000 0.034000
0 0.021250 0.484667 0.019500 0.034667
0 0.094500 0.539667 0.009000 0.038000
0 0.070500 0.505667 0.020000 0.038000
0 0.065250 0.552333 0.014500 0.028667
0 0.020750 0.589667 0.027500 0.035333
0 0.075000 0.362667 0.011000 0.030667
0 0.076000 0.372667 0.010000 0.021333
0 0.169000 0.317667 0.012000 0.022000
0 0.090750 0.349000 0.001500 0.027333
0 0.092000 0.354000 0.008000 0.026667
0 0.098750 0.355333 0.009500 0.006000
0 0.083500 0.350333 0.003000 0.024667
