0 0.453570 0.853333 0.027143 0.080000
0 0.500000 0.706190 0.034286 0.093333
0 0.585714 0.653810 0.031429 0.084762
0 0.110357 0.653810 0.037857 0.094286
0 0.009286 0.024286 0.005714 0.014286
0 0.023204 0.020000 0.010714 0.020952
0 0.244286 0.050476 0.008570 0.024762
0 0.586429 0.030905 0.007143 0.020000
0 0.593929 0.044762 0.006429 0.020952
0 0.673570 0.071429 0.007143 0.022857
0 0.677043 0.072857 0.005714 0.020000
0 0.663929 0.035714 0.015000 0.035238
0 0.956786 0.202857 0.005000 0.036190
0 0.952043 0.195238 0.011429 0.034286
0 0.673929 0.053800 0.006429 0.018095
