0 0.200000 0.037619 0.007143 0.016190
0 0.268214 0.080952 0.006429 0.015238
0 0.268571 0.072857 0.005714 0.012381
0 0.183929 0.306667 0.006429 0.013333
0 0.183929 0.299524 0.007857 0.010476
0 0.214643 0.255238 0.009286 0.011429
0 0.277857 0.255238 0.008571 0.015238
0 0.160357 0.357619 0.010714 0.012381
0 0.136071 0.445714 0.009286 0.013333
0 0.066429 0.635714 0.010000 0.020000
0 0.067857 0.709048 0.010000 0.018095
0 0.086429 0.699524 0.010000 0.018095
0 0.088571 0.684762 0.014286 0.019048
0 0.201429 0.675238 0.011429 0.017143
0 0.050429 0.267143 0.010000 0.021905
0 0.122500 0.264762 0.010714 0.013333
0 0.564643 0.634762 0.009286 0.002381
