0 0.308204 0.254442 0.010714 0.026650
0 0.320704 0.251269 0.011429 0.030457
0 0.306070 0.274112 0.009286 0.020305
0 0.302043 0.268401 0.008571 0.021574
0 0.338204 0.510152 0.010714 0.020305
0 0.502857 0.744924 0.008570 0.020305
0 0.470429 0.710025 0.008571 0.016497
0 0.506786 0.723350 0.010714 0.017766
0 0.560429 0.686548 0.012857 0.022843
0 0.490000 0.687083 0.007143 0.019036
0 0.474643 0.647208 0.006429 0.022843
0 0.463929 0.620193 0.007857 0.016497
0 0.449643 0.680472 0.009286 0.020305
0 0.528204 0.665609 0.010714 0.016497
0 0.501429 0.654822 0.010000 0.022843
0 0.440000 0.648477 0.007043 0.020305
0 0.376070 0.490482 0.010714 0.021574
0 0.387043 0.522843 0.010000 0.020305
0 0.402857 0.549492 0.008570 0.020305
0 0.402500 0.583122 0.010714 0.021574
0 0.429286 0.608655 0.011429 0.019036
0 0.400714 0.493020 0.008571 0.024112
0 0.420704 0.522208 0.007143 0.024112
0 0.433929 0.550396 0.009286 0.019036
0 0.450786 0.583122 0.009286 0.024112
0 0.504643 0.607234 0.009286 0.009036
0 0.524286 0.636420 0.005714 0.016497
0 0.489643 0.582487 0.007857 0.020305
0 0.476070 0.548223 0.009286 0.017766
0 0.409643 0.403071 0.009286 0.029188
0 0.408929 0.431472 0.015000 0.035533
0 0.435704 0.417513 0.008571 0.022843
0 0.442500 0.484037 0.007857 0.026650
0 0.446070 0.443528 0.009286 0.026650
0 0.456429 0.470447 0.007143 0.021574
0 0.460357 0.506497 0.009286 0.020305
0 0.470071 0.506980 0.006429 0.019036
0 0.488570 0.534898 0.005714 0.019036
0 0.500000 0.565990 0.005704 0.020305
0 0.505000 0.593909 0.007143 0.020305
0 0.530786 0.621827 0.007857 0.025381
0 0.540786 0.616751 0.007857 0.017766
0 0.566070 0.628173 0.009286 0.022843
0 0.586786 0.600888 0.000714 0.019036
0 0.555704 0.598350 0.008571 0.019036
0 0.527043 0.581218 0.007143 0.015228
0 0.603929 0.563452 0.009286 0.020305
0 0.626070 0.545051 0.010714 0.024112
0 0.630429 0.522208 0.012857 0.024112
0 0.458204 0.429569 0.006429 0.029188
0 0.467857 0.454305 0.007143 0.025381
0 0.482043 0.490482 0.007143 0.026650
0 0.498929 0.509670 0.007857 0.019036
0 0.500714 0.550127 0.007143 0.024112
0 0.536070 0.564086 0.009286 0.021574
0 0.520357 0.535533 0.007857 0.022843
0 0.467043 0.420051 0.008571 0.025381
0 0.477043 0.445431 0.007143 0.022843
0 0.490429 0.478426 0.008571 0.022843
0 0.506786 0.504442 0.006429 0.009036
0 0.485704 0.431472 0.005714 0.020305
0 0.560429 0.586294 0.007143 0.020305
0 0.567857 0.572970 0.007043 0.019036
0 0.575704 0.561548 0.008571 0.019036
0 0.585357 0.550760 0.007857 0.020305
0 0.590071 0.542513 0.009286 0.019036
0 0.598204 0.531091 0.009286 0.019036
0 0.603929 0.524012 0.010714 0.020305
0 0.600357 0.514594 0.012143 0.021574
0 0.544286 0.552030 0.008570 0.020305
0 0.553204 0.542513 0.007857 0.019036
0 0.560071 0.530457 0.007857 0.020305
0 0.530071 0.526650 0.007857 0.020305
0 0.538570 0.512056 0.007143 0.021574
0 0.505714 0.493655 0.007143 0.020305
0 0.546070 0.499365 0.010714 0.021574
0 0.552043 0.489213 0.007143 0.021574
0 0.560071 0.479695 0.009286 0.022843
0 0.570357 0.466370 0.009286 0.021574
0 0.577857 0.458756 0.008570 0.019036
0 0.584643 0.447335 0.007857 0.024012
0 0.495704 0.258249 0.008571 0.029188
0 0.482500 0.270574 0.009286 0.030457
0 0.492857 0.286068 0.007143 0.026650
0 0.503570 0.305838 0.007143 0.027919
0 0.504286 0.294416 0.007143 0.027919
0 0.504286 0.322970 0.007143 0.026650
0 0.530357 0.336294 0.007857 0.027909
0 0.540071 0.356599 0.009286 0.027919
0 0.470704 0.372462 0.008571 0.024112
0 0.485704 0.350888 0.008571 0.029188
0 0.493570 0.345178 0.007143 0.027919
0 0.509643 0.348350 0.006429 0.026650
0 0.501071 0.359137 0.007857 0.025381
0 0.503570 0.369924 0.007143 0.026650
0 0.493929 0.383249 0.007857 0.027909
0 0.483929 0.400650 0.006429 0.024112
0 0.494286 0.420050 0.005714 0.022843
0 0.505000 0.404822 0.007043 0.020305
0 0.505000 0.390863 0.007143 0.022843
0 0.522857 0.380345 0.007143 0.026650
0 0.530429 0.367386 0.007143 0.024112
0 0.502500 0.466370 0.006429 0.021574
0 0.501786 0.453046 0.007857 0.022843
0 0.508929 0.444162 0.006429 0.022843
0 0.525704 0.432107 0.007143 0.021574
0 0.524643 0.480599 0.006429 0.019036
0 0.532043 0.471447 0.007143 0.019036
0 0.533204 0.420051 0.007857 0.025381
0 0.540429 0.412437 0.007143 0.027919
0 0.556786 0.390863 0.007857 0.025380
0 0.569643 0.407513 0.009286 0.025381
0 0.560071 0.428934 0.009286 0.020305
0 0.539286 0.458022 0.005714 0.022843
0 0.547500 0.447335 0.006429 0.020574
0 0.555357 0.437807 0.010714 0.025381
0 0.569286 0.508401 0.008571 0.024112
0 0.577857 0.506980 0.008570 0.019036
0 0.586070 0.496193 0.009286 0.017766
0 0.590786 0.487310 0.007857 0.020305
0 0.598570 0.480330 0.007143 0.021574
