0 0.612857 0.332381 0.004286 0.005714
0 0.654286 0.280476 0.002857 0.006667
0 0.688570 0.266190 0.002857 0.010476
0 0.492043 0.244286 0.002857 0.006667
0 0.001429 0.336667 0.004286 0.010476
0 0.098204 0.354762 0.005000 0.010476
0 0.035357 0.366667 0.005000 0.011429
0 0.039643 0.369048 0.005000 0.008571
0 0.044643 0.366190 0.005000 0.012381
0 0.053214 0.348095 0.003571 0.012381
0 0.052857 0.323333 0.002857 0.010476
0 0.060714 0.307619 0.002857 0.009524
0 0.019286 0.322857 0.004286 0.009524
0 0.016786 0.338571 0.005000 0.010476
0 0.003929 0.363810 0.003571 0.011429
0 0.007500 0.334286 0.003571 0.009524
0 0.006786 0.344762 0.005000 0.005714
0 0.000714 0.342381 0.005714 0.010476
0 0.092500 0.340952 0.005000 0.003333
0 0.090071 0.361429 0.005000 0.008571
0 0.080357 0.357043 0.002143 0.009524
0 0.060071 0.352857 0.005000 0.016190
0 0.507857 0.552380 0.008571 0.020952
