0 0.096071 0.357234 0.003571 0.016497
0 0.200704 0.352157 0.004286 0.013959
0 0.201071 0.328680 0.005000 0.015228
0 0.298570 0.212563 0.002857 0.013959
0 0.278570 0.232234 0.002857 0.012690
0 0.295000 0.204467 0.004286 0.012690
0 0.300786 0.207487 0.005000 0.016497
0 0.274286 0.237300 0.002857 0.015228
0 0.286786 0.222080 0.007857 0.022843
0 0.402500 0.064720 0.003571 0.017766
0 0.407143 0.044416 0.004286 0.020305
0 0.392043 0.068528 0.002857 0.015228
0 0.531786 0.036802 0.003571 0.012690
0 0.722857 0.007868 0.002857 0.015228
0 0.722500 0.012310 0.003571 0.011421
0 0.739286 0.444062 0.004286 0.017766
0 0.730429 0.532360 0.004286 0.016497
0 0.752043 0.524112 0.004286 0.015228
0 0.749286 0.530457 0.004286 0.005228
0 0.649286 0.084010 0.002857 0.015228
0 0.654643 0.097970 0.003571 0.015228
0 0.654643 0.089086 0.003571 0.015228
0 0.660000 0.048477 0.002857 0.015228
0 0.297143 0.414975 0.005714 0.015228
