0 0.948571 0.552857 0.025714 0.033333
0 0.918929 0.530476 0.027857 0.026667
0 0.927857 0.558571 0.027143 0.027619
0 0.923571 0.542381 0.028571 0.020000
0 0.504643 0.101429 0.003571 0.020000
0 0.522043 0.091429 0.005714 0.020952
0 0.526070 0.105714 0.005000 0.020952
0 0.539286 0.010476 0.010000 0.019048
0 0.538570 0.102381 0.005714 0.020000
0 0.527500 0.003333 0.003571 0.021905
0 0.465357 0.089048 0.006429 0.002381
0 0.467857 0.087609 0.007143 0.011429
0 0.512500 0.370952 0.015000 0.018095
0 0.506429 0.360000 0.008571 0.017143
0 0.519286 0.358571 0.008571 0.016190
0 0.523214 0.365714 0.010714 0.019048
0 0.978214 0.680952 0.042143 0.024762
0 0.982143 0.693810 0.035714 0.021905
