0 0.550786 0.166667 0.005000 0.009524
0 0.553570 0.173333 0.002857 0.005714
0 0.555000 0.084762 0.004286 0.011429
0 0.534286 0.207619 0.004286 0.008571
0 0.528570 0.239524 0.004286 0.008571
0 0.528570 0.250952 0.004286 0.008571
0 0.536429 0.249048 0.004286 0.008570
0 0.532500 0.248570 0.003571 0.007619
0 0.547857 0.833333 0.002857 0.009524
0 0.550071 0.835714 0.005000 0.012381
0 0.555000 0.834762 0.004286 0.000476
0 0.532500 0.686090 0.005000 0.006667
0 0.492857 0.853800 0.004286 0.008571
0 0.489643 0.858095 0.005000 0.009524
