0 0.238929 0.973800 0.032143 0.033333
0 0.230429 0.467619 0.021429 0.020952
0 0.837043 0.251905 0.020000 0.035238
0 0.616429 0.075238 0.017143 0.028571
0 0.338204 0.297143 0.019286 0.034286
0 0.854286 0.954286 0.025714 0.032381
0 0.725000 0.886667 0.020000 0.020952
0 0.626786 0.977043 0.019286 0.024762
0 0.708571 0.974286 0.024286 0.022857
0 0.756786 0.969048 0.022043 0.021905
0 0.709286 0.950952 0.015714 0.018095
0 0.745357 0.977043 0.017857 0.022857
0 0.984286 0.932857 0.030429 0.027619
0 0.970071 0.547619 0.033571 0.020952
0 0.990000 0.550429 0.020000 0.022857
