0 0.488204 0.062817 0.007857 0.026650
0 0.585704 0.076777 0.005714 0.026650
0 0.585704 0.060279 0.007143 0.026650
0 0.635704 0.271574 0.007143 0.025381
0 0.660000 0.266497 0.005704 0.022843
0 0.650704 0.258249 0.007143 0.024112
0 0.659286 0.401802 0.007143 0.029188
0 0.673929 0.464467 0.009286 0.022843
0 0.683929 0.200508 0.009286 0.027909
0 0.657857 0.087817 0.007143 0.027919
0 0.669286 0.046574 0.008571 0.026650
0 0.675000 0.040878 0.005714 0.027919
0 0.523570 0.606599 0.007143 0.032995
0 0.502500 0.600888 0.007857 0.029188
0 0.633570 0.609772 0.007143 0.026650
0 0.684643 0.655457 0.000714 0.024112
0 0.690071 0.729695 0.007857 0.020305
0 0.669643 0.668047 0.009286 0.026650
0 0.690786 0.938452 0.009286 0.019036
0 0.706070 0.949239 0.010714 0.017766
0 0.667857 0.200508 0.010000 0.017766
0 0.938570 0.119924 0.011429 0.026650
0 0.900000 0.207005 0.010000 0.022843
0 0.908929 0.102792 0.009286 0.020305
0 0.705357 0.052665 0.006429 0.021574
