0 0.503653 0.867801 0.009395 0.028757
0 0.638570 0.488868 0.004697 0.008553
0 0.505480 0.584879 0.005741 0.013915
0 0.497902 0.574212 0.003132 0.018553
0 0.524008 0.526438 0.006263 0.010204
0 0.522443 0.457792 0.004075 0.012059
0 0.583246 0.482839 0.004697 0.005770
0 0.576983 0.486085 0.006785 0.008553
0 0.579332 0.454545 0.004075 0.016698
0 0.543841 0.416512 0.002088 0.009276
0 0.560282 0.362709 0.002610 0.009276
0 0.565500 0.372913 0.002610 0.011132
0 0.563403 0.372449 0.002610 0.010204
0 0.570981 0.371058 0.003132 0.007421
0 0.570980 0.366419 0.003132 0.011132
0 0.558094 0.339518 0.002610 0.009276
0 0.562630 0.349258 0.003132 0.008349
0 0.574896 0.328850 0.002610 0.006494
0 0.600908 0.384508 0.003653 0.013915
0 0.567589 0.305863 0.002610 0.004638
0 0.568894 0.304935 0.002088 0.008349
0 0.570459 0.305863 0.002088 0.008349
0 0.573590 0.319109 0.002088 0.009276
0 0.575408 0.318182 0.001566 0.009276
0 0.573330 0.307978 0.002610 0.005566
0 0.634395 0.329777 0.001566 0.006494
0 0.667797 0.370521 0.002610 0.006494
0 0.788622 0.447124 0.003132 0.009276
0 0.787839 0.445733 0.004697 0.012059
0 0.864562 0.494434 0.003653 0.006698
0 0.931367 0.508813 0.004697 0.008349
0 0.923800 0.552876 0.004075 0.020408
0 0.923800 0.559833 0.008351 0.015770
0 0.958768 0.526902 0.005219 0.014842
0 0.722077 0.960575 0.006785 0.030602
0 0.718424 0.986549 0.009916 0.023191
0 0.728340 0.801688 0.006785 0.035250
0 0.727035 0.623377 0.006263 0.018553
0 0.674061 0.483766 0.004697 0.010204
0 0.660490 0.458720 0.003653 0.015770
0 0.724165 0.361317 0.002610 0.008349
0 0.650357 0.469852 0.004175 0.015770
0 0.797495 0.422542 0.003032 0.012059
0 0.797234 0.408367 0.002610 0.011132
