0 0.453250 0.866667 0.026500 0.085333
0 0.542750 0.843667 0.020500 0.075333
0 0.502000 0.729000 0.020000 0.064667
0 0.530750 0.714333 0.021500 0.068667
0 0.609500 0.659000 0.007000 0.060667
0 0.567000 0.655667 0.008000 0.055333
0 0.757750 0.494667 0.009500 0.048000
0 0.794500 0.488000 0.008000 0.053333
0 0.774500 0.452000 0.004000 0.044000
0 0.863000 0.432667 0.006000 0.049333
0 0.903750 0.377000 0.016500 0.035333
0 0.965250 0.344667 0.003500 0.029333
0 0.984500 0.263667 0.004000 0.030000
0 0.582000 0.597667 0.001000 0.058000
0 0.548500 0.643333 0.007000 0.062667
0 0.482000 0.687333 0.008000 0.060000
0 0.440500 0.729000 0.020000 0.064667
0 0.407750 0.748667 0.027500 0.073333
0 0.369000 0.725333 0.009000 0.065333
0 0.373250 0.406667 0.014500 0.044000
0 0.934250 0.375667 0.001500 0.035333
0 0.323500 0.795667 0.031000 0.075333
0 0.202500 0.609000 0.017000 0.039333
0 0.197500 0.585000 0.021000 0.035333
0 0.175000 0.582667 0.022000 0.036000
0 0.193000 0.572333 0.022000 0.044667
0 0.403250 0.362000 0.010500 0.024000
0 0.420000 0.355667 0.015000 0.026000
0 0.714250 0.469667 0.017500 0.027333
0 0.734250 0.459667 0.013500 0.032667
0 0.662000 0.529333 0.017000 0.046667
0 0.630250 0.695000 0.010500 0.026000
0 0.622000 0.690333 0.014000 0.031333
0 0.839500 0.425333 0.018000 0.034667
0 0.794750 0.416000 0.012500 0.028000
0 0.543500 0.833667 0.018000 0.034000
0 0.636250 0.675333 0.009500 0.065333
0 0.528250 0.665333 0.020500 0.058667
0 0.525500 0.602333 0.015000 0.062000
0 0.504250 0.604333 0.020500 0.063333
0 0.570500 0.569333 0.006000 0.052000
0 0.570500 0.608667 0.007000 0.054667
0 0.489750 0.628333 0.022500 0.048667
0 0.425750 0.687333 0.023500 0.052000
0 0.362250 0.700000 0.007500 0.066667
0 0.405500 0.668667 0.022000 0.060000
0 0.422750 0.668667 0.020500 0.058667
0 0.448250 0.662000 0.027500 0.042667
0 0.460750 0.826667 0.029500 0.070667
0 0.440250 0.808333 0.027500 0.072667
0 0.844500 0.370667 0.004000 0.036000
0 0.869500 0.240333 0.007000 0.024667
