0 0.501000 0.061000 0.009000 0.036667
0 0.533250 0.082000 0.009500 0.042667
0 0.620250 0.326667 0.001500 0.046667
0 0.646250 0.320000 0.012500 0.042000
0 0.480500 0.439667 0.012000 0.039333
0 0.682250 0.544000 0.007500 0.042667
0 0.775500 0.019333 0.011000 0.020000
0 0.778000 0.026667 0.009000 0.029333
0 0.788000 0.020667 0.010000 0.018667
0 0.788500 0.025000 0.009000 0.023333
0 0.945750 0.332667 0.022500 0.049333
0 0.946250 0.028667 0.012500 0.042667
0 0.976000 0.049000 0.004000 0.042000
0 0.963750 0.060333 0.005500 0.039333
0 0.930500 0.068667 0.006000 0.041333
0 0.938250 0.030667 0.021500 0.042667
0 0.922500 0.104000 0.012000 0.028000
0 0.906750 0.131000 0.013500 0.026000
0 0.915000 0.195000 0.018000 0.028667
0 0.946500 0.211000 0.021000 0.031333
0 0.964750 0.308333 0.024500 0.050000
0 0.894500 0.098667 0.017000 0.044000
0 0.888250 0.259667 0.004500 0.044667
0 0.972750 0.021667 0.018500 0.040667
0 0.977000 0.030333 0.020000 0.038000
0 0.989250 0.036000 0.015500 0.040000
0 0.994750 0.031000 0.010500 0.052667
0 0.995750 0.048333 0.008500 0.036667
0 0.993250 0.022000 0.003500 0.037333
