0 0.347043 0.889048 0.012857 0.037143
0 0.360000 0.870905 0.012857 0.031429
0 0.375000 0.860476 0.004286 0.031429
0 0.273571 0.748571 0.017143 0.028571
0 0.302500 0.646667 0.007857 0.028570
0 0.309286 0.642380 0.007143 0.025714
0 0.335000 0.575704 0.007143 0.025714
0 0.407043 0.642381 0.010000 0.031429
0 0.416071 0.554286 0.009286 0.019048
0 0.447143 0.515714 0.005714 0.016190
0 0.477500 0.482380 0.006429 0.018095
0 0.370071 0.454286 0.005000 0.020952
0 0.368204 0.450000 0.005000 0.018095
0 0.362043 0.440952 0.005714 0.019048
0 0.367043 0.439048 0.005714 0.019048
0 0.376070 0.430476 0.006429 0.019048
0 0.460357 0.396090 0.005000 0.019048
0 0.456429 0.394762 0.004286 0.020000
0 0.450704 0.390952 0.005714 0.016190
0 0.447043 0.389524 0.004286 0.019048
0 0.097043 0.777619 0.014286 0.033333
0 0.087043 0.790000 0.017143 0.031429
0 0.500357 0.417619 0.006429 0.020000
0 0.645000 0.469048 0.005704 0.021905
0 0.640071 0.463333 0.010714 0.021905
0 0.508929 0.319048 0.005000 0.015238
0 0.873204 0.518571 0.015000 0.027619
0 0.808571 0.453810 0.008571 0.023810
0 0.842043 0.356190 0.007143 0.019048
0 0.830000 0.353333 0.007043 0.019048
0 0.858204 0.310952 0.006429 0.016190
0 0.843570 0.300952 0.007143 0.015238
0 0.828570 0.300952 0.005714 0.015238
0 0.858929 0.282857 0.005000 0.005238
0 0.924286 0.243333 0.005704 0.012381
0 0.895704 0.236190 0.007143 0.013333
0 0.865000 0.252380 0.004286 0.013333
0 0.850429 0.252381 0.005714 0.013333
0 0.937043 0.227143 0.005714 0.012381
0 0.926786 0.229524 0.006429 0.001429
0 0.806070 0.177143 0.003571 0.009524
0 0.809286 0.077619 0.002857 0.010476
