0 0.658250 0.530333 0.011500 0.028667
0 0.724750 0.617667 0.016500 0.030000
0 0.726750 0.627667 0.015500 0.027333
0 0.615000 0.358333 0.006000 0.015333
0 0.615750 0.361333 0.006500 0.016000
0 0.547250 0.313333 0.004500 0.014667
0 0.585250 0.267333 0.004500 0.009333
0 0.584250 0.242333 0.003500 0.007333
0 0.585750 0.230000 0.002500 0.005333
0 0.585000 0.231333 0.002000 0.005333
0 0.548750 0.242000 0.003500 0.006667
0 0.558750 0.237667 0.002500 0.000000
0 0.560750 0.238000 0.002500 0.008000
0 0.607000 0.190000 0.001000 0.004000
0 0.459750 0.214000 0.002500 0.005333
