0 0.420786 0.694762 0.013571 0.031429
0 0.577500 0.650000 0.000714 0.035238
0 0.585357 0.646667 0.009286 0.034286
0 0.606429 0.642857 0.004286 0.032381
0 0.624643 0.638570 0.012143 0.033333
0 0.586070 0.571905 0.013571 0.037143
0 0.569643 0.553333 0.009286 0.034286
0 0.554286 0.560429 0.011429 0.027619
0 0.526786 0.520000 0.000714 0.036190
0 0.545000 0.528570 0.011429 0.030476
0 0.550357 0.504286 0.010714 0.030476
0 0.507500 0.483800 0.009286 0.030476
0 0.495357 0.470476 0.009286 0.032380
0 0.480357 0.460905 0.009286 0.028571
0 0.464286 0.475238 0.001429 0.028571
0 0.452500 0.456667 0.009286 0.033333
0 0.467043 0.417143 0.008571 0.030476
0 0.429643 0.377043 0.007857 0.026667
0 0.405714 0.372381 0.011429 0.028571
0 0.400704 0.346667 0.007143 0.024762
0 0.406786 0.350476 0.007857 0.026667
0 0.523929 0.275704 0.006429 0.023810
0 0.506786 0.273810 0.006429 0.023810
0 0.522857 0.263800 0.005714 0.019048
0 0.509286 0.268095 0.005704 0.021905
0 0.504286 0.261905 0.005714 0.019048
0 0.527043 0.203333 0.005714 0.020000
0 0.520071 0.203810 0.005000 0.019048
0 0.496070 0.159048 0.006429 0.017143
0 0.490357 0.058095 0.005000 0.015238
0 0.488929 0.054286 0.005000 0.015238
0 0.485000 0.050952 0.005714 0.016190
0 0.480071 0.152857 0.006429 0.014286
0 0.480000 0.049524 0.005714 0.015238
0 0.475000 0.047143 0.005714 0.016190
0 0.505357 0.048571 0.005000 0.015238
0 0.503570 0.141905 0.005714 0.013333
0 0.506786 0.180476 0.005000 0.014286
0 0.503929 0.179524 0.005000 0.014286
0 0.537857 0.070000 0.005714 0.014286
0 0.542857 0.069524 0.005714 0.015238
0 0.435000 0.086667 0.005714 0.015238
0 0.437043 0.185714 0.005714 0.015238
0 0.442857 0.067619 0.005714 0.017143
0 0.450429 0.164286 0.007143 0.018095
0 0.450000 0.041905 0.005714 0.017143
0 0.400000 0.046190 0.005714 0.016190
0 0.373570 0.129048 0.005714 0.016190
0 0.386070 0.131429 0.003571 0.013333
0 0.384286 0.030476 0.004286 0.013333
0 0.404286 0.000476 0.005714 0.014286
0 0.442857 0.113810 0.004286 0.012381
0 0.466429 0.015238 0.004286 0.015238
0 0.453204 0.111429 0.003571 0.015238
0 0.450357 0.014286 0.005000 0.013333
0 0.269643 0.323800 0.009286 0.024762
0 0.232857 0.320905 0.008571 0.020952
0 0.088214 0.327619 0.010714 0.020952
0 0.089643 0.323333 0.010714 0.020000
0 0.229286 0.253333 0.007043 0.019048
0 0.270704 0.224762 0.005714 0.020952
0 0.276070 0.224286 0.006429 0.020000
0 0.282043 0.228571 0.005714 0.019048
0 0.286429 0.228095 0.007043 0.020000
0 0.044286 0.141905 0.005714 0.015238
0 0.075357 0.072381 0.005000 0.011429
0 0.077857 0.071429 0.004286 0.011429
0 0.081786 0.061905 0.005000 0.013333
0 0.083929 0.060476 0.005000 0.012381
0 0.055714 0.055714 0.004286 0.010476
0 0.099643 0.042381 0.005000 0.010476
0 0.204643 0.040905 0.005000 0.011429
0 0.019643 0.020000 0.005000 0.009524
0 0.353571 0.331905 0.007143 0.016190
0 0.354286 0.333810 0.007143 0.014286
0 0.659643 0.323333 0.000714 0.021905
0 0.809643 0.375238 0.000714 0.019048
0 0.820000 0.373333 0.000000 0.024762
0 0.827500 0.383333 0.000714 0.023810
