0 0.450704 0.479048 0.008571 0.011429
0 0.438570 0.481429 0.007143 0.016190
0 0.470429 0.465714 0.005714 0.017143
0 0.473929 0.450952 0.009286 0.014286
0 0.480357 0.450476 0.009286 0.013333
0 0.392857 0.460000 0.007043 0.013333
0 0.230429 0.460476 0.010000 0.014286
0 0.209643 0.460476 0.009286 0.018095
0 0.203571 0.462857 0.008571 0.019048
0 0.099286 0.425238 0.011429 0.014286
0 0.063571 0.401429 0.011429 0.018095
0 0.017857 0.368571 0.010000 0.013333
0 0.001071 0.332857 0.012143 0.012381
0 0.005357 0.326190 0.007857 0.012381
