0 0.030250 0.238667 0.004500 0.012000
0 0.900500 0.444000 0.008000 0.014667
0 0.871000 0.454000 0.008000 0.013333
0 0.854750 0.450000 0.006500 0.014667
0 0.858000 0.454000 0.006000 0.013333
0 0.683500 0.449333 0.006000 0.010667
0 0.637250 0.459333 0.003500 0.006000
0 0.619750 0.461667 0.006500 0.012667
0 0.514750 0.463667 0.004500 0.015333
0 0.546250 0.486000 0.006500 0.013333
0 0.578250 0.480667 0.008500 0.018667
0 0.606250 0.470333 0.004500 0.007333
0 0.392250 0.479000 0.005500 0.020667
0 0.362250 0.470333 0.005500 0.006667
0 0.143000 0.494000 0.006000 0.016000
0 0.155250 0.471333 0.004500 0.013333
0 0.063750 0.502667 0.006500 0.013333
0 0.065250 0.493667 0.007500 0.012667
0 0.907500 0.386333 0.004000 0.015333
0 0.430750 0.588333 0.005500 0.015333
0 0.448250 0.619333 0.006500 0.016000
0 0.631000 0.673667 0.006000 0.016667
0 0.690250 0.667667 0.009500 0.019333
0 0.779750 0.663000 0.009500 0.016667
0 0.809000 0.665333 0.008000 0.016000
0 0.829000 0.655333 0.011000 0.017333
0 0.951250 0.648667 0.007500 0.014667
0 0.975750 0.671333 0.010500 0.016000
0 0.228000 0.686667 0.010000 0.017333
0 0.250500 0.700000 0.008000 0.017333
0 0.312750 0.677667 0.009500 0.016667
0 0.383750 0.752000 0.007500 0.022667
0 0.419250 0.744667 0.007500 0.025333
0 0.413250 0.725000 0.009500 0.019333
0 0.411500 0.708333 0.010000 0.014000
0 0.507500 0.789667 0.006000 0.020667
0 0.568250 0.844000 0.008500 0.026667
0 0.404250 0.886000 0.008500 0.018667
0 0.365500 0.973333 0.007000 0.026667
0 0.377250 0.973333 0.009500 0.029333
0 0.409250 0.996000 0.009500 0.008000
0 0.589750 0.938667 0.000500 0.026667
0 0.274000 0.773333 0.002000 0.022667
