0 0.662143 0.898095 0.018571 0.038095
0 0.656071 0.889048 0.013571 0.040952
0 0.535357 0.799524 0.002143 0.031429
0 0.543204 0.793810 0.007857 0.031429
0 0.553929 0.786090 0.007857 0.031429
0 0.607043 0.671429 0.008571 0.032381
0 0.603571 0.670000 0.007143 0.027619
0 0.425000 0.669048 0.002857 0.029524
0 0.486070 0.386190 0.006429 0.023810
0 0.493929 0.385238 0.007857 0.023800
0 0.498570 0.393333 0.007143 0.024762
0 0.400714 0.303810 0.004286 0.009524
0 0.400714 0.300952 0.004286 0.013333
0 0.463570 0.300476 0.007143 0.020000
0 0.468570 0.298095 0.005714 0.020952
0 0.473929 0.300476 0.005000 0.025704
0 0.460704 0.288095 0.005714 0.018095
0 0.465000 0.285238 0.004286 0.004286
0 0.465000 0.270000 0.005704 0.020000
0 0.459286 0.273333 0.004286 0.020952
0 0.405357 0.072857 0.005000 0.016190
0 0.409643 0.071429 0.005000 0.017143
0 0.386070 0.179524 0.005000 0.018095
0 0.380786 0.181429 0.005000 0.018095
0 0.373929 0.083810 0.005000 0.017143
0 0.377043 0.180000 0.004286 0.017143
0 0.400429 0.148571 0.005714 0.015238
0 0.402857 0.110952 0.004286 0.012381
0 0.407143 0.110476 0.004286 0.013333
0 0.420704 0.109048 0.004286 0.014286
0 0.423570 0.109524 0.004286 0.013333
0 0.447043 0.098571 0.002857 0.012381
0 0.449286 0.098570 0.004286 0.014286
0 0.452500 0.095704 0.003571 0.014286
0 0.455357 0.095704 0.003571 0.014286
