0 0.453570 0.348095 0.007143 0.008571
0 0.448570 0.347619 0.004286 0.007619
0 0.439286 0.344762 0.005704 0.007619
0 0.463571 0.367619 0.004286 0.007619
0 0.389643 0.452381 0.006429 0.007619
0 0.392143 0.412857 0.007143 0.010476
0 0.601786 0.419524 0.006429 0.008571
0 0.559643 0.444286 0.005000 0.008570
0 0.555357 0.443333 0.005000 0.008570
0 0.386786 0.728095 0.006429 0.000476
0 0.340704 0.825714 0.011429 0.011429
0 0.540071 0.115238 0.005000 0.015238
0 0.602500 0.100476 0.005000 0.014286
0 0.302857 0.153810 0.007143 0.014286
0 0.401071 0.036190 0.006429 0.009524
0 0.777857 0.550476 0.008570 0.007619
0 0.569286 0.836667 0.007043 0.008571
