0 0.672500 0.885238 0.006429 0.039048
0 0.647500 0.870000 0.007857 0.044762
0 0.626786 0.869524 0.007857 0.038095
0 0.588570 0.561905 0.011429 0.030476
0 0.577857 0.555704 0.010000 0.033333
0 0.567857 0.558570 0.010000 0.033333
0 0.509643 0.487619 0.007857 0.024762
0 0.524286 0.488095 0.005704 0.025714
0 0.507857 0.403333 0.007043 0.021905
0 0.508929 0.407619 0.005000 0.020952
0 0.524286 0.406667 0.008570 0.024762
0 0.466070 0.301429 0.005000 0.018095
0 0.476429 0.298095 0.005704 0.019048
0 0.482500 0.300952 0.006429 0.009048
0 0.500000 0.274286 0.004286 0.007143
0 0.503204 0.274286 0.005000 0.019048
0 0.504286 0.269048 0.004286 0.006190
0 0.507043 0.268571 0.004286 0.017143
0 0.458929 0.259048 0.005000 0.015238
0 0.467143 0.252857 0.004286 0.014286
0 0.464643 0.251905 0.005000 0.014286
0 0.432857 0.243333 0.005704 0.018095
0 0.425704 0.243333 0.005714 0.018095
0 0.409286 0.241905 0.002857 0.017143
0 0.406429 0.244762 0.005714 0.017143
0 0.401786 0.240000 0.005000 0.015238
0 0.399286 0.228570 0.004286 0.015238
0 0.401786 0.180952 0.005000 0.011429
0 0.372857 0.148095 0.004286 0.008571
0 0.377043 0.145238 0.004286 0.012381
0 0.350357 0.017619 0.003571 0.010476
0 0.354286 0.022857 0.004286 0.013333
0 0.352043 0.113333 0.004286 0.013333
0 0.333570 0.140952 0.004286 0.013333
0 0.330071 0.141905 0.003571 0.013333
0 0.328204 0.140952 0.003571 0.013333
0 0.325704 0.140476 0.004286 0.012381
0 0.322857 0.040476 0.004286 0.012381
0 0.328204 0.125714 0.003571 0.011429
0 0.557043 0.240476 0.002857 0.012381
0 0.560357 0.240952 0.005000 0.003333
0 0.686429 0.205704 0.004286 0.015238
0 0.855000 0.097609 0.004286 0.012381
0 0.848929 0.096090 0.005000 0.011429
0 0.828570 0.080476 0.004286 0.008571
