0 0.046786 0.599524 0.030704 0.080952
0 0.225357 0.537609 0.023571 0.073333
0 0.489643 0.560000 0.007857 0.068571
0 0.465357 0.588570 0.023571 0.085714
0 0.425357 0.588095 0.029286 0.073333
0 0.304643 0.520905 0.019286 0.064762
0 0.286070 0.516667 0.020714 0.063810
0 0.270357 0.543333 0.009286 0.065714
0 0.270357 0.530000 0.009286 0.067619
0 0.253204 0.505714 0.026429 0.064762
0 0.222857 0.498570 0.015714 0.046667
0 0.229643 0.498095 0.007857 0.060952
0 0.295704 0.374762 0.008571 0.033333
0 0.300704 0.379524 0.010000 0.037143
0 0.152143 0.497619 0.034286 0.040952
0 0.335000 0.365238 0.017143 0.023810
0 0.398214 0.622857 0.032143 0.055238
0 0.406071 0.645238 0.042143 0.039048
0 0.684643 0.580429 0.020714 0.075238
0 0.683570 0.569048 0.017143 0.080952
