0 0.043204 0.164286 0.019286 0.025714
0 0.007043 0.207619 0.014286 0.019048
0 0.025000 0.200905 0.015714 0.022857
0 0.002857 0.193333 0.018571 0.026667
0 0.033204 0.194762 0.017857 0.021905
0 0.037043 0.220952 0.014286 0.020952
0 0.050071 0.216667 0.013571 0.023810
0 0.123571 0.199048 0.015714 0.019048
0 0.015714 0.190000 0.011429 0.025714
0 0.205357 0.079048 0.016429 0.024762
0 0.206071 0.185714 0.012143 0.020952
0 0.077500 0.212857 0.013571 0.021905
0 0.052143 0.239048 0.017143 0.022857
0 0.070704 0.398571 0.021429 0.021905
0 0.060071 0.410000 0.019286 0.020000
0 0.063929 0.415238 0.016429 0.022857
0 0.066071 0.370000 0.013571 0.021905
0 0.030000 0.497619 0.017143 0.016190
0 0.281429 0.211905 0.012857 0.018095
0 0.486786 0.209048 0.009286 0.022857
0 0.502043 0.222857 0.007143 0.020952
0 0.496429 0.203333 0.008571 0.020952
0 0.510000 0.265238 0.008571 0.018095
0 0.539643 0.420476 0.010714 0.012381
0 0.230714 0.931429 0.015714 0.019048
