0 0.234500 0.040333 0.017000 0.025333
0 0.288750 0.002333 0.012500 0.022000
0 0.466500 0.488333 0.009000 0.014000
0 0.518000 0.733000 0.008000 0.015333
0 0.518750 0.742333 0.006500 0.012667
0 0.663500 0.327333 0.001000 0.010667
0 0.943750 0.113000 0.014500 0.010000
0 0.958000 0.095667 0.009000 0.018000
0 0.987250 0.032000 0.022500 0.016000
0 0.899000 0.240333 0.008000 0.012667
0 0.975000 0.274667 0.004000 0.008000
0 0.977000 0.279667 0.007000 0.012667
0 0.949500 0.307000 0.021000 0.012667
0 0.965500 0.303667 0.019000 0.011333
0 0.987750 0.337667 0.010500 0.008667
0 0.940500 0.307667 0.008000 0.006000
0 0.929250 0.476667 0.007500 0.009333
0 0.940750 0.477333 0.006500 0.012000
0 0.767500 0.342000 0.003000 0.012000
0 0.782250 0.308667 0.008500 0.008000
0 0.834250 0.608667 0.019500 0.010667
