0 0.269750 0.777667 0.018500 0.051333
0 0.309250 0.540000 0.001500 0.042667
0 0.372750 0.222000 0.005500 0.018667
0 0.371250 0.210000 0.005500 0.016000
0 0.386750 0.163667 0.005500 0.012667
0 0.383500 0.138667 0.005000 0.017333
0 0.394000 0.139333 0.005000 0.016000
0 0.404750 0.137333 0.004500 0.016000
0 0.396500 0.089667 0.003000 0.012667
0 0.402250 0.088667 0.004500 0.014667
0 0.398250 0.078000 0.003500 0.013333
0 0.404250 0.078000 0.003500 0.013333
0 0.335250 0.072333 0.002500 0.004000
0 0.338000 0.072333 0.003000 0.004000
0 0.402250 0.027667 0.003500 0.008667
0 0.415500 0.019000 0.003000 0.007333
0 0.519500 0.010667 0.003000 0.010667
0 0.531500 0.009333 0.003000 0.004000
0 0.706000 0.414000 0.012000 0.025333
0 0.749500 0.413667 0.013000 0.028667
