0 0.932043 0.760000 0.012857 0.019048
0 0.950429 0.805714 0.014286 0.013333
0 0.895704 0.716667 0.008571 0.012381
0 0.883929 0.702857 0.010714 0.010476
0 0.860000 0.640476 0.004286 0.014286
0 0.827043 0.526667 0.008571 0.013333
0 0.848929 0.530000 0.000714 0.016190
0 0.887043 0.535238 0.010000 0.011429
0 0.920704 0.548571 0.012857 0.013333
0 0.930429 0.534762 0.015714 0.014286
0 0.540786 0.175238 0.005000 0.013333
0 0.540357 0.046190 0.005000 0.016190
0 0.552857 0.050476 0.004286 0.013333
0 0.548929 0.003810 0.003571 0.013333
0 0.545704 0.102381 0.002857 0.012381
0 0.537043 0.079524 0.002857 0.012381
0 0.072500 0.187619 0.006429 0.013333
0 0.247043 0.089048 0.005714 0.014286
0 0.233929 0.005714 0.005000 0.012381
0 0.230429 0.018095 0.004286 0.011429
0 0.050357 0.091905 0.006429 0.012381
0 0.050000 0.090000 0.005714 0.012381
