0 0.018929 0.155714 0.019286 0.033333
0 0.152143 0.649524 0.027143 0.028571
0 0.457857 0.646190 0.014286 0.029524
0 0.453214 0.608571 0.015000 0.022857
0 0.432500 0.350000 0.010714 0.020000
0 0.552500 0.434762 0.005000 0.023810
0 0.505357 0.420476 0.010714 0.029524
0 0.525357 0.394286 0.007857 0.034286
0 0.498570 0.466190 0.012857 0.023810
0 0.497500 0.442380 0.013571 0.029524
0 0.452500 0.408095 0.010714 0.024762
0 0.430429 0.490000 0.015714 0.016190
0 0.492043 0.583333 0.010000 0.025714
0 0.540704 0.584762 0.007143 0.020952
0 0.487857 0.555704 0.008571 0.029524
0 0.486429 0.528095 0.001429 0.021905
0 0.568204 0.535238 0.012143 0.026667
0 0.557143 0.567143 0.010000 0.027619
0 0.481786 0.436667 0.015000 0.027619
0 0.499286 0.657043 0.020000 0.024762
0 0.633570 0.358095 0.015714 0.030476
0 0.650704 0.360000 0.012857 0.026667
0 0.640704 0.308095 0.012857 0.027619
0 0.838929 0.408095 0.007857 0.029524
0 0.687857 0.060476 0.000000 0.027619
