0 0.046071 0.710952 0.013571 0.012381
0 0.012500 0.803810 0.017857 0.011429
0 0.055357 0.679048 0.002143 0.013333
0 0.008214 0.666667 0.010714 0.013333
0 0.699286 0.757609 0.011429 0.018095
0 0.687143 0.512857 0.008571 0.016190
0 0.687857 0.523333 0.011429 0.016190
0 0.656429 0.371429 0.008571 0.017143
0 0.570357 0.359524 0.007857 0.012381
0 0.900000 0.536090 0.015714 0.019048
0 0.567857 0.368095 0.008570 0.010476
0 0.045714 0.271905 0.011429 0.018095
0 0.043929 0.120476 0.010714 0.016190
0 0.041786 0.140952 0.007857 0.011429
0 0.435704 0.286190 0.005714 0.012381
0 0.333570 0.309524 0.002857 0.015238
0 0.472043 0.293333 0.007143 0.015238
0 0.497500 0.301429 0.007857 0.014286
0 0.576429 0.237619 0.007143 0.018095
0 0.457043 0.302381 0.005714 0.016190
0 0.446786 0.300905 0.006429 0.011429
0 0.495000 0.258571 0.005714 0.018095
0 0.497500 0.255238 0.005000 0.015238
0 0.524286 0.234286 0.004286 0.003333
0 0.624643 0.324762 0.006429 0.019048
0 0.508214 0.179048 0.006429 0.019048
0 0.925000 0.306190 0.012857 0.019048
0 0.907857 0.305238 0.011429 0.018095
0 0.758204 0.192857 0.009286 0.020000
0 0.749643 0.214286 0.006429 0.015238
0 0.746786 0.213333 0.006429 0.017143
0 0.606786 0.113810 0.006429 0.018095
0 0.646786 0.040000 0.006429 0.005238
0 0.650000 0.040952 0.005704 0.017143
0 0.610714 0.065238 0.004286 0.014286
0 0.605000 0.071905 0.004286 0.014286
0 0.682143 0.031429 0.005714 0.017143
0 0.602500 0.005238 0.006429 0.010476
0 0.895357 0.060000 0.009286 0.020952
0 0.934286 0.082857 0.010000 0.015238
0 0.922043 0.158571 0.011429 0.021905
