0 0.309643 0.012857 0.003571 0.008571
0 0.364286 0.090905 0.002857 0.008571
0 0.356070 0.147619 0.003571 0.009524
0 0.377500 0.239524 0.003570 0.010476
0 0.380429 0.176667 0.002857 0.006667
0 0.200357 0.217143 0.003571 0.009524
0 0.223570 0.216667 0.005714 0.010476
0 0.252043 0.263810 0.002857 0.007619
0 0.243204 0.275238 0.003571 0.009524
0 0.008204 0.362857 0.005000 0.007619
0 0.002857 0.308571 0.005714 0.010476
0 0.034286 0.304762 0.004286 0.005704
0 0.048571 0.390476 0.004286 0.007619
0 0.035000 0.396190 0.005714 0.007619
0 0.404643 0.386667 0.010714 0.022857
0 0.278570 0.718095 0.007143 0.011429
0 0.338570 0.690000 0.004286 0.008571
0 0.091786 0.783810 0.005000 0.007619
0 0.088571 0.792381 0.005714 0.005714
0 0.695704 0.745714 0.002857 0.007619
0 0.679643 0.754762 0.005000 0.008570
0 0.708929 0.708570 0.003571 0.005714
0 0.726429 0.669524 0.005704 0.007619
0 0.745704 0.737143 0.002857 0.007619
0 0.730000 0.682857 0.004286 0.005704
0 0.661071 0.891905 0.005000 0.010476
0 0.727143 0.691905 0.007143 0.008571
0 0.667043 0.610000 0.004286 0.008571
0 0.669643 0.600476 0.003571 0.007619
0 0.550429 0.054762 0.004286 0.008571
0 0.557043 0.299524 0.002857 0.008571
0 0.871429 0.980476 0.005714 0.008571
0 0.879643 0.952857 0.006429 0.006667
0 0.994286 0.817143 0.004286 0.005714
0 0.972857 0.736667 0.007043 0.010476
0 0.982043 0.590476 0.004286 0.009524
0 0.994286 0.603810 0.005714 0.008571
0 0.990357 0.623333 0.005000 0.006667
0 0.987500 0.630000 0.003570 0.006667
0 0.967500 0.601905 0.005000 0.010476
0 0.973204 0.618095 0.003571 0.007619
0 0.976429 0.625238 0.007043 0.010476
0 0.872857 0.662380 0.004286 0.010476
0 0.867043 0.657143 0.005714 0.009524
0 0.863571 0.647143 0.004286 0.006667
0 0.908570 0.573810 0.004286 0.010476
0 0.867500 0.490000 0.002043 0.008571
0 0.874286 0.486090 0.002857 0.008571
0 0.593570 0.461905 0.005714 0.009524
0 0.580000 0.434762 0.004286 0.008570
0 0.699643 0.227609 0.003571 0.011429
0 0.703214 0.217619 0.003571 0.006667
0 0.724286 0.232857 0.002857 0.000476
0 0.729286 0.201905 0.002857 0.010476
