0 0.452500 0.864762 0.022043 0.070476
0 0.889643 0.730000 0.026429 0.035238
0 0.900000 0.699048 0.017143 0.040000
0 0.780429 0.569048 0.021429 0.063810
0 0.582857 0.418095 0.011429 0.030476
0 0.560071 0.337143 0.010714 0.038095
0 0.534286 0.382380 0.010000 0.035238
0 0.545357 0.460952 0.000714 0.045714
0 0.533929 0.478570 0.013571 0.040952
0 0.536429 0.459524 0.008570 0.044762
0 0.522857 0.476090 0.011429 0.043810
0 0.522857 0.455704 0.011429 0.042857
0 0.500429 0.456190 0.012857 0.041905
0 0.272857 0.576667 0.025704 0.056190
0 0.322500 0.560952 0.025000 0.055238
0 0.304286 0.547143 0.024286 0.050476
0 0.373204 0.535238 0.017857 0.053333
0 0.390429 0.553810 0.021429 0.052381
0 0.387043 0.536667 0.014286 0.044762
0 0.436429 0.540000 0.002857 0.053333
0 0.426429 0.523333 0.002857 0.048571
0 0.406786 0.513333 0.010714 0.045714
0 0.435704 0.527619 0.014286 0.047619
0 0.480704 0.515714 0.012857 0.042857
0 0.474286 0.493333 0.001429 0.047619
0 0.485704 0.496667 0.014286 0.048571
0 0.496786 0.524286 0.022043 0.050476
0 0.501786 0.510000 0.010714 0.046667
0 0.500429 0.501905 0.012857 0.049524
0 0.502500 0.434286 0.003571 0.038095
0 0.504643 0.419048 0.010714 0.043810
0 0.525000 0.408571 0.011429 0.042857
0 0.500000 0.403333 0.011429 0.040000
0 0.490071 0.403333 0.010714 0.040952
0 0.484643 0.362380 0.009286 0.037143
0 0.503929 0.376667 0.000714 0.040952
0 0.506786 0.378095 0.013571 0.036190
0 0.494286 0.363800 0.011429 0.040000
0 0.509643 0.300476 0.007857 0.030476
0 0.520704 0.310952 0.008571 0.031429
0 0.526070 0.307143 0.006429 0.029524
0 0.536070 0.284286 0.007857 0.027619
0 0.520000 0.262857 0.005704 0.024762
0 0.543929 0.270952 0.006429 0.023800
0 0.550357 0.270905 0.006429 0.029524
0 0.536070 0.254762 0.006429 0.023810
0 0.540786 0.253333 0.006429 0.024762
0 0.528570 0.246667 0.005714 0.022857
0 0.534286 0.244286 0.005704 0.025714
0 0.507857 0.255238 0.005714 0.024762
0 0.503214 0.240952 0.003571 0.024762
0 0.507857 0.240476 0.005714 0.021905
0 0.484643 0.074286 0.003571 0.015238
0 0.808214 0.240952 0.006429 0.020952
0 0.823929 0.240905 0.006429 0.022857
0 0.828570 0.244762 0.007143 0.020952
0 0.833929 0.244286 0.006429 0.020905
0 0.867500 0.232380 0.006429 0.020952
0 0.872857 0.235238 0.007043 0.019048
0 0.953204 0.240952 0.009286 0.017143
