0 0.308929 0.894762 0.015000 0.025714
0 0.330429 0.822381 0.012857 0.027619
0 0.947143 0.799048 0.014286 0.038095
0 0.836071 0.776190 0.012143 0.022857
0 0.752143 0.747143 0.012857 0.035238
0 0.768929 0.615238 0.010714 0.020952
0 0.596429 0.202381 0.002857 0.007619
0 0.832043 0.520476 0.012857 0.021905
0 0.840071 0.526190 0.007857 0.016190
0 0.849643 0.526090 0.006429 0.018095
0 0.860000 0.508095 0.007043 0.018095
0 0.868929 0.500000 0.006429 0.020000
0 0.848571 0.555714 0.005714 0.018095
0 0.854643 0.557619 0.005000 0.020000
0 0.921786 0.561905 0.006429 0.020952
0 0.928214 0.560952 0.005000 0.015238
0 0.370071 0.547619 0.009286 0.022857
0 0.423570 0.548571 0.010000 0.026667
0 0.408929 0.521429 0.007857 0.016190
0 0.515357 0.528095 0.009286 0.018095
0 0.469286 0.509524 0.008571 0.024762
0 0.474286 0.554286 0.010000 0.028571
