0 0.608929 0.773810 0.012143 0.018095
0 0.578214 0.738095 0.016429 0.015238
0 0.860000 0.640476 0.014286 0.014286
0 0.440429 0.573333 0.014286 0.015238
0 0.822143 0.849524 0.015714 0.017143
0 0.638929 0.394762 0.012143 0.014286
0 0.665714 0.215238 0.008571 0.011429
0 0.323929 0.048571 0.009286 0.015238
0 0.364643 0.025714 0.010714 0.015238
0 0.807500 0.408571 0.010714 0.015238
0 0.846071 0.403333 0.012143 0.016190
0 0.775000 0.090952 0.014286 0.021905
0 0.803204 0.115714 0.013571 0.021905
0 0.797500 0.003810 0.012143 0.026667
0 0.806429 0.076667 0.002857 0.023810
0 0.823929 0.076090 0.013571 0.024762
0 0.851071 0.054286 0.010714 0.020952
0 0.840071 0.188095 0.012143 0.021905
0 0.962043 0.289048 0.018571 0.020000
0 0.963571 0.268095 0.015714 0.014286
