0 0.258204 0.023810 0.010714 0.024762
0 0.260786 0.146667 0.009286 0.026667
0 0.232043 0.287619 0.014286 0.028571
0 0.239643 0.280952 0.009286 0.017143
0 0.234643 0.309524 0.013571 0.021905
0 0.242500 0.320000 0.002143 0.019048
0 0.342500 0.300476 0.009286 0.025704
0 0.335000 0.296090 0.011429 0.020952
0 0.302857 0.007619 0.008571 0.015238
0 0.326786 0.000952 0.007857 0.021905
0 0.345357 0.145714 0.009286 0.020952
0 0.497500 0.030000 0.007857 0.025704
0 0.486429 0.070952 0.005704 0.021905
0 0.445000 0.066667 0.007043 0.022857
0 0.452857 0.070905 0.007143 0.020000
0 0.509286 0.122381 0.007143 0.025714
0 0.470786 0.178095 0.007857 0.024762
0 0.373214 0.178571 0.007857 0.018095
0 0.602043 0.413333 0.011429 0.019048
0 0.395357 0.500000 0.007857 0.007143
0 0.398929 0.514762 0.006429 0.010476
0 0.400000 0.604286 0.011429 0.021905
0 0.452043 0.588571 0.007143 0.017143
0 0.448929 0.609524 0.006429 0.005238
0 0.526071 0.539048 0.006429 0.024762
0 0.520357 0.540476 0.007857 0.020000
0 0.460000 0.616190 0.008571 0.017143
0 0.568204 0.606667 0.010714 0.020952
0 0.572043 0.710476 0.012857 0.020952
0 0.552500 0.732380 0.007857 0.015238
0 0.556070 0.762381 0.012143 0.012381
0 0.624643 0.827143 0.013571 0.014286
0 0.603570 0.850476 0.014286 0.013333
0 0.501786 0.824762 0.015000 0.020952
0 0.485000 0.902380 0.011429 0.016190
0 0.476786 0.922380 0.012143 0.020000
0 0.247500 0.340952 0.002143 0.020952
0 0.232043 0.361429 0.012857 0.021905
0 0.266786 0.382380 0.010714 0.020000
0 0.325704 0.381429 0.008571 0.020000
0 0.306071 0.442857 0.012143 0.024762
0 0.306786 0.434286 0.002143 0.022857
0 0.345000 0.513810 0.010000 0.016190
0 0.507500 0.985704 0.009286 0.013333
0 0.440714 0.940000 0.018571 0.013333
0 0.202857 0.464762 0.012857 0.028571
