0 0.076786 0.410476 0.009286 0.024762
0 0.076429 0.403810 0.011429 0.024762
0 0.340357 0.306667 0.005000 0.018095
0 0.350704 0.315714 0.004286 0.018095
0 0.360357 0.304286 0.003571 0.017143
0 0.359286 0.300476 0.002857 0.017143
0 0.303929 0.319048 0.005000 0.013333
0 0.240357 0.638571 0.013571 0.021905
0 0.252857 0.648095 0.014286 0.014286
0 0.394643 0.377609 0.010714 0.023810
0 0.543929 0.307619 0.007857 0.027619
0 0.564286 0.368095 0.005704 0.025714
0 0.576429 0.370476 0.007043 0.024762
0 0.408214 0.327619 0.005000 0.011429
0 0.421786 0.313810 0.006429 0.020000
0 0.453571 0.324762 0.005714 0.017143
0 0.464643 0.325714 0.006429 0.019048
0 0.491786 0.311429 0.005000 0.019048
0 0.584643 0.268570 0.005000 0.022857
0 0.579286 0.268570 0.004286 0.017143
0 0.705000 0.475714 0.008571 0.027619
0 0.823929 0.207619 0.006429 0.018095
0 0.820000 0.204286 0.007143 0.019048
0 0.806071 0.117619 0.005000 0.008571
