0 0.966429 0.229524 0.024286 0.040000
0 0.825357 0.801905 0.077857 0.187619
0 0.348570 0.427143 0.017143 0.046667
0 0.560786 0.612381 0.022143 0.055238
0 0.496070 0.537619 0.022143 0.065714
0 0.473570 0.547143 0.021429 0.052381
0 0.569643 0.405714 0.022143 0.048571
0 0.553204 0.320952 0.012143 0.049524
0 0.529643 0.334762 0.005000 0.039048
0 0.504643 0.336190 0.017857 0.045714
0 0.555000 0.065238 0.014286 0.037143
0 0.540000 0.062857 0.012857 0.038095
0 0.566070 0.105714 0.010714 0.040000
0 0.575704 0.027143 0.007143 0.027619
0 0.567857 0.024762 0.008570 0.030476
