0 0.464000 0.704667 0.008000 0.026667
0 0.464750 0.689000 0.002500 0.039333
0 0.639000 0.672000 0.003000 0.045333
0 0.637250 0.527000 0.003500 0.040667
0 0.503500 0.568000 0.012000 0.034667
0 0.508250 0.554333 0.003500 0.034000
0 0.595250 0.534333 0.005500 0.018000
0 0.590250 0.523667 0.008500 0.024667
0 0.590750 0.503000 0.008500 0.032667
0 0.509250 0.507333 0.008500 0.037333
0 0.503750 0.467333 0.004500 0.013333
0 0.503000 0.455667 0.006000 0.032667
0 0.506750 0.447000 0.007500 0.032667
0 0.508000 0.439667 0.008000 0.032667
0 0.512750 0.441000 0.006500 0.022000
0 0.466750 0.390667 0.005500 0.028000
0 0.484250 0.392667 0.005500 0.029333
0 0.481750 0.391667 0.008500 0.015333
0 0.560750 0.358333 0.008500 0.027333
0 0.523750 0.340667 0.008500 0.025333
0 0.507000 0.294667 0.005000 0.021333
0 0.505750 0.288667 0.007500 0.021333
0 0.467250 0.258667 0.005500 0.016000
0 0.460250 0.243000 0.005500 0.008000
0 0.407000 0.242000 0.006000 0.018667
0 0.401000 0.241333 0.005000 0.018667
0 0.400000 0.263000 0.005000 0.016667
0 0.487250 0.208000 0.005500 0.006000
0 0.490500 0.209333 0.004000 0.016000
0 0.477000 0.075000 0.003000 0.012667
0 0.450000 0.193000 0.004000 0.012667
0 0.454000 0.190000 0.003000 0.010667
0 0.447250 0.096667 0.003500 0.013333
0 0.466500 0.052000 0.003000 0.012000
0 0.468000 0.055333 0.002000 0.005333
0 0.980750 0.895333 0.032500 0.048000
0 0.980250 0.874667 0.035500 0.057333
