0 0.320000 0.077401 0.004286 0.012690
0 0.089286 0.238579 0.005714 0.020305
0 0.035000 0.696066 0.001429 0.016497
0 0.703929 0.954315 0.007857 0.017766
0 0.722857 0.936548 0.005704 0.022843
0 0.701071 0.933376 0.006429 0.016497
0 0.688204 0.919416 0.006429 0.019036
0 0.700071 0.891497 0.010714 0.026650
0 0.735704 0.918147 0.007143 0.016497
0 0.630000 0.705736 0.010000 0.022843
0 0.613929 0.648477 0.006429 0.015228
0 0.597043 0.598350 0.005714 0.021574
0 0.702500 0.638325 0.006429 0.025380
0 0.735704 0.643401 0.007143 0.025381
0 0.650000 0.557740 0.005714 0.019036
0 0.703929 0.502538 0.005000 0.022843
0 0.702500 0.477792 0.005000 0.024012
0 0.608214 0.386421 0.006429 0.013959
0 0.604286 0.393400 0.007143 0.015228
0 0.582857 0.344543 0.005704 0.011421
0 0.670357 0.400650 0.006429 0.016497
0 0.656070 0.336929 0.009286 0.019036
0 0.608929 0.255701 0.006429 0.013959
0 0.597500 0.253073 0.007857 0.026650
0 0.657857 0.090990 0.010000 0.021574
0 0.653929 0.045939 0.005000 0.015228
0 0.655000 0.011675 0.005714 0.015228
0 0.650429 0.097716 0.005714 0.015228
0 0.647857 0.072970 0.005704 0.016497
0 0.637857 0.062807 0.005714 0.013959
0 0.587500 0.065990 0.005000 0.005228
0 0.582857 0.060904 0.004286 0.020305
0 0.606786 0.034264 0.006429 0.022843
0 0.643570 0.045051 0.005714 0.016497
0 0.306429 0.078680 0.004286 0.012690
0 0.673204 0.237944 0.006429 0.021574
0 0.663929 0.406726 0.006429 0.020574
0 0.622500 0.390228 0.005000 0.003959
0 0.585704 0.356599 0.005714 0.015228
0 0.648570 0.549492 0.007143 0.017766
0 0.635357 0.548858 0.006429 0.009036
0 0.637500 0.559645 0.005000 0.020305
0 0.640786 0.552665 0.005000 0.019036
0 0.610000 0.643401 0.005714 0.015228
0 0.656070 0.827411 0.007857 0.025381
0 0.650704 0.783629 0.007143 0.019036
0 0.657043 0.794416 0.008571 0.020305
0 0.652857 0.808376 0.001429 0.017766
0 0.738929 0.940624 0.009286 0.020305
