0 0.903929 0.450429 0.013571 0.026667
0 0.206429 0.230476 0.015714 0.036190
0 0.202857 0.223333 0.005714 0.035238
0 0.093929 0.306667 0.015000 0.030476
0 0.034643 0.389048 0.015000 0.033333
0 0.058214 0.264762 0.016429 0.032381
0 0.052857 0.228571 0.017143 0.026667
0 0.016429 0.207143 0.021429 0.029524
0 0.222857 0.087619 0.015714 0.032381
0 0.097857 0.208095 0.002857 0.018095
0 0.200000 0.867609 0.014286 0.017143
0 0.027857 0.925238 0.030000 0.023810
0 0.070714 0.909524 0.021429 0.020952
0 0.207143 0.916190 0.021429 0.026667
0 0.200786 0.972857 0.015000 0.021905
0 0.098929 0.953810 0.027857 0.021905
0 0.878204 0.234286 0.015000 0.026667
0 0.895357 0.400905 0.012143 0.019048
0 0.970000 0.974286 0.028571 0.032381
