0 0.350357 0.740482 0.005000 0.046954
0 0.708204 0.986675 0.013571 0.024112
0 0.809286 0.911802 0.017143 0.041878
0 0.805000 0.897208 0.017143 0.038071
0 0.830357 0.902909 0.012143 0.036802
0 0.332500 0.694062 0.010714 0.040609
0 0.338929 0.690990 0.000714 0.049492
0 0.675357 0.749365 0.000714 0.046954
0 0.699286 0.756980 0.007043 0.029188
0 0.703929 0.738579 0.009286 0.038070
0 0.709286 0.735406 0.008570 0.026650
0 0.663204 0.625635 0.007857 0.038071
0 0.668929 0.606751 0.007857 0.040609
0 0.675000 0.604848 0.010000 0.034264
0 0.593570 0.409898 0.007143 0.032995
0 0.606429 0.432740 0.005714 0.032995
0 0.620429 0.478426 0.007143 0.038071
0 0.624643 0.460294 0.007857 0.039340
0 0.620786 0.430203 0.006429 0.035533
0 0.627857 0.427030 0.005704 0.036802
0 0.362043 0.248096 0.005714 0.036802
0 0.367043 0.253807 0.005714 0.022843
0 0.369643 0.026269 0.006429 0.026650
0 0.363570 0.206853 0.005714 0.027919
0 0.372500 0.089721 0.007857 0.031726
0 0.366070 0.215736 0.006429 0.022843
0 0.576786 0.309000 0.005000 0.024112
0 0.580071 0.309645 0.005000 0.032995
0 0.582043 0.317893 0.005714 0.029188
0 0.587500 0.309645 0.005000 0.035533
0 0.590704 0.303299 0.007143 0.027919
0 0.596429 0.295685 0.005704 0.030457
0 0.582857 0.267766 0.005704 0.032995
0 0.589643 0.267766 0.007857 0.032995
0 0.533929 0.098985 0.006429 0.030457
0 0.533570 0.076142 0.005714 0.022843
0 0.507857 0.007132 0.005714 0.024112
0 0.522043 0.019670 0.005714 0.021574
0 0.507857 0.045051 0.005714 0.021574
0 0.509643 0.060279 0.005000 0.026650
0 0.526786 0.046954 0.006429 0.030457
0 0.538929 0.073223 0.005000 0.026650
0 0.542500 0.076396 0.003571 0.020305
0 0.539643 0.009772 0.005000 0.029188
0 0.540071 0.100888 0.006429 0.029188
0 0.540704 0.083756 0.007143 0.030457
0 0.550357 0.000888 0.007857 0.026650
0 0.550071 0.123096 0.006429 0.022843
0 0.545704 0.157995 0.004286 0.026650
0 0.537857 0.038325 0.007143 0.027919
0 0.560000 0.087817 0.007143 0.030457
0 0.566070 0.178299 0.006429 0.029188
0 0.557500 0.044670 0.005000 0.025381
0 0.557043 0.163706 0.005714 0.025381
0 0.576070 0.157995 0.005000 0.026650
0 0.581786 0.188452 0.006429 0.019036
0 0.586786 0.225888 0.006429 0.030457
0 0.580000 0.230599 0.005714 0.029188
0 0.570786 0.228426 0.005000 0.030457
0 0.577857 0.220802 0.005714 0.032995
0 0.580071 0.225254 0.005000 0.026650
0 0.570429 0.191624 0.005714 0.027919
0 0.570786 0.201777 0.006429 0.027919
0 0.560704 0.215736 0.005714 0.030457
0 0.566070 0.213832 0.005000 0.029188
