0 0.747500 0.823800 0.032143 0.047619
0 0.848929 0.697143 0.030714 0.034286
0 0.757857 0.083333 0.001429 0.033333
0 0.770357 0.088570 0.015000 0.036190
0 0.685000 0.080000 0.014286 0.040000
0 0.750071 0.505238 0.017857 0.044762
0 0.765000 0.488095 0.007143 0.042857
0 0.808571 0.540476 0.017143 0.039048
0 0.307857 0.306667 0.014286 0.042857
0 0.426070 0.048571 0.010714 0.034286
0 0.086429 0.024762 0.015714 0.032381
0 0.295704 0.030476 0.012857 0.032381
0 0.025714 0.290952 0.021429 0.040952
0 0.029643 0.286667 0.022143 0.038095
