0 0.024286 0.076090 0.032857 0.074286
0 0.030000 0.092857 0.037143 0.060000
0 0.096429 0.110476 0.038571 0.049524
0 0.060357 0.160952 0.032143 0.057143
0 0.586071 0.432857 0.026429 0.060000
0 0.343571 0.164762 0.025714 0.053333
0 0.652857 0.028095 0.008571 0.056190
0 0.682500 0.042381 0.017857 0.061905
0 0.670704 0.134762 0.020000 0.065714
0 0.782043 0.317143 0.025714 0.074286
0 0.796429 0.342380 0.030000 0.077143
0 0.702500 0.398570 0.033571 0.077143
0 0.683570 0.389524 0.022857 0.055238
0 0.697500 0.094286 0.019286 0.060952
