0 0.830000 0.636090 0.014286 0.009524
0 0.840704 0.648571 0.015714 0.011429
0 0.628929 0.494762 0.003571 0.018095
0 0.696786 0.468570 0.010714 0.011429
0 0.520357 0.356667 0.007857 0.002381
0 0.552857 0.363800 0.007143 0.013333
0 0.508214 0.378571 0.005000 0.014286
0 0.500071 0.369048 0.005000 0.016190
0 0.405714 0.280000 0.004286 0.017143
0 0.408204 0.298571 0.005000 0.016190
0 0.387857 0.825704 0.005714 0.011429
0 0.392500 0.839048 0.005000 0.001429
0 0.261786 0.965238 0.012143 0.020000
0 0.807857 0.953333 0.020000 0.022857
0 0.596071 0.670000 0.009286 0.025714
0 0.465357 0.050476 0.006429 0.017143
0 0.459286 0.050476 0.002857 0.017143
0 0.457043 0.158571 0.005714 0.016190
0 0.477857 0.066667 0.005714 0.017143
0 0.020000 0.081905 0.011429 0.013333
0 0.008571 0.194286 0.008571 0.009524
0 0.526786 0.508570 0.009286 0.013333
0 0.582500 0.389524 0.012143 0.022857
0 0.515714 0.506667 0.012857 0.015238
0 0.302500 0.919524 0.012143 0.014286
