0 0.204643 0.897208 0.006429 0.012690
0 0.202857 0.886421 0.007143 0.011421
0 0.075704 0.798223 0.010000 0.010152
0 0.066786 0.800760 0.010714 0.007614
0 0.265000 0.887056 0.007043 0.012690
0 0.376070 0.909898 0.005000 0.012690
0 0.360071 0.922589 0.005000 0.012690
0 0.452500 0.934645 0.003570 0.013959
0 0.523929 0.927030 0.005000 0.003959
0 0.497857 0.903071 0.007143 0.011421
0 0.470000 0.901168 0.007143 0.012690
0 0.456786 0.923858 0.006429 0.000152
0 0.480704 0.929569 0.005714 0.008883
0 0.667500 0.938452 0.009286 0.008883
0 0.675357 0.883883 0.006429 0.008883
0 0.796070 0.961929 0.007857 0.010152
0 0.786070 0.965736 0.007857 0.010152
0 0.795000 0.973350 0.007043 0.010152
0 0.835704 0.958122 0.004286 0.012690
