0 0.484286 0.202857 0.005714 0.018095
0 0.466070 0.213810 0.005000 0.016190
0 0.468929 0.200952 0.006429 0.018095
0 0.479643 0.326667 0.000714 0.032381
0 0.500714 0.361905 0.008571 0.032381
0 0.527043 0.364762 0.011429 0.034286
0 0.503214 0.350476 0.006429 0.026667
0 0.506786 0.350000 0.006429 0.027619
0 0.358204 0.578095 0.015000 0.047619
0 0.683929 0.463333 0.003571 0.039048
0 0.733570 0.478571 0.017143 0.042857
0 0.700000 0.470952 0.014286 0.042857
0 0.706071 0.467143 0.013571 0.040952
0 0.668929 0.446090 0.012143 0.033333
0 0.673929 0.444762 0.009286 0.028570
0 0.524643 0.420952 0.009286 0.030476
0 0.532043 0.419524 0.011429 0.031429
0 0.227143 0.682381 0.020000 0.023810
