0 0.304000 0.311000 0.005000 0.016667
0 0.275500 0.336667 0.004000 0.007333
0 0.304750 0.330000 0.006500 0.017333
0 0.257250 0.340000 0.004500 0.016667
0 0.263500 0.339000 0.006000 0.006667
0 0.264500 0.342000 0.004000 0.003333
0 0.267000 0.339667 0.004000 0.004000
0 0.270000 0.330667 0.006000 0.006000
0 0.270750 0.327000 0.003500 0.010000
0 0.344250 0.307333 0.004500 0.006000
0 0.355250 0.285667 0.005500 0.008667
0 0.371500 0.258667 0.002000 0.004000
0 0.374000 0.259333 0.002000 0.005333
0 0.006750 0.425333 0.007500 0.022667
0 0.290750 0.541333 0.014500 0.042667
0 0.265500 0.593000 0.008000 0.048667
0 0.253500 0.605000 0.016000 0.047333
0 0.240750 0.613333 0.017500 0.049333
0 0.230250 0.607000 0.008500 0.050000
0 0.212500 0.554000 0.013000 0.029333
0 0.382500 0.379333 0.006000 0.025333
0 0.389000 0.370667 0.008000 0.023333
0 0.394250 0.372333 0.006500 0.020667
0 0.399250 0.400333 0.006500 0.026000
0 0.405250 0.402333 0.005500 0.020667
0 0.388250 0.430000 0.000500 0.028000
0 0.406250 0.465000 0.000500 0.040667
0 0.420250 0.439000 0.012500 0.028667
0 0.455000 0.496333 0.001000 0.036667
0 0.474250 0.528333 0.004500 0.044667
0 0.496250 0.558333 0.001500 0.050000
0 0.490250 0.543667 0.004500 0.042000
0 0.482000 0.550333 0.009000 0.029333
0 0.516000 0.462333 0.012000 0.030000
0 0.523750 0.580333 0.004500 0.044667
0 0.509250 0.604000 0.012500 0.044000
0 0.513000 0.635667 0.010000 0.016667
0 0.506750 0.784667 0.005500 0.065333
0 0.505500 0.768667 0.005000 0.065333
0 0.537000 0.886333 0.029000 0.058000
0 0.588750 0.839667 0.004500 0.068667
0 0.596750 0.786667 0.009500 0.061333
0 0.599250 0.745000 0.008500 0.055333
0 0.570500 0.765667 0.017000 0.060667
0 0.550500 0.638333 0.016000 0.055333
0 0.642750 0.600333 0.015500 0.032667
0 0.588250 0.560667 0.014500 0.036000
0 0.673250 0.540667 0.006500 0.044000
0 0.739250 0.745333 0.022500 0.066667
0 0.760250 0.684000 0.006500 0.046667
0 0.570000 0.423333 0.009000 0.018667
0 0.581500 0.423000 0.010000 0.022000
0 0.639000 0.487000 0.011000 0.020667
0 0.648750 0.486667 0.010500 0.018667
0 0.688000 0.489000 0.011000 0.026000
0 0.734000 0.549667 0.008000 0.026000
0 0.600750 0.253000 0.003500 0.002667
0 0.699500 0.914333 0.028000 0.062000
0 0.574500 0.434000 0.008000 0.029333
0 0.600250 0.498000 0.003500 0.036000
0 0.608500 0.503667 0.009000 0.028667
0 0.686000 0.386333 0.004000 0.028667
0 0.684250 0.375000 0.006500 0.006667
0 0.759000 0.373000 0.006000 0.027333
0 0.698250 0.400000 0.007500 0.020667
0 0.666000 0.483000 0.002000 0.036667
0 0.628500 0.502667 0.003000 0.038667
0 0.700000 0.500333 0.012000 0.043333
0 0.630750 0.488000 0.008500 0.030667
0 0.644000 0.500000 0.012000 0.037333
0 0.658000 0.494667 0.009000 0.032000
0 0.659000 0.509000 0.007000 0.023333
0 0.704750 0.491333 0.010500 0.033333
0 0.705250 0.483667 0.009500 0.035333
0 0.744500 0.490667 0.011000 0.036667
0 0.744000 0.498333 0.009000 0.034000
0 0.763500 0.487667 0.012000 0.035333
0 0.775500 0.500333 0.009000 0.030667
0 0.790250 0.490667 0.011500 0.039333
0 0.770750 0.495333 0.001500 0.038667
0 0.778500 0.489333 0.012000 0.022667
0 0.726750 0.534000 0.001500 0.044000
0 0.738000 0.557667 0.007000 0.042000
0 0.773000 0.373333 0.007000 0.029333
0 0.803500 0.667667 0.006000 0.056667
0 0.787750 0.773667 0.023500 0.064667
0 0.805750 0.794000 0.024500 0.072000
0 0.854250 0.809000 0.026500 0.072667
0 0.880750 0.853000 0.036500 0.070000
0 0.796750 0.973000 0.027500 0.054000
0 0.909000 0.877333 0.035000 0.074667
0 0.887750 0.788333 0.023500 0.058000
0 0.973000 0.522000 0.003000 0.036000
0 0.991000 0.484667 0.015000 0.025333
