0 0.041000 0.868333 0.025000 0.054000
0 0.018500 0.894000 0.023000 0.057333
0 0.076000 0.877333 0.025000 0.057333
0 0.036750 0.845667 0.029500 0.054000
0 0.288250 0.647667 0.002500 0.039333
0 0.097750 0.580000 0.017500 0.040000
0 0.378750 0.588000 0.008500 0.033333
0 0.392250 0.582333 0.002500 0.036667
0 0.393500 0.629000 0.009000 0.043333
0 0.480000 0.539333 0.007000 0.036000
0 0.487250 0.560667 0.008500 0.036667
0 0.495750 0.570667 0.005500 0.020667
0 0.273250 0.453333 0.001500 0.028000
0 0.652000 0.300667 0.027000 0.016000
0 0.769000 0.308333 0.030000 0.015333
0 0.720250 0.286333 0.018500 0.011333
0 0.730500 0.289667 0.008000 0.008667
0 0.705000 0.302000 0.025000 0.012000
0 0.703500 0.278333 0.006000 0.011333
0 0.555750 0.334667 0.034500 0.020000
0 0.647000 0.379000 0.008000 0.024667
