0 0.355704 0.420000 0.007143 0.024762
0 0.367857 0.407619 0.011429 0.023810
0 0.386070 0.416667 0.007857 0.025714
0 0.360704 0.439524 0.005714 0.025714
0 0.317143 0.440952 0.012857 0.022857
0 0.359286 0.366190 0.007143 0.016190
0 0.304643 0.450952 0.009286 0.027609
0 0.292500 0.488571 0.009286 0.022857
0 0.253214 0.486190 0.010714 0.016190
0 0.230357 0.460000 0.007857 0.013333
0 0.506429 0.672381 0.017143 0.034286
0 0.600714 0.679524 0.010000 0.023810
0 0.597143 0.629048 0.012857 0.021905
0 0.640357 0.606667 0.012143 0.026667
0 0.370704 0.691905 0.017143 0.025714
0 0.250071 0.709524 0.013571 0.030476
0 0.240786 0.743810 0.015000 0.030476
0 0.093571 0.809524 0.022857 0.024762
0 0.758214 0.597143 0.015000 0.019048
0 0.771786 0.570952 0.010714 0.018095
0 0.777857 0.569524 0.007143 0.019048
0 0.220704 0.454286 0.008571 0.026667
0 0.666429 0.357609 0.004286 0.018095
0 0.672043 0.359524 0.005714 0.018095
