0 0.409286 0.099048 0.005714 0.015238
0 0.425357 0.088571 0.003571 0.013333
0 0.460704 0.352381 0.007143 0.022857
0 0.466429 0.356667 0.005704 0.023810
0 0.458570 0.404762 0.010000 0.028571
0 0.443204 0.405238 0.009286 0.027619
0 0.428570 0.401429 0.010000 0.027619
0 0.430786 0.454286 0.009286 0.028571
0 0.374643 0.475704 0.009286 0.031429
0 0.337857 0.489048 0.001429 0.027619
0 0.420786 0.456667 0.010714 0.027619
0 0.406429 0.450000 0.008571 0.027619
0 0.405000 0.452857 0.000000 0.027619
0 0.397857 0.449524 0.000000 0.026667
0 0.392857 0.442857 0.008570 0.028571
0 0.378204 0.441429 0.009286 0.029524
0 0.375357 0.437609 0.009286 0.029524
0 0.357857 0.420952 0.008570 0.026667
0 0.342857 0.445238 0.002857 0.029524
0 0.340429 0.439048 0.010000 0.028571
0 0.313929 0.488571 0.015000 0.028571
0 0.245000 0.599048 0.002857 0.030476
0 0.005714 0.988095 0.030000 0.023810
0 0.082500 0.961905 0.023571 0.030476
0 0.294286 0.924286 0.020000 0.040952
0 0.305714 0.930476 0.020000 0.028571
0 0.303571 0.952381 0.022857 0.034286
0 0.478204 0.911905 0.013571 0.035238
0 0.482857 0.970000 0.002857 0.035238
0 0.495704 0.930952 0.021429 0.037143
0 0.520429 0.963333 0.012857 0.050476
0 0.203929 0.482380 0.016429 0.027619
0 0.630429 0.809524 0.015714 0.032381
0 0.732857 0.623800 0.015714 0.032381
0 0.740071 0.674286 0.015000 0.036190
0 0.766429 0.670000 0.007143 0.033333
0 0.774643 0.682380 0.015000 0.035238
0 0.703214 0.766190 0.015000 0.035238
0 0.705357 0.754762 0.007857 0.033333
0 0.750704 0.751429 0.021429 0.034286
0 0.730704 0.734762 0.017143 0.035238
0 0.726429 0.724762 0.007143 0.028571
