0 0.003571 0.710000 0.017143 0.016190
0 0.309643 0.795704 0.016429 0.016190
0 0.007857 0.506190 0.015714 0.018095
0 0.282500 0.500429 0.016429 0.016190
0 0.279643 0.485704 0.009286 0.019048
0 0.582857 0.693810 0.008571 0.012381
0 0.575000 0.693333 0.011429 0.015238
0 0.632500 0.667043 0.009286 0.012381
0 0.649286 0.668570 0.014286 0.013333
0 0.702857 0.713810 0.011429 0.018095
0 0.628570 0.649524 0.008571 0.019048
0 0.699286 0.959524 0.004286 0.016190
0 0.811429 0.715238 0.011429 0.017143
0 0.820000 0.715714 0.008571 0.016190
0 0.896071 0.721905 0.015000 0.017143
0 0.940000 0.666667 0.011429 0.017143
0 0.854643 0.986667 0.013571 0.019048
