0 0.098204 0.809048 0.020714 0.029524
0 0.082043 0.977143 0.020000 0.026667
0 0.040786 0.820000 0.025000 0.030476
0 0.063570 0.785714 0.020000 0.040000
0 0.760704 0.324286 0.008571 0.031429
0 0.228571 0.473333 0.011429 0.022857
0 0.264643 0.530000 0.013571 0.023810
0 0.987857 0.839524 0.020000 0.020000
0 0.938214 0.694762 0.022143 0.031429
0 0.531071 0.026667 0.006429 0.019048
0 0.539643 0.009048 0.005000 0.008095
0 0.547857 0.000000 0.004286 0.020000
0 0.604286 0.152857 0.005714 0.027619
0 0.557857 0.040905 0.005714 0.022857
0 0.554643 0.028571 0.006429 0.015238
0 0.934643 0.592857 0.022043 0.029524
0 0.987043 0.680000 0.025714 0.034286
0 0.907500 0.584762 0.009286 0.026667
