0 0.340071 0.179569 0.002143 0.006345
0 0.335357 0.073858 0.002143 0.007614
0 0.247857 0.875000 0.004286 0.003959
0 0.255000 0.846447 0.002857 0.002690
0 0.264286 0.796320 0.002857 0.001421
0 0.260357 0.796954 0.005000 0.000152
0 0.503929 0.660533 0.003571 0.008883
0 0.504643 0.795050 0.003571 0.011421
0 0.867500 0.090736 0.003570 0.011421
0 0.750429 0.095178 0.002857 0.007614
0 0.808929 0.093909 0.003570 0.010152
0 0.820357 0.094543 0.003570 0.008883
0 0.820071 0.091371 0.002143 0.007614
0 0.855357 0.094543 0.002043 0.008883
0 0.651071 0.122462 0.003571 0.011421
