0 0.398571 0.691905 0.007143 0.014286
0 0.413929 0.660000 0.007857 0.013333
0 0.237500 0.674762 0.007857 0.004286
0 0.665000 0.387043 0.005714 0.014286
0 0.674643 0.368095 0.005000 0.002381
0 0.623204 0.372857 0.003571 0.012381
0 0.623570 0.354286 0.004286 0.013333
0 0.657043 0.362857 0.004286 0.013333
0 0.670357 0.357609 0.003571 0.014286
0 0.695000 0.363800 0.004286 0.015238
0 0.686070 0.364286 0.003571 0.014286
0 0.702500 0.403333 0.006429 0.013333
0 0.689286 0.362857 0.004286 0.009524
0 0.640000 0.350476 0.004286 0.001429
0 0.649286 0.359048 0.005704 0.013333
0 0.628929 0.640952 0.009286 0.022857
0 0.718214 0.537619 0.007857 0.014286
0 0.679286 0.504762 0.005714 0.023810
0 0.735357 0.505704 0.005000 0.019048
0 0.778214 0.494762 0.006429 0.008571
