0 0.542857 0.020905 0.008571 0.038095
0 0.552500 0.025704 0.010714 0.030476
0 0.576786 0.120000 0.012143 0.028571
0 0.800357 0.077143 0.017857 0.034286
0 0.748214 0.186667 0.012143 0.020952
0 0.606429 0.420952 0.015714 0.019048
0 0.602857 0.433333 0.012857 0.015238
0 0.463571 0.445714 0.015714 0.026667
0 0.380714 0.553333 0.017143 0.024762
0 0.420357 0.647143 0.016429 0.027619
0 0.311071 0.771905 0.017857 0.025714
0 0.214643 0.919048 0.022143 0.020952
0 0.520000 0.966090 0.017143 0.027619
0 0.450704 0.205714 0.014286 0.020952
