0 0.021071 0.702411 0.007857 0.026650
0 0.033929 0.791878 0.012143 0.020305
0 0.064286 0.717005 0.007143 0.027919
0 0.057143 0.723985 0.007143 0.024112
0 0.041429 0.657360 0.007143 0.017766
0 0.007500 0.560548 0.006429 0.021574
0 0.026070 0.548858 0.007857 0.021574
0 0.075357 0.572970 0.006429 0.024112
0 0.058929 0.535533 0.006429 0.022843
0 0.063929 0.532360 0.006429 0.019036
0 0.089286 0.565355 0.008571 0.016497
0 0.099643 0.563452 0.007857 0.020305
0 0.108929 0.561548 0.009286 0.019036
0 0.096429 0.585660 0.005714 0.008883
0 0.023929 0.333122 0.009286 0.016497
0 0.082500 0.336929 0.006429 0.009036
0 0.262500 0.433376 0.005000 0.024012
0 0.227857 0.464467 0.004286 0.020305
0 0.260357 0.489203 0.005000 0.024112
0 0.253570 0.515863 0.004286 0.021574
0 0.264643 0.543047 0.006429 0.022843
0 0.258570 0.555203 0.005714 0.021574
0 0.272500 0.685904 0.005000 0.026650
0 0.079643 0.070685 0.003571 0.016497
0 0.055000 0.214467 0.005714 0.015228
0 0.086786 0.066878 0.005000 0.019036
0 0.096786 0.066878 0.006429 0.019036
0 0.098570 0.179569 0.005714 0.019036
0 0.003214 0.192259 0.005000 0.016497
0 0.003214 0.179569 0.006429 0.013959
0 0.017143 0.184645 0.005714 0.019036
0 0.023214 0.171954 0.005000 0.016497
0 0.046071 0.165609 0.005000 0.016497
0 0.042500 0.144036 0.003571 0.016497
0 0.056429 0.152919 0.004286 0.019036
0 0.059286 0.138325 0.004286 0.020305
0 0.067143 0.170051 0.002857 0.015228
0 0.206070 0.118655 0.005000 0.019036
0 0.205357 0.025380 0.002143 0.012690
0 0.386070 0.036802 0.003571 0.017766
0 0.388929 0.035533 0.003570 0.020305
0 0.448929 0.059898 0.003571 0.020305
0 0.646429 0.770939 0.008570 0.031726
0 0.640786 0.756345 0.005000 0.022843
0 0.596786 0.665609 0.006429 0.026650
