0 0.856786 0.570000 0.007857 0.052381
0 0.442143 0.656667 0.025714 0.037143
0 0.081071 0.509524 0.013571 0.041905
0 0.085357 0.423333 0.015000 0.023810
0 0.056071 0.394762 0.015000 0.021905
0 0.026071 0.381905 0.009286 0.017143
0 0.029643 0.379524 0.012143 0.021905
0 0.017500 0.461905 0.010714 0.019048
0 0.020714 0.456190 0.015714 0.022857
0 0.008204 0.310000 0.013571 0.033333
0 0.008204 0.223810 0.010714 0.026667
0 0.021786 0.225714 0.009286 0.013333
0 0.022143 0.295714 0.012857 0.016190
0 0.021071 0.326190 0.010714 0.023810
0 0.380429 0.203810 0.005714 0.019048
0 0.393204 0.190476 0.007857 0.015238
0 0.377857 0.059048 0.007143 0.019048
0 0.383204 0.160000 0.005000 0.020952
0 0.050000 0.242381 0.010000 0.020000
0 0.609286 0.240905 0.007143 0.022857
0 0.603929 0.241905 0.006429 0.026667
0 0.660704 0.271429 0.008571 0.020952
0 0.803571 0.363810 0.010000 0.024762
0 0.822857 0.348095 0.000000 0.023810
0 0.866429 0.348570 0.008571 0.024762
0 0.881429 0.353810 0.011429 0.018095
0 0.905000 0.361429 0.012857 0.020000
0 0.916429 0.363333 0.011429 0.023810
0 0.928571 0.365714 0.010000 0.017143
0 0.939286 0.366190 0.010000 0.016190
0 0.953929 0.372381 0.010714 0.019048
0 0.945000 0.202380 0.005714 0.016190
0 0.960071 0.184762 0.006429 0.019048
