0 0.927750 0.920333 0.020500 0.046000
0 0.856000 0.948000 0.023000 0.056000
0 0.822000 0.857667 0.005000 0.048667
0 0.825500 0.846000 0.002000 0.040000
0 0.709250 0.800667 0.016500 0.047333
0 0.682750 0.827000 0.001500 0.038000
0 0.724500 0.841000 0.019000 0.042000
0 0.630750 0.657667 0.009500 0.034000
0 0.583000 0.718667 0.012000 0.026667
0 0.566500 0.726333 0.002000 0.035333
0 0.572250 0.696000 0.002500 0.033333
0 0.547750 0.693667 0.009500 0.023333
0 0.500000 0.688000 0.011000 0.033333
0 0.483500 0.648333 0.009000 0.028667
0 0.477500 0.653667 0.005000 0.020667
0 0.533500 0.630333 0.009000 0.032000
0 0.482750 0.607333 0.007500 0.029333
0 0.504250 0.607333 0.007500 0.028000
0 0.501750 0.619333 0.007500 0.030667
0 0.526250 0.587667 0.007500 0.024667
0 0.520250 0.583333 0.006500 0.025333
0 0.534250 0.584667 0.005500 0.022667
0 0.534750 0.576667 0.006500 0.008667
0 0.520500 0.560667 0.005000 0.025333
0 0.506500 0.547333 0.007000 0.022667
0 0.490500 0.555000 0.008000 0.020667
0 0.528500 0.556000 0.007000 0.022667
0 0.533000 0.553333 0.006000 0.022667
0 0.509750 0.565667 0.008500 0.022000
0 0.506750 0.533000 0.007500 0.019333
0 0.525250 0.530000 0.004500 0.019333
0 0.489750 0.529333 0.007500 0.021333
0 0.505750 0.501667 0.005500 0.020667
0 0.498750 0.505667 0.005500 0.020667
0 0.503000 0.492000 0.006000 0.006000
0 0.494000 0.484000 0.005000 0.008667
0 0.497750 0.485333 0.003500 0.004667
0 0.502750 0.464000 0.005500 0.006000
0 0.489500 0.463333 0.004000 0.006000
0 0.522000 0.467333 0.005000 0.007333
0 0.514250 0.471667 0.005500 0.014000
0 0.296250 0.888333 0.005500 0.050000
0 0.295250 0.880333 0.009500 0.024667
0 0.303750 0.876333 0.020500 0.039333
0 0.060000 0.706667 0.010000 0.033333
0 0.208500 0.672000 0.011000 0.033333
0 0.029500 0.543000 0.008000 0.022000
0 0.027750 0.553667 0.005500 0.019333
0 0.365250 0.562000 0.006500 0.014667
0 0.368750 0.564667 0.007500 0.017333
0 0.374500 0.559333 0.007000 0.013333
0 0.376000 0.562000 0.006000 0.014667
0 0.330500 0.548333 0.007000 0.014000
0 0.326250 0.450000 0.005500 0.015333
0 0.303000 0.455000 0.005000 0.014000
0 0.305750 0.465333 0.005500 0.006000
0 0.307250 0.463667 0.004500 0.006667
0 0.290250 0.481333 0.005500 0.013333
0 0.346250 0.409000 0.003500 0.012667
0 0.342000 0.420667 0.004000 0.002000
0 0.337500 0.425000 0.004000 0.002667
0 0.280750 0.474667 0.004500 0.013333
0 0.276000 0.483000 0.007000 0.010000
0 0.268250 0.487667 0.006500 0.011333
