0 0.333204 0.541429 0.007857 0.020000
0 0.453570 0.855714 0.011429 0.052381
0 0.493204 0.647619 0.005000 0.017143
0 0.427857 0.060000 0.002857 0.007619
0 0.409643 0.232380 0.002143 0.011429
0 0.407500 0.240429 0.002143 0.004762
0 0.395357 0.234286 0.002043 0.003810
0 0.433929 0.230952 0.002043 0.006667
0 0.422500 0.250000 0.002043 0.010476
0 0.404643 0.265714 0.003571 0.009524
0 0.500000 0.149048 0.002857 0.010476
0 0.467500 0.255238 0.002043 0.011429
0 0.570000 0.022857 0.000429 0.003810
0 0.584643 0.062857 0.002043 0.007619
0 0.600357 0.013333 0.002143 0.007619
0 0.597500 0.013333 0.002143 0.005714
0 0.593929 0.015238 0.002143 0.003810
0 0.650429 0.472381 0.004286 0.017143
0 0.646429 0.470429 0.004286 0.015238
0 0.709643 0.529048 0.005000 0.014286
0 0.562500 0.179524 0.002143 0.004762
0 0.571071 0.210476 0.003571 0.003810
0 0.577500 0.288095 0.003571 0.004762
0 0.581429 0.322381 0.002857 0.008571
0 0.583571 0.364286 0.004286 0.006667
0 0.458571 0.315714 0.004286 0.006667
0 0.452857 0.372857 0.004286 0.006667
0 0.557500 0.525714 0.009286 0.015238
0 0.538929 0.571905 0.009286 0.016190
0 0.628929 0.774286 0.007857 0.013333
0 0.650714 0.940952 0.008571 0.017143
