0 0.403214 0.979048 0.010714 0.019048
0 0.425714 0.983333 0.011429 0.014286
0 0.556071 0.956190 0.012143 0.022857
0 0.563204 0.974286 0.009286 0.020952
0 0.454643 0.896667 0.009286 0.020905
0 0.430357 0.902857 0.000714 0.013333
0 0.402043 0.902381 0.010000 0.020000
0 0.431429 0.839048 0.020000 0.015238
0 0.402143 0.827619 0.011429 0.017143
0 0.401786 0.804762 0.012143 0.015238
0 0.463204 0.769048 0.010714 0.018095
0 0.578929 0.827043 0.013571 0.014286
0 0.478929 0.540952 0.007857 0.001429
0 0.594286 0.560000 0.004286 0.013333
0 0.609286 0.570476 0.008570 0.011429
0 0.466070 0.486667 0.007857 0.015238
0 0.520786 0.479048 0.012143 0.013333
0 0.554643 0.497043 0.010714 0.015238
0 0.547043 0.490476 0.011429 0.015238
0 0.603204 0.539524 0.010714 0.012381
0 0.477500 0.440476 0.000714 0.010476
0 0.332500 0.409524 0.002143 0.009524
0 0.505714 0.334762 0.010000 0.018095
0 0.546070 0.313333 0.010714 0.015238
0 0.524286 0.270952 0.000000 0.025714
0 0.579643 0.304762 0.007857 0.005238
0 0.587043 0.304762 0.007143 0.017143
0 0.465000 0.091905 0.005714 0.016190
0 0.472043 0.189524 0.007143 0.011429
0 0.472043 0.177619 0.008571 0.012381
0 0.507500 0.175714 0.010714 0.020000
0 0.489286 0.014286 0.010000 0.022857
0 0.542857 0.051429 0.010000 0.019048
0 0.545357 0.029524 0.009286 0.015238
0 0.568571 0.130000 0.008571 0.010476
