0 0.428204 0.416190 0.007857 0.011429
0 0.348204 0.146190 0.009286 0.014286
0 0.380071 0.014762 0.007857 0.016190
0 0.535714 0.020476 0.011429 0.014286
0 0.541429 0.084286 0.007143 0.016190
0 0.555714 0.126667 0.008571 0.011429
0 0.565000 0.607619 0.008571 0.015238
0 0.571429 0.708571 0.007143 0.015238
0 0.733214 0.511429 0.006429 0.009524
0 0.680786 0.315238 0.005000 0.011429
0 0.672500 0.091429 0.006429 0.015238
0 0.708929 0.073333 0.009286 0.009048
0 0.688204 0.064286 0.006429 0.012381
0 0.201429 0.083810 0.014286 0.015238
