0 0.211071 0.903810 0.025000 0.059048
0 0.373214 0.633333 0.017857 0.030476
0 0.453214 0.458095 0.015000 0.040000
0 0.649643 0.466667 0.016429 0.030476
0 0.156429 0.060952 0.010000 0.022857
0 0.217500 0.565714 0.022143 0.026667
0 0.251429 0.514286 0.018571 0.022857
0 0.132500 0.068571 0.013571 0.022857
0 0.301429 0.675714 0.017143 0.033333
0 0.068929 0.806190 0.022143 0.037143
0 0.053929 0.779048 0.025000 0.040000
0 0.448929 0.283333 0.006429 0.042857
0 0.435357 0.085238 0.015000 0.039048
0 0.576429 0.303800 0.011429 0.038095
0 0.392857 0.030429 0.014286 0.030476
0 0.572043 0.239048 0.011429 0.040000
0 0.556786 0.274286 0.002143 0.036190
0 0.643570 0.267143 0.010000 0.040952
0 0.657500 0.269048 0.000714 0.050476
0 0.260786 0.679048 0.022143 0.051429
0 0.070000 0.863800 0.031429 0.043810
0 0.031786 0.893333 0.030714 0.034286
0 0.003571 0.845238 0.030000 0.035238
0 0.087043 0.772381 0.032857 0.047619
0 0.235704 0.703333 0.020000 0.050476
0 0.098214 0.697143 0.030714 0.049524
0 0.203214 0.677143 0.027857 0.051429
0 0.049286 0.656667 0.037143 0.048571
0 0.088929 0.020476 0.010714 0.035238
0 0.307857 0.220000 0.010000 0.041905
0 0.449643 0.070000 0.006429 0.033333
0 0.536429 0.279048 0.008571 0.028571
