0 0.305000 0.527143 0.011429 0.023810
0 0.428204 0.569524 0.007857 0.020952
0 0.523929 0.445704 0.007857 0.026667
0 0.707500 0.599048 0.015000 0.024762
0 0.880429 0.016667 0.008571 0.021905
0 0.885704 0.150952 0.010000 0.023810
0 0.894643 0.052857 0.007857 0.020000
0 0.902857 0.060000 0.005714 0.015238
0 0.908929 0.048095 0.005000 0.012381
0 0.904643 0.210476 0.007857 0.020952
0 0.909643 0.173333 0.007857 0.013333
0 0.880000 0.025714 0.007143 0.024762
0 0.882500 0.084762 0.006429 0.020952
0 0.874286 0.084286 0.005704 0.020000
