0 0.572500 0.853800 0.003571 0.012381
0 0.485357 0.408095 0.003570 0.012381
0 0.488204 0.215714 0.003571 0.010476
0 0.490429 0.165714 0.002857 0.007619
0 0.490704 0.180476 0.002857 0.008571
0 0.495357 0.063333 0.002143 0.010476
0 0.498929 0.064762 0.002143 0.007619
0 0.457857 0.075238 0.002857 0.007619
0 0.452500 0.028095 0.002143 0.008571
0 0.454643 0.018571 0.002143 0.008571
0 0.456429 0.030952 0.002857 0.008571
0 0.475704 0.096667 0.002857 0.008571
0 0.480071 0.100952 0.002143 0.005714
0 0.482500 0.000476 0.002143 0.008571
0 0.489286 0.001905 0.002857 0.007619
0 0.489643 0.090905 0.002143 0.008571
0 0.475000 0.070429 0.002857 0.007619
0 0.475000 0.055704 0.002857 0.010476
0 0.470429 0.047619 0.002857 0.009524
0 0.473204 0.038571 0.003571 0.010476
0 0.470704 0.018095 0.002857 0.009524
0 0.472857 0.002857 0.002857 0.006667
0 0.450429 0.062381 0.002857 0.008571
0 0.445357 0.045238 0.003570 0.008571
