0 0.378204 0.518401 0.015000 0.039340
0 0.404286 0.498731 0.010000 0.038071
0 0.244643 0.576777 0.002143 0.041878
0 0.095000 0.609772 0.011429 0.026650
0 0.035714 0.622462 0.022857 0.049492
0 0.302143 0.883249 0.012857 0.045685
0 0.440786 0.803299 0.009286 0.045685
0 0.443570 0.796954 0.005714 0.022843
0 0.480704 0.807107 0.012857 0.043147
0 0.528204 0.987944 0.009286 0.021574
0 0.604643 0.731599 0.010714 0.044416
0 0.742500 0.942259 0.000714 0.041878
0 0.759643 0.908629 0.002143 0.045685
0 0.747043 0.919416 0.005714 0.029188
0 0.753570 0.918782 0.008571 0.038071
0 0.903204 0.578680 0.013571 0.043147
0 0.803214 0.361675 0.012143 0.032995
0 0.763204 0.369924 0.007857 0.031726
0 0.635000 0.397208 0.000000 0.025381
0 0.635704 0.398477 0.008571 0.015228
0 0.385704 0.406726 0.005714 0.021574
0 0.393570 0.348985 0.005714 0.027919
0 0.407043 0.320431 0.005714 0.029188
0 0.407043 0.302665 0.005714 0.024112
0 0.406786 0.049746 0.003571 0.017766
0 0.408204 0.123096 0.005000 0.015228
0 0.366429 0.009670 0.004286 0.016497
0 0.374286 0.050027 0.004286 0.019036
0 0.405704 0.114848 0.004286 0.016497
0 0.600429 0.069797 0.005714 0.020305
