0 0.556786 0.677609 0.015000 0.044762
0 0.706071 0.666190 0.010714 0.044762
0 0.906786 0.883333 0.007857 0.071429
0 0.788570 0.651905 0.008571 0.039048
0 0.572857 0.537043 0.011429 0.030476
0 0.574286 0.508571 0.011429 0.020000
0 0.577857 0.470905 0.010000 0.027619
0 0.586786 0.470476 0.009286 0.028570
0 0.405000 0.732380 0.010000 0.051429
0 0.406071 0.726667 0.013571 0.051429
0 0.375704 0.666190 0.014286 0.052381
0 0.506429 0.478571 0.008571 0.020000
0 0.020000 0.375238 0.005704 0.017143
0 0.055000 0.360476 0.005704 0.012381
0 0.058929 0.360952 0.003570 0.015238
0 0.334643 0.429048 0.006429 0.020000
0 0.097857 0.340952 0.005704 0.013333
0 0.475357 0.356667 0.005000 0.004286
0 0.480000 0.358570 0.004286 0.016190
