0 0.602500 0.033333 0.003570 0.011429
0 0.606786 0.206667 0.003570 0.015238
0 0.582500 0.093810 0.003571 0.012381
0 0.565704 0.201429 0.002857 0.012381
0 0.600000 0.184286 0.002857 0.016190
0 0.607500 0.080952 0.003571 0.013333
0 0.600357 0.206667 0.002143 0.013333
0 0.603214 0.204762 0.003571 0.015238
0 0.607500 0.200476 0.003570 0.012381
0 0.600357 0.171429 0.003571 0.011429
0 0.608204 0.176667 0.003571 0.014286
0 0.822143 0.582381 0.007143 0.010476
0 0.868571 0.647143 0.007143 0.008571
0 0.847857 0.588570 0.007143 0.011429
0 0.832857 0.588095 0.007043 0.012381
