0 0.307857 0.633249 0.008570 0.032995
0 0.301071 0.631980 0.007857 0.022843
0 0.003571 0.565355 0.008571 0.031726
0 0.000714 0.585660 0.010000 0.029188
0 0.909643 0.931472 0.016429 0.030457
0 0.902857 0.920050 0.012857 0.020305
0 0.858570 0.683376 0.008571 0.029188
0 0.777857 0.476523 0.008570 0.031726
0 0.972143 0.621193 0.010000 0.026650
0 0.972143 0.614213 0.010000 0.027919
0 0.881429 0.347081 0.007143 0.013959
0 0.887857 0.355964 0.008571 0.016497
0 0.873929 0.427030 0.007857 0.019036
0 0.883929 0.426396 0.015000 0.025381
0 0.927500 0.512690 0.007857 0.017766
0 0.925714 0.505711 0.011429 0.019036
0 0.762043 0.059010 0.005714 0.026650
0 0.731786 0.057741 0.005000 0.019036
0 0.730000 0.084390 0.004286 0.019036
0 0.668570 0.114848 0.007143 0.021574
0 0.692500 0.041497 0.006429 0.021574
0 0.699286 0.038959 0.005714 0.013959
0 0.696786 0.153553 0.005000 0.015228
0 0.701071 0.152919 0.005000 0.016497
0 0.704643 0.154188 0.005000 0.013959
0 0.709286 0.154188 0.005714 0.021574
0 0.774286 0.045305 0.005714 0.021574
0 0.736070 0.217005 0.006429 0.017766
0 0.706071 0.214467 0.006429 0.017766
0 0.708204 0.210025 0.005000 0.011421
0 0.708929 0.220802 0.003571 0.012690
0 0.726786 0.205102 0.006429 0.021574
0 0.800429 0.224619 0.007143 0.017766
0 0.838204 0.282360 0.006429 0.024112
0 0.845357 0.282360 0.006429 0.026650
0 0.857857 0.258249 0.008570 0.029188
0 0.819286 0.388959 0.010000 0.019036
0 0.792500 0.272843 0.007857 0.012690
0 0.801786 0.277919 0.005000 0.017766
0 0.799286 0.267132 0.008571 0.016497
0 0.760000 0.288706 0.007143 0.011421
0 0.751429 0.295685 0.005714 0.012690
0 0.750714 0.305838 0.008571 0.007614
0 0.748214 0.288706 0.003571 0.011421
0 0.825357 0.350254 0.017857 0.012690
0 0.896786 0.676396 0.009286 0.017766
0 0.842500 0.551396 0.006429 0.016497
0 0.851786 0.551396 0.009286 0.011421
0 0.985357 0.562083 0.006429 0.012690
0 0.983570 0.560914 0.005714 0.015228
0 0.975357 0.540878 0.007857 0.012690
0 0.978204 0.549492 0.006429 0.015228
0 0.853571 0.489848 0.007143 0.015228
0 0.921071 0.425127 0.006429 0.012690
0 0.920357 0.420051 0.006429 0.015228
0 0.936071 0.844543 0.019286 0.019036
0 0.943214 0.838832 0.025000 0.020305
0 0.807043 0.260152 0.005714 0.022843
0 0.888571 0.676396 0.007143 0.020305
