0 0.051429 0.410952 0.011429 0.016190
0 0.062143 0.412857 0.011429 0.020000
0 0.246786 0.422857 0.013571 0.017143
0 0.240714 0.622381 0.015714 0.018095
0 0.612857 0.115238 0.008571 0.024762
0 0.620357 0.324762 0.012143 0.019048
0 0.784286 0.224286 0.010000 0.020000
0 0.955704 0.745714 0.021429 0.017143
0 0.928204 0.809524 0.023571 0.015238
0 0.878929 0.747043 0.019286 0.018095
0 0.741786 0.818571 0.019286 0.014286
0 0.475000 0.974286 0.001429 0.017143
0 0.553214 0.958571 0.013571 0.021905
0 0.430429 0.887143 0.012857 0.014286
0 0.617500 0.741905 0.015000 0.019048
0 0.663929 0.824762 0.016429 0.019048
0 0.752857 0.697043 0.018571 0.015238
0 0.638929 0.789524 0.003571 0.013333
0 0.622043 0.816667 0.010000 0.014286
0 0.600357 0.850476 0.013571 0.020952
