0 0.700000 0.539048 0.021429 0.066667
0 0.650071 0.291905 0.012143 0.048571
0 0.658204 0.295238 0.012143 0.049524
0 0.545704 0.165238 0.011429 0.031429
0 0.499286 0.028571 0.011429 0.028571
0 0.682143 0.272857 0.011429 0.033333
0 0.611429 0.238571 0.014286 0.029524
0 0.571786 0.175238 0.009286 0.022857
0 0.574643 0.146667 0.009286 0.019048
0 0.563929 0.036190 0.007857 0.026667
0 0.570000 0.044762 0.008571 0.026667
0 0.499286 0.008095 0.005714 0.021905
0 0.487043 0.132381 0.007143 0.020952
0 0.476786 0.032857 0.009286 0.025714
0 0.529286 0.006667 0.012857 0.038095
0 0.541786 0.071429 0.007857 0.013333
