0 0.609643 0.883800 0.019286 0.051429
0 0.582857 0.875238 0.005714 0.045714
0 0.550429 0.677619 0.014286 0.039048
0 0.502143 0.621429 0.011429 0.040952
0 0.486070 0.572857 0.010714 0.035238
0 0.523929 0.607143 0.013571 0.038095
0 0.635000 0.704762 0.020000 0.043810
0 0.572857 0.628571 0.017143 0.032381
0 0.608571 0.552381 0.015714 0.032381
0 0.353929 0.363333 0.007857 0.014286
0 0.385000 0.398571 0.008571 0.018095
0 0.387857 0.415238 0.011429 0.017143
0 0.341429 0.345714 0.005714 0.011429
0 0.337857 0.358571 0.005714 0.012381
0 0.942500 0.500000 0.005000 0.032381
0 0.979286 0.505704 0.020000 0.032381
0 0.666429 0.847619 0.020000 0.043810
