0 0.610250 0.189667 0.004500 0.010000
0 0.598000 0.243667 0.006000 0.014000
0 0.003000 0.225000 0.008000 0.018000
0 0.099250 0.225333 0.006500 0.006000
0 0.095750 0.228667 0.007500 0.004667
0 0.090750 0.328000 0.007500 0.022667
0 0.098750 0.327667 0.007500 0.009333
0 0.034250 0.358667 0.008500 0.025333
0 0.005000 0.302000 0.009000 0.014667
0 0.206000 0.833333 0.009000 0.048000
0 0.159000 0.846333 0.019000 0.031333
0 0.135500 0.846000 0.021000 0.036000
0 0.560250 0.094333 0.002500 0.010000
0 0.566750 0.088667 0.002500 0.002000
