0 0.035357 0.307043 0.005000 0.021905
0 0.038204 0.306190 0.005000 0.018095
0 0.042857 0.300000 0.008571 0.021905
0 0.053204 0.311905 0.006429 0.025714
0 0.092857 0.302381 0.008571 0.019048
0 0.179286 0.360476 0.007143 0.020000
0 0.174286 0.352381 0.007143 0.020952
0 0.087857 0.338571 0.008571 0.023810
0 0.095000 0.334762 0.008571 0.025714
0 0.240786 0.318095 0.007857 0.020952
0 0.256070 0.315238 0.005000 0.020952
0 0.263929 0.304286 0.007857 0.020952
0 0.406070 0.420476 0.009286 0.025714
0 0.403571 0.419524 0.008571 0.027619
0 0.500704 0.440476 0.010000 0.031429
0 0.506786 0.440000 0.006429 0.026667
0 0.520429 0.441905 0.007143 0.024762
0 0.567043 0.423333 0.007143 0.025714
0 0.540357 0.424762 0.010714 0.026667
0 0.586786 0.382857 0.009286 0.022857
0 0.622043 0.364762 0.007143 0.024762
0 0.603929 0.442381 0.006429 0.029524
0 0.624286 0.438095 0.001429 0.034286
0 0.703204 0.469524 0.007857 0.032381
0 0.642043 0.318095 0.004286 0.017143
0 0.632857 0.290905 0.005714 0.016190
0 0.635704 0.281905 0.004286 0.013333
0 0.657500 0.263800 0.003571 0.013333
0 0.650704 0.256190 0.004286 0.015238
0 0.658570 0.251429 0.002857 0.005714
0 0.656429 0.252857 0.002857 0.004286
0 0.643570 0.296190 0.005714 0.017143
0 0.637857 0.344286 0.007043 0.020000
0 0.606429 0.438571 0.007143 0.031429
0 0.661071 0.488095 0.012143 0.035238
0 0.704286 0.462381 0.010000 0.031429
0 0.829286 0.506090 0.008571 0.029524
0 0.824643 0.502380 0.007857 0.033333
0 0.857500 0.486667 0.002143 0.036190
0 0.846070 0.466667 0.009286 0.032381
0 0.772500 0.468095 0.009286 0.023800
0 0.775000 0.460905 0.008571 0.032381
0 0.791429 0.458571 0.010000 0.021905
0 0.841786 0.436190 0.009286 0.022857
0 0.860000 0.460952 0.011429 0.024762
0 0.870714 0.475714 0.010000 0.021905
0 0.891071 0.730476 0.020714 0.036190
0 0.942043 0.751905 0.020000 0.056190
0 0.960704 0.754762 0.022857 0.063810
0 0.989286 0.907143 0.021429 0.077143
0 0.994286 0.545714 0.010000 0.034286
0 0.743214 0.297619 0.005000 0.010476
0 0.730071 0.273810 0.002143 0.010476
0 0.728570 0.271429 0.002857 0.009524
0 0.795000 0.400476 0.005714 0.022857
0 0.789286 0.403800 0.004286 0.022857
0 0.787857 0.400952 0.004286 0.024762
0 0.783570 0.395238 0.005714 0.022857
0 0.966429 0.303333 0.004286 0.000476
0 0.959286 0.309048 0.004286 0.002381
0 0.955357 0.307609 0.003571 0.013333
0 0.962500 0.309048 0.003570 0.012381
0 0.948929 0.303333 0.005000 0.002381
0 0.944286 0.310000 0.004286 0.014286
0 0.928570 0.303333 0.005714 0.016190
0 0.893571 0.290000 0.004286 0.012381
0 0.895714 0.294286 0.004286 0.009524
0 0.940357 0.300952 0.003571 0.007619
0 0.772043 0.225238 0.002857 0.006667
0 0.798929 0.234762 0.003570 0.006667
0 0.801786 0.238095 0.002143 0.005714
0 0.785000 0.235714 0.002857 0.004762
