0 0.365704 0.774112 0.012857 0.035533
0 0.595000 0.872462 0.001429 0.044416
0 0.588204 0.629442 0.007857 0.032995
0 0.420357 0.664340 0.002143 0.036802
0 0.423929 0.656090 0.012143 0.040609
0 0.505000 0.328680 0.010000 0.038071
0 0.496071 0.270305 0.013571 0.032995
0 0.206070 0.415609 0.019286 0.034264
0 0.256070 0.354695 0.009286 0.031726
0 0.436786 0.223350 0.012143 0.017766
0 0.426071 0.241117 0.009286 0.017766
0 0.287043 0.139594 0.008571 0.032995
0 0.273929 0.048858 0.002143 0.031726
0 0.488929 0.058376 0.012143 0.020305
0 0.491429 0.170051 0.012857 0.035533
0 0.480429 0.016497 0.008571 0.025381
0 0.445357 0.037437 0.009286 0.016497
0 0.425000 0.008883 0.002857 0.007766
0 0.489643 0.052665 0.009286 0.021574
0 0.302857 0.225254 0.010000 0.021574
0 0.533570 0.987944 0.015714 0.021574
0 0.548204 0.989213 0.016429 0.019036
0 0.425357 0.224619 0.012143 0.015228
