0 0.903214 0.694762 0.012143 0.050476
0 0.937500 0.699524 0.007857 0.046667
0 0.705000 0.670429 0.014286 0.049524
0 0.662857 0.670905 0.014286 0.044762
0 0.650704 0.671905 0.015714 0.040952
0 0.777500 0.605714 0.012143 0.039048
0 0.740704 0.591905 0.012857 0.027619
0 0.660357 0.601905 0.012143 0.031429
0 0.957043 0.614762 0.008571 0.027619
0 0.965714 0.619524 0.011429 0.025714
0 0.621071 0.649048 0.009286 0.027619
0 0.675000 0.478095 0.005714 0.017143
0 0.690357 0.452380 0.005000 0.013333
0 0.570786 0.500000 0.005000 0.019048
0 0.578204 0.500952 0.006429 0.017143
0 0.583570 0.500476 0.005714 0.014286
0 0.696429 0.440952 0.005704 0.013333
0 0.797043 0.458095 0.004286 0.019048
0 0.808570 0.462857 0.004286 0.013333
0 0.804643 0.459524 0.006429 0.018095
0 0.804643 0.460000 0.005000 0.007143
0 0.846786 0.465704 0.005000 0.019048
0 0.872043 0.480952 0.005714 0.017143
0 0.836786 0.480905 0.005000 0.015238
0 0.340357 0.580952 0.000714 0.030476
0 0.327043 0.585714 0.008571 0.032381
0 0.230429 0.530952 0.010000 0.025714
0 0.244286 0.549524 0.000000 0.028571
0 0.242043 0.621905 0.011429 0.040000
0 0.308570 0.603333 0.008571 0.027619
0 0.278204 0.601905 0.007857 0.032381
0 0.290786 0.608571 0.009286 0.034286
0 0.296786 0.569524 0.009286 0.024762
0 0.308214 0.563810 0.007857 0.022857
0 0.326786 0.566090 0.009286 0.027619
0 0.330000 0.574286 0.007043 0.026667
0 0.222857 0.593333 0.005704 0.030476
0 0.228929 0.600429 0.007857 0.033333
0 0.236070 0.605714 0.010714 0.032381
0 0.055000 0.530000 0.008571 0.023810
0 0.068571 0.609524 0.010000 0.036190
0 0.084643 0.608095 0.012143 0.040952
