0 0.004643 0.242857 0.019286 0.055238
0 0.466786 0.956667 0.020704 0.065714
0 0.522043 0.758095 0.012857 0.045714
0 0.485357 0.574286 0.006429 0.051429
0 0.468570 0.570952 0.011429 0.054286
0 0.505000 0.684286 0.010000 0.056190
0 0.470786 0.296190 0.009286 0.040000
0 0.496786 0.275238 0.009286 0.030476
0 0.502500 0.290000 0.009286 0.033333
0 0.440429 0.292381 0.010000 0.032381
0 0.475704 0.189524 0.008571 0.034286
0 0.456786 0.072857 0.010714 0.037143
0 0.458570 0.147619 0.011429 0.032381
0 0.448929 0.003810 0.003571 0.015238
0 0.452043 0.112381 0.005714 0.028571
