0 0.087143 0.887143 0.014286 0.042857
0 0.580071 0.809048 0.009286 0.037143
0 0.595000 0.800952 0.011429 0.039048
0 0.603929 0.818571 0.010714 0.039048
0 0.632857 0.803333 0.010000 0.034286
0 0.690429 0.819048 0.011429 0.038095
0 0.692500 0.853800 0.010714 0.042857
0 0.720429 0.902381 0.012857 0.050476
0 0.772043 0.845714 0.014286 0.045714
0 0.805357 0.849048 0.007857 0.056190
0 0.832857 0.854286 0.002857 0.053333
0 0.772043 0.798571 0.012857 0.037143
0 0.655704 0.743810 0.008571 0.020952
0 0.677857 0.755238 0.005704 0.017143
0 0.679643 0.738570 0.007857 0.025714
0 0.857857 0.865238 0.008571 0.054286
0 0.887500 0.884286 0.005000 0.040952
0 0.893929 0.877043 0.012143 0.043810
0 0.806786 0.815238 0.012143 0.041905
0 0.693204 0.920000 0.016429 0.055238
0 0.764643 0.908570 0.019286 0.049524
0 0.764643 0.930905 0.017857 0.054286
0 0.752043 0.972857 0.018571 0.054286
0 0.735000 0.957043 0.021429 0.064762
0 0.739643 0.937043 0.016429 0.055238
0 0.706786 0.937619 0.016429 0.056190
0 0.705704 0.950000 0.012857 0.037143
0 0.756429 0.753333 0.008570 0.022857
0 0.753929 0.747043 0.007857 0.021905
0 0.738929 0.738570 0.007857 0.021905
0 0.708929 0.736667 0.007857 0.025704
0 0.485000 0.734286 0.008570 0.020952
0 0.432043 0.784762 0.007143 0.030476
0 0.290429 0.795238 0.008571 0.019048
0 0.770000 0.973800 0.020000 0.052381
0 0.753570 0.971905 0.018571 0.056190
0 0.740071 0.981429 0.015000 0.037143
0 0.702500 0.973810 0.019286 0.052381
0 0.679286 0.666667 0.004286 0.009524
0 0.672857 0.666090 0.004286 0.010476
0 0.688929 0.690905 0.003571 0.016190
0 0.683570 0.690952 0.002857 0.012381
0 0.705000 0.737143 0.005714 0.019048
0 0.708571 0.735238 0.005714 0.024762
0 0.720786 0.729524 0.006429 0.024762
0 0.704286 0.703810 0.004286 0.018095
0 0.690071 0.711429 0.005000 0.019048
0 0.700000 0.692380 0.005714 0.015238
0 0.695357 0.705238 0.005000 0.006190
0 0.693929 0.700429 0.003571 0.020000
0 0.709643 0.704286 0.005000 0.019048
0 0.700429 0.713810 0.004286 0.014286
0 0.768570 0.766190 0.008571 0.029524
0 0.859286 0.787609 0.010000 0.034286
0 0.903571 0.984286 0.021429 0.031429
0 0.542043 0.698571 0.004286 0.016190
