0 0.048570 0.767143 0.035714 0.073333
0 0.076429 0.740000 0.037043 0.070476
0 0.320000 0.454762 0.007143 0.058095
0 0.340071 0.458095 0.017857 0.055238
0 0.288570 0.422857 0.014286 0.047619
0 0.277500 0.406667 0.009286 0.042857
0 0.265357 0.402380 0.015000 0.050476
0 0.227500 0.252380 0.013571 0.045714
0 0.202500 0.260476 0.003571 0.058095
0 0.205714 0.260952 0.011429 0.051429
0 0.038929 0.381429 0.023571 0.040952
0 0.596070 0.449048 0.010714 0.048571
0 0.583570 0.388571 0.010000 0.047619
0 0.595704 0.142381 0.005714 0.018095
0 0.602857 0.042857 0.005714 0.019048
0 0.605704 0.111905 0.005714 0.016190
0 0.623570 0.096667 0.004286 0.016190
0 0.670704 0.123333 0.005714 0.020000
0 0.056071 0.580000 0.025000 0.066667
0 0.209643 0.590476 0.029286 0.059048
0 0.143929 0.441905 0.019286 0.047619
0 0.169286 0.426667 0.012857 0.049524
0 0.086786 0.457619 0.022143 0.052381
0 0.108929 0.450952 0.020714 0.052381
0 0.018214 0.441905 0.019286 0.040000
0 0.011071 0.413810 0.016429 0.044762
0 0.037143 0.426190 0.012857 0.037143
0 0.051071 0.424762 0.015000 0.028571
0 0.072857 0.420952 0.018571 0.030476
0 0.083214 0.414762 0.016429 0.035238
0 0.079643 0.410000 0.016429 0.029524
0 0.309643 0.388571 0.015000 0.034286
0 0.009643 0.310000 0.019286 0.035238
0 0.041071 0.301905 0.022143 0.043810
0 0.075000 0.295238 0.024286 0.053333
0 0.103929 0.293333 0.026429 0.053333
0 0.139286 0.286667 0.022857 0.049524
0 0.252500 0.269048 0.019286 0.037143
0 0.275714 0.261429 0.015714 0.039048
0 0.281429 0.266190 0.014286 0.042857
0 0.005357 0.233810 0.016429 0.046667
0 0.911071 0.693810 0.020714 0.046667
