0 0.096786 0.967619 0.030714 0.047619
0 0.047857 0.746667 0.037043 0.045714
0 0.073929 0.703333 0.036429 0.052380
0 0.072857 0.277619 0.011429 0.039048
0 0.041786 0.296667 0.019286 0.040952
0 0.573204 0.901905 0.026429 0.051429
0 0.946070 0.240476 0.019286 0.040952
0 0.965000 0.204286 0.005714 0.037143
0 0.847043 0.062857 0.010000 0.032381
0 0.842500 0.060000 0.002143 0.032381
0 0.808214 0.049048 0.015000 0.029524
0 0.439286 0.444762 0.005714 0.043810
0 0.573214 0.358571 0.015000 0.035238
0 0.614643 0.016190 0.009286 0.019048
0 0.406429 0.248571 0.012857 0.026667
