0 0.181367 0.468460 0.013048 0.016698
0 0.183194 0.448980 0.013570 0.018553
0 0.188674 0.428571 0.010960 0.016698
0 0.191806 0.414193 0.008873 0.012059
0 0.195981 0.405844 0.009916 0.013915
0 0.213205 0.413729 0.009916 0.020408
0 0.207463 0.484230 0.004092 0.022263
0 0.207724 0.520872 0.001482 0.025046
0 0.211900 0.465213 0.009395 0.017625
0 0.217380 0.440631 0.009916 0.014842
0 0.219468 0.426716 0.009916 0.014842
0 0.340031 0.442022 0.008873 0.023191
0 0.379436 0.542208 0.008350 0.023191
0 0.479123 0.490724 0.008351 0.020408
0 0.476775 0.455009 0.010960 0.021336
0 0.510699 0.452226 0.007829 0.017625
0 0.008528 0.564471 0.013048 0.023191
0 0.027400 0.527829 0.019311 0.027829
0 0.030315 0.548237 0.013570 0.022263
0 0.040710 0.527829 0.014614 0.018553
0 0.050365 0.493970 0.013048 0.023191
0 0.062630 0.449443 0.012526 0.021336
0 0.066023 0.433210 0.015136 0.020408
