0 0.305250 0.663333 0.025500 0.056000
0 0.474250 0.296667 0.003500 0.030667
0 0.482500 0.042667 0.006000 0.003333
0 0.460000 0.039667 0.005000 0.006667
0 0.433250 0.035667 0.006500 0.023333
0 0.439000 0.040667 0.004000 0.003333
0 0.495250 0.020000 0.004500 0.007333
0 0.507750 0.008667 0.005500 0.020000
0 0.500250 0.045667 0.004500 0.019333
0 0.500250 0.045667 0.004500 0.009333
0 0.568750 0.034000 0.005500 0.020000
0 0.573000 0.038667 0.005000 0.020000
0 0.950000 0.868667 0.047000 0.069333
0 0.652250 0.309000 0.014500 0.046000
