0 0.499286 0.011429 0.010000 0.017143
0 0.048571 0.100476 0.005714 0.014286
0 0.043929 0.101905 0.005000 0.011429
0 0.283570 0.179048 0.004286 0.011429
0 0.280000 0.079048 0.004286 0.009524
0 0.276070 0.179524 0.005000 0.012381
0 0.266071 0.180476 0.005000 0.012381
0 0.303929 0.175238 0.007857 0.011429
0 0.567500 0.326667 0.006429 0.009048
0 0.500000 0.070952 0.002857 0.002381
0 0.483570 0.018571 0.004286 0.012381
0 0.458929 0.178571 0.005000 0.012381
0 0.540000 0.453333 0.007043 0.017143
0 0.424286 0.609048 0.005714 0.018095
