0 0.407000 0.661333 0.026000 0.096000
0 0.458750 0.608667 0.025500 0.085333
0 0.437500 0.590000 0.016000 0.078000
0 0.354750 0.750333 0.020500 0.117333
0 0.369750 0.733333 0.025500 0.010667
0 0.356750 0.705000 0.029500 0.004667
0 0.245500 0.659000 0.029000 0.042000
0 0.225500 0.650667 0.035000 0.051333
0 0.074500 0.661667 0.018000 0.036667
0 0.377250 0.592667 0.028500 0.072000
0 0.258750 0.440333 0.007500 0.036000
0 0.266000 0.440000 0.011000 0.034000
0 0.010000 0.421667 0.008000 0.020667
0 0.050000 0.414000 0.008000 0.012000
0 0.301500 0.417667 0.009000 0.022000
0 0.320250 0.413667 0.008500 0.012667
0 0.279250 0.408667 0.003500 0.022667
0 0.202750 0.402000 0.006500 0.014667
0 0.236750 0.393667 0.006500 0.008667
0 0.242250 0.392333 0.004500 0.007333
0 0.445750 0.435000 0.006500 0.027333
0 0.433500 0.453333 0.000000 0.038667
0 0.425000 0.460000 0.005000 0.028000
0 0.409750 0.454000 0.006500 0.037333
0 0.403250 0.456333 0.007500 0.036667
0 0.368250 0.562000 0.007500 0.069333
0 0.389250 0.508000 0.001500 0.048000
0 0.433500 0.542333 0.007000 0.055333
0 0.448750 0.509333 0.014500 0.057333
0 0.404500 0.512000 0.016000 0.052000
0 0.468000 0.498667 0.011000 0.022667
0 0.555750 0.564333 0.023500 0.062000
0 0.650000 0.525333 0.018000 0.053333
0 0.662000 0.533333 0.001000 0.045333
0 0.680500 0.528333 0.018000 0.056667
0 0.703000 0.562667 0.020000 0.064000
0 0.748250 0.592667 0.028500 0.072000
0 0.813250 0.528667 0.019500 0.048000
0 0.665500 0.661333 0.030000 0.052000
0 0.719500 0.730000 0.026000 0.093333
0 0.862250 0.553000 0.007500 0.068667
0 0.896500 0.642667 0.025000 0.060333
0 0.907750 0.637000 0.027500 0.078000
0 0.236250 0.449333 0.009500 0.022667
