0 0.048214 0.232868 0.005000 0.013959
0 0.036786 0.280457 0.006429 0.010152
0 0.031429 0.293147 0.005714 0.010152
0 0.033571 0.281091 0.005714 0.011421
0 0.050000 0.215736 0.005714 0.010152
0 0.059643 0.182741 0.005000 0.012690
0 0.200429 0.043147 0.004286 0.015228
0 0.200071 0.039975 0.006429 0.016497
0 0.200429 0.035533 0.005714 0.012690
0 0.097143 0.053299 0.007143 0.012690
0 0.435357 0.251269 0.005000 0.020305
0 0.620071 0.081218 0.003571 0.017766
0 0.650704 0.285533 0.002857 0.012690
0 0.650000 0.276005 0.002857 0.008883
0 0.650786 0.270939 0.002143 0.013959
0 0.652043 0.424492 0.005714 0.016497
