0 0.005000 0.600476 0.005704 0.023810
0 0.302143 0.808095 0.014286 0.035238
0 0.339643 0.768095 0.000714 0.033333
0 0.007857 0.673333 0.005704 0.026667
0 0.008929 0.714762 0.007857 0.027619
0 0.008929 0.720952 0.007857 0.026667
0 0.569286 0.054286 0.002857 0.003333
0 0.560357 0.067609 0.003571 0.017143
0 0.578204 0.071905 0.003571 0.020000
0 0.565704 0.167619 0.002857 0.011429
0 0.578929 0.220952 0.003570 0.015238
0 0.450071 0.302381 0.005000 0.021905
0 0.459286 0.300429 0.004286 0.020000
0 0.565000 0.320000 0.005704 0.020952
0 0.557500 0.339524 0.006429 0.020000
0 0.545704 0.338095 0.005714 0.022857
0 0.545000 0.332857 0.002857 0.012381
0 0.485000 0.330952 0.002857 0.000476
0 0.480704 0.331905 0.002857 0.012381
0 0.660786 0.912381 0.007857 0.022857
0 0.630786 0.901905 0.010714 0.032381
0 0.603570 0.270000 0.004286 0.016190
0 0.597500 0.079524 0.002043 0.012381
0 0.589286 0.047619 0.004286 0.017143
0 0.595000 0.051429 0.004286 0.013333
0 0.585357 0.062857 0.003571 0.011429
0 0.609643 0.068571 0.003571 0.015238
0 0.603570 0.170476 0.004286 0.015238
0 0.605704 0.199524 0.004286 0.016190
0 0.600429 0.199524 0.004286 0.014286
0 0.698204 0.422381 0.007857 0.018095
0 0.705000 0.679524 0.007143 0.033333
0 0.808214 0.177143 0.003571 0.015238
0 0.802143 0.290952 0.007143 0.012381
0 0.962857 0.634762 0.002857 0.025714
0 0.900000 0.341905 0.004286 0.019048
0 0.902857 0.350905 0.004286 0.018095
0 0.890429 0.146667 0.005714 0.024762
0 0.890429 0.090000 0.005714 0.012381
0 0.904643 0.093333 0.003570 0.011429
0 0.898929 0.046667 0.003570 0.015238
0 0.878204 0.058571 0.003571 0.012381
0 0.963204 0.117143 0.005000 0.015238
0 0.969643 0.017619 0.003571 0.014286
0 0.982500 0.020952 0.005000 0.015238
0 0.992043 0.122381 0.002857 0.014286
0 0.927500 0.002857 0.006429 0.019048
0 0.907857 0.038570 0.004286 0.014286
0 0.827857 0.005238 0.004286 0.000476
0 0.834286 0.004762 0.004286 0.009524
0 0.846070 0.051429 0.005000 0.017143
