0 0.238204 0.714762 0.076429 0.155238
0 0.263929 0.708095 0.049286 0.030476
0 0.372500 0.580000 0.035000 0.008571
0 0.400786 0.607143 0.022143 0.107619
0 0.401786 0.573333 0.027857 0.120000
0 0.570000 0.668570 0.038571 0.121905
0 0.950704 0.812857 0.084286 0.130476
0 0.487857 0.394762 0.005714 0.082857
0 0.605357 0.428095 0.020704 0.084762
0 0.633570 0.436667 0.018571 0.082857
0 0.547500 0.250952 0.002143 0.050476
0 0.556786 0.246667 0.000714 0.055238
0 0.922500 0.333333 0.025000 0.057043
0 0.937857 0.330476 0.024286 0.059048
0 0.970429 0.287143 0.020000 0.048571
0 0.986429 0.260905 0.014286 0.043810
0 0.970786 0.251905 0.015000 0.042857
0 0.908214 0.251905 0.016429 0.040952
0 0.934643 0.233800 0.017857 0.042857
0 0.957500 0.234286 0.002143 0.038095
0 0.944286 0.074286 0.010000 0.028571
0 0.956786 0.073333 0.009286 0.026667
0 0.906071 0.172381 0.010714 0.026667
0 0.994643 0.090000 0.009286 0.021905
0 0.490786 0.107619 0.003571 0.017143
0 0.757500 0.441429 0.039286 0.084762
