0 0.442043 0.037619 0.002857 0.010476
0 0.436070 0.037143 0.002143 0.011429
0 0.447043 0.108095 0.004286 0.012381
0 0.505704 0.080952 0.002857 0.011429
0 0.405000 0.204762 0.002857 0.011429
0 0.553929 0.003333 0.002143 0.009524
0 0.560704 0.018095 0.002857 0.009524
0 0.580000 0.040476 0.002857 0.008570
0 0.405714 0.226667 0.002857 0.011429
0 0.589643 0.003810 0.003571 0.013333
0 0.583570 0.109048 0.004286 0.014286
0 0.574643 0.005238 0.003571 0.014286
0 0.578204 0.107619 0.003571 0.013333
0 0.488929 0.037619 0.002143 0.006667
0 0.518571 0.060952 0.004286 0.007619
0 0.492500 0.100000 0.002143 0.007619
0 0.546429 0.144762 0.002857 0.007619
0 0.495357 0.039048 0.002143 0.007619
0 0.579286 0.403810 0.004286 0.011429
0 0.650714 0.802381 0.007143 0.018095
