0 0.608750 0.261667 0.005500 0.015333
0 0.609750 0.242000 0.004500 0.008667
0 0.653250 0.220333 0.003500 0.008000
0 0.656750 0.220333 0.003500 0.008000
0 0.607500 0.346000 0.002000 0.038667
0 0.530000 0.408667 0.012000 0.032000
0 0.546250 0.319000 0.007500 0.027333
0 0.291500 0.675667 0.032000 0.074000
0 0.331500 0.579667 0.019000 0.043333
0 0.339250 0.560333 0.023500 0.048667
0 0.339000 0.473333 0.024000 0.064000
0 0.474250 0.536333 0.006500 0.066000
0 0.456250 0.537333 0.005500 0.062667
0 0.540500 0.685333 0.009000 0.076000
0 0.559000 0.694667 0.009000 0.100000
0 0.502000 0.594333 0.025000 0.052667
