0 0.406071 0.150381 0.003571 0.013959
0 0.527857 0.023731 0.004286 0.008883
0 0.420704 0.270939 0.002857 0.011421
0 0.448929 0.307893 0.003571 0.013959
0 0.450429 0.316624 0.002857 0.011421
0 0.457043 0.373096 0.002857 0.012690
0 0.465357 0.486040 0.003571 0.015228
0 0.502500 0.564086 0.003571 0.016497
0 0.460357 0.520939 0.003570 0.011421
0 0.458204 0.508883 0.002143 0.012690
0 0.539643 0.725254 0.003570 0.016497
0 0.543929 0.723350 0.005000 0.007766
0 0.420071 0.039975 0.002143 0.006345
0 0.589643 0.906878 0.003571 0.016497
