0 0.942500 0.968274 0.025000 0.022843
0 0.004286 0.030457 0.008571 0.030457
0 0.045000 0.057995 0.010000 0.031726
0 0.022143 0.005711 0.008571 0.011421
0 0.063204 0.371193 0.013571 0.031726
0 0.206786 0.662437 0.009286 0.030457
0 0.290357 0.357868 0.002143 0.030457
0 0.439286 0.606751 0.011429 0.030457
0 0.427500 0.678934 0.009286 0.025380
0 0.497043 0.573604 0.008571 0.025381
0 0.506429 0.595812 0.008571 0.029188
0 0.625704 0.581853 0.012857 0.026650
0 0.733204 0.527284 0.010714 0.031726
0 0.848570 0.513325 0.014286 0.026650
0 0.882500 0.528553 0.000714 0.024112
0 0.948570 0.520939 0.014286 0.031726
0 0.776429 0.286068 0.012857 0.029188
0 0.773570 0.272843 0.011429 0.030457
0 0.740786 0.189086 0.006429 0.025381
0 0.487500 0.014213 0.005000 0.027919
0 0.506429 0.030711 0.005714 0.025381
0 0.488570 0.109137 0.005714 0.025381
0 0.493929 0.005964 0.007857 0.026650
0 0.498929 0.008503 0.005000 0.016497
0 0.495704 0.072335 0.004286 0.022843
0 0.499286 0.040244 0.004286 0.021574
0 0.502043 0.043147 0.004286 0.022843
0 0.506429 0.054569 0.007043 0.025381
0 0.504643 0.055203 0.005000 0.026650
0 0.520704 0.050761 0.004286 0.022843
0 0.509643 0.009518 0.003571 0.019036
0 0.520786 0.298858 0.006429 0.031726
0 0.743929 0.982234 0.002143 0.032995
0 0.857857 0.720447 0.011429 0.031726
0 0.800357 0.759508 0.010714 0.021574
0 0.732857 0.866750 0.010000 0.025381
0 0.739286 0.864848 0.007043 0.021574
0 0.686429 0.808376 0.007043 0.025381
0 0.664643 0.783629 0.009286 0.024012
0 0.663570 0.755711 0.010000 0.024112
0 0.529643 0.783629 0.007857 0.020574
0 0.546786 0.746827 0.009286 0.026650
