0 0.472860 0.906308 0.015658 0.037106
0 0.457724 0.800761 0.010438 0.042672
0 0.530271 0.426716 0.006263 0.018553
0 0.606733 0.401670 0.005741 0.018553
0 0.609081 0.462894 0.006263 0.020408
0 0.595511 0.462894 0.006263 0.016698
0 0.588987 0.484230 0.005741 0.018553
0 0.615344 0.556122 0.007307 0.019481
0 0.727557 0.567254 0.005209 0.026902
0 0.736069 0.564935 0.005741 0.029685
0 0.697808 0.809833 0.008351 0.029685
0 0.706159 0.813080 0.011482 0.032468
0 0.706159 0.810297 0.007307 0.023191
0 0.703800 0.441095 0.005741 0.023191
0 0.588727 0.360390 0.006263 0.007625
0 0.597338 0.338590 0.003653 0.012987
0 0.626827 0.341837 0.004175 0.013915
0 0.640441 0.352041 0.004175 0.019481
0 0.629436 0.305195 0.004175 0.009276
0 0.545668 0.338590 0.004697 0.006698
0 0.543840 0.333024 0.003132 0.014842
0 0.618215 0.244434 0.002610 0.008349
0 0.618215 0.233302 0.003653 0.010204
0 0.621868 0.233302 0.002610 0.010204
0 0.606994 0.226345 0.003132 0.009276
0 0.618476 0.213822 0.002088 0.006494
0 0.614562 0.209184 0.002610 0.008349
0 0.613779 0.196660 0.002088 0.009276
0 0.611430 0.211039 0.002610 0.006494
0 0.624739 0.234230 0.002088 0.000204
0 0.625783 0.234694 0.002088 0.001132
0 0.613779 0.181818 0.002088 0.005566
0 0.611430 0.155844 0.001566 0.005566
0 0.604384 0.161874 0.002088 0.006494
0 0.601775 0.159091 0.001044 0.004638
0 0.598121 0.158627 0.002088 0.005566
0 0.612735 0.171150 0.002088 0.004638
