0 0.320429 0.396190 0.020000 0.055238
0 0.433570 0.161905 0.015714 0.059048
0 0.504643 0.208095 0.010714 0.058095
0 0.484286 0.333800 0.014286 0.054286
0 0.549286 0.332857 0.004286 0.050476
0 0.527500 0.370000 0.002143 0.056190
0 0.546070 0.350476 0.016429 0.055238
0 0.580429 0.369048 0.017143 0.058095
0 0.674643 0.044286 0.015000 0.052381
0 0.673204 0.111429 0.013571 0.040000
0 0.938570 0.154762 0.018571 0.058095
0 0.926786 0.055238 0.020714 0.049524
0 0.739643 0.292857 0.003571 0.035238
0 0.705000 0.310476 0.012857 0.049524
0 0.630786 0.291905 0.016429 0.058095
0 0.280704 0.822381 0.035714 0.058095
