0 0.383204 0.921320 0.012143 0.020305
0 0.362500 0.668782 0.002143 0.020305
0 0.367857 0.654822 0.008570 0.020305
0 0.063571 0.263959 0.010000 0.027919
0 0.350786 0.256345 0.006429 0.022843
0 0.380704 0.254442 0.007143 0.024112
0 0.435704 0.212563 0.007143 0.021574
0 0.438929 0.202563 0.005000 0.019036
0 0.445704 0.217640 0.005714 0.021574
0 0.376786 0.250269 0.006429 0.025381
0 0.343929 0.246827 0.009286 0.020574
0 0.605714 0.127538 0.007143 0.019036
0 0.602500 0.134518 0.007857 0.022843
0 0.543929 0.207640 0.006429 0.029188
0 0.686070 0.229695 0.007857 0.025381
0 0.735000 0.362310 0.010000 0.019036
0 0.827043 0.359137 0.007143 0.025381
0 0.828204 0.351523 0.007857 0.027919
0 0.822500 0.638325 0.007857 0.025380
0 0.830000 0.635787 0.000000 0.020305
0 0.805357 0.635787 0.010714 0.022843
0 0.448929 0.003325 0.006429 0.019036
0 0.305714 0.747462 0.005714 0.012690
0 0.320429 0.744289 0.007143 0.016497
0 0.307500 0.726523 0.010714 0.011421
0 0.960786 0.421954 0.010714 0.019036
0 0.960704 0.416244 0.005714 0.012690
0 0.962857 0.404975 0.014286 0.020305
