0 0.710000 0.012381 0.011429 0.022857
0 0.725704 0.010952 0.005714 0.020000
0 0.559643 0.048095 0.009286 0.021905
0 0.495000 0.089524 0.007043 0.026667
0 0.455000 0.070000 0.008571 0.025714
0 0.439643 0.088095 0.009286 0.025714
0 0.404286 0.200952 0.000000 0.019048
0 0.392857 0.252380 0.008571 0.022857
0 0.674643 0.089048 0.006429 0.029524
0 0.555357 0.225238 0.009286 0.023810
0 0.559643 0.274286 0.010714 0.015238
0 0.492857 0.364286 0.012857 0.014286
0 0.476429 0.443800 0.010000 0.019048
0 0.488570 0.498571 0.008571 0.018095
0 0.500000 0.490905 0.010000 0.020000
0 0.523214 0.567143 0.012143 0.018095
0 0.332500 0.244762 0.002143 0.024762
0 0.302143 0.337143 0.011429 0.020952
0 0.300000 0.329524 0.002857 0.024762
0 0.236786 0.465238 0.022143 0.021905
0 0.225704 0.502857 0.017143 0.020952
0 0.202500 0.499524 0.016429 0.018095
0 0.203571 0.510476 0.018571 0.017143
0 0.087857 0.532857 0.017143 0.016190
0 0.075357 0.546190 0.017857 0.018095
0 0.077500 0.566667 0.015000 0.013333
0 0.057857 0.561429 0.017143 0.018095
0 0.154286 0.629048 0.027143 0.020000
0 0.158214 0.692381 0.015000 0.017143
0 0.028571 0.759048 0.018571 0.017143
0 0.087143 0.891429 0.020000 0.019048
0 0.283204 0.847143 0.016429 0.012381
0 0.294286 0.866090 0.018571 0.020000
0 0.253571 0.893333 0.014286 0.013333
