0 0.390000 0.648570 0.020000 0.036190
0 0.409643 0.693333 0.017857 0.024762
0 0.418214 0.799048 0.013571 0.022857
0 0.478929 0.922381 0.022143 0.021905
0 0.562857 0.800000 0.004286 0.024762
0 0.609286 0.590000 0.005714 0.023810
0 0.709643 0.844762 0.020714 0.024762
0 0.726070 0.826190 0.017857 0.020000
0 0.653204 0.688571 0.013571 0.038095
0 0.663214 0.568095 0.023571 0.027619
0 0.367500 0.449048 0.006429 0.018095
0 0.366429 0.435704 0.015714 0.020000
0 0.403571 0.438095 0.012857 0.020952
0 0.560786 0.449524 0.016429 0.024762
0 0.596429 0.455238 0.014286 0.020952
0 0.620786 0.545238 0.012143 0.018095
0 0.670071 0.421905 0.017857 0.024762
0 0.749643 0.442857 0.017857 0.024762
0 0.833204 0.294286 0.016429 0.024762
0 0.849286 0.238095 0.020000 0.024762
0 0.958929 0.206667 0.010714 0.015238
0 0.945714 0.199048 0.012857 0.015238
0 0.939286 0.165714 0.014286 0.017143
0 0.430000 0.237043 0.010000 0.030476
0 0.456429 0.005714 0.012857 0.031429
0 0.372043 0.084286 0.011429 0.027619
