0 0.878570 0.446066 0.011429 0.041878
0 0.560786 0.194162 0.007857 0.020305
0 0.657043 0.374365 0.007143 0.022843
0 0.643570 0.535533 0.007143 0.030457
0 0.635704 0.499365 0.007143 0.019036
0 0.636786 0.545050 0.007857 0.026650
0 0.638204 0.479695 0.006429 0.025381
0 0.630786 0.484137 0.006429 0.029188
0 0.399286 0.368020 0.008570 0.020305
0 0.403929 0.370558 0.005000 0.007766
0 0.404286 0.349609 0.005714 0.024112
0 0.345000 0.409898 0.008570 0.032995
0 0.632857 0.053934 0.007043 0.026650
0 0.677043 0.059010 0.004286 0.021574
0 0.675704 0.051396 0.005714 0.021574
0 0.668204 0.060914 0.007857 0.022843
0 0.390000 0.009137 0.005714 0.025381
0 0.570429 0.731599 0.007143 0.036802
