0 0.238929 0.093800 0.006429 0.020000
0 0.320071 0.084762 0.005000 0.017143
0 0.324286 0.094762 0.007043 0.021905
0 0.400429 0.041905 0.004286 0.019048
0 0.450000 0.096667 0.008570 0.020000
0 0.426786 0.406667 0.007857 0.025714
0 0.306070 0.005238 0.007857 0.010476
0 0.674286 0.435714 0.011429 0.018095
0 0.493214 0.361429 0.009286 0.029524
0 0.085714 0.133333 0.012857 0.013333
0 0.085714 0.481429 0.015714 0.027619
0 0.433204 0.401905 0.007857 0.022857
0 0.334286 0.369524 0.007043 0.024762
0 0.781429 0.625714 0.014286 0.024762
0 0.933571 0.344286 0.008571 0.014286
0 0.926429 0.343810 0.008571 0.013333
0 0.882857 0.532380 0.017143 0.028571
0 0.890429 0.525238 0.011429 0.029524
0 0.550000 0.006190 0.005714 0.015238
0 0.545704 0.016190 0.005714 0.017143
0 0.879643 0.018095 0.007857 0.022857
0 0.895357 0.027143 0.007857 0.020000
0 0.900429 0.124286 0.007143 0.020000
0 0.756070 0.135714 0.006429 0.020000
0 0.653204 0.114286 0.007857 0.017143
0 0.658929 0.065238 0.006429 0.008095
0 0.655000 0.034762 0.004286 0.008095
0 0.660000 0.050429 0.005714 0.019048
0 0.640357 0.024286 0.005000 0.006190
0 0.807043 0.120952 0.004286 0.009524
0 0.806786 0.011905 0.007857 0.016190
0 0.886429 0.008095 0.005714 0.018095
0 0.778929 0.147143 0.009286 0.016190
