0 0.272857 0.095704 0.005714 0.018095
0 0.146786 0.215714 0.007857 0.016190
0 0.396429 0.621429 0.012857 0.021905
0 0.389286 0.523810 0.010000 0.020952
0 0.366786 0.542857 0.007857 0.020952
0 0.357043 0.542381 0.010000 0.021905
0 0.633571 0.501429 0.008571 0.018095
0 0.656786 0.375714 0.009286 0.020000
0 0.662143 0.373810 0.005714 0.016190
0 0.390357 0.259048 0.007857 0.015238
0 0.527857 0.212857 0.005714 0.014286
0 0.582143 0.222381 0.005714 0.014286
0 0.580714 0.219048 0.007143 0.011429
0 0.528929 0.093810 0.006429 0.008571
0 0.439643 0.103810 0.006429 0.011429
0 0.420357 0.084762 0.005000 0.013333
0 0.691071 0.434286 0.007857 0.017143
