0 0.355704 0.662857 0.017143 0.047619
0 0.440786 0.653810 0.010714 0.050476
0 0.429286 0.608095 0.005714 0.044762
0 0.505357 0.316667 0.010714 0.031429
0 0.630000 0.086190 0.007143 0.027619
0 0.602500 0.217143 0.009286 0.019048
0 0.708929 0.084762 0.007857 0.009048
0 0.706071 0.073333 0.006429 0.019048
0 0.986429 0.253810 0.011429 0.014286
0 0.902500 0.121429 0.005000 0.012381
0 0.952043 0.121905 0.010000 0.020952
0 0.950357 0.092380 0.007857 0.020952
0 0.938570 0.075238 0.005714 0.017143
0 0.933929 0.064762 0.006429 0.005238
0 0.947043 0.066667 0.007143 0.019048
0 0.954286 0.066090 0.007143 0.016190
0 0.975704 0.074286 0.007143 0.019048
0 0.963929 0.092857 0.006429 0.008095
0 0.960704 0.085238 0.005714 0.016190
0 0.972500 0.095704 0.006429 0.020000
0 0.984643 0.016190 0.009286 0.019048
0 0.732857 0.029524 0.004286 0.003333
0 0.730704 0.017143 0.004286 0.011429
0 0.902500 0.005704 0.005000 0.011429
