0 0.834286 0.890476 0.020429 0.036190
0 0.789286 0.847043 0.027143 0.035238
0 0.888570 0.817143 0.021429 0.030476
0 0.875704 0.809048 0.021429 0.039048
0 0.842857 0.800952 0.004286 0.030476
0 0.478929 0.635714 0.016429 0.023810
0 0.407143 0.625238 0.014286 0.027619
0 0.335000 0.604286 0.012857 0.025714
0 0.329643 0.546667 0.012143 0.024762
0 0.370704 0.543810 0.015714 0.032381
0 0.376070 0.536667 0.012143 0.029524
0 0.360357 0.493333 0.009286 0.026667
0 0.376786 0.499524 0.002143 0.025714
0 0.390704 0.505714 0.012857 0.024762
0 0.379286 0.487043 0.011429 0.025714
0 0.468929 0.570429 0.009286 0.030476
0 0.474643 0.560905 0.013571 0.028571
0 0.227500 0.541905 0.012143 0.024762
0 0.248204 0.449524 0.012143 0.022857
0 0.256070 0.441429 0.009286 0.025714
0 0.004286 0.404762 0.012857 0.024762
0 0.009286 0.402857 0.012857 0.022857
0 0.029643 0.391429 0.012143 0.022857
0 0.041429 0.386190 0.012857 0.021905
0 0.095704 0.367619 0.012857 0.026667
0 0.082500 0.369048 0.000714 0.023810
0 0.072500 0.377609 0.012143 0.021905
0 0.050000 0.366667 0.002857 0.026667
0 0.065357 0.359048 0.000714 0.020952
0 0.030071 0.356190 0.012143 0.024762
0 0.020429 0.351905 0.014286 0.025714
0 0.006429 0.354286 0.012857 0.024762
0 0.007043 0.349524 0.012857 0.020952
0 0.012143 0.232381 0.010000 0.019048
0 0.098204 0.232857 0.009286 0.016190
0 0.907857 0.246190 0.010000 0.018095
0 0.905357 0.243810 0.007857 0.017143
0 0.943204 0.234286 0.009286 0.015238
0 0.950357 0.234286 0.009286 0.007143
0 0.450704 0.210952 0.005714 0.018095
0 0.444643 0.200000 0.006429 0.007143
