0 0.353929 0.040952 0.006429 0.020952
0 0.232043 0.108571 0.007143 0.017143
0 0.230429 0.135238 0.007143 0.022857
0 0.095000 0.182381 0.008571 0.020000
0 0.305357 0.147143 0.007857 0.012381
0 0.414286 0.167143 0.005714 0.012381
0 0.250357 0.225238 0.009286 0.020000
0 0.308571 0.252857 0.008571 0.016190
0 0.330714 0.270952 0.008571 0.016190
0 0.247043 0.312857 0.011429 0.023810
0 0.208570 0.268571 0.008571 0.020952
0 0.326071 0.476667 0.010714 0.018095
0 0.034643 0.382380 0.010714 0.020000
0 0.022500 0.499048 0.000714 0.020952
0 0.010357 0.623333 0.013571 0.018095
0 0.006786 0.628571 0.012143 0.011429
0 0.277043 0.540000 0.012857 0.032381
0 0.259286 0.540000 0.001429 0.024762
0 0.315357 0.886190 0.013571 0.020000
0 0.315000 0.876667 0.014286 0.014286
0 0.520071 0.984286 0.009286 0.018095
0 0.550000 0.992857 0.008570 0.014286
0 0.468929 0.595714 0.009286 0.020000
0 0.505714 0.523333 0.007143 0.021905
0 0.488570 0.506190 0.007143 0.021905
0 0.452857 0.305238 0.005714 0.018095
0 0.606070 0.403333 0.007857 0.020000
0 0.600429 0.613333 0.010000 0.022857
