0 0.228929 0.759048 0.027857 0.043800
0 0.257043 0.790952 0.025714 0.044762
0 0.077857 0.488571 0.027143 0.043810
0 0.082143 0.463810 0.024286 0.043810
0 0.336429 0.370476 0.007143 0.045714
0 0.342500 0.339524 0.009286 0.040952
0 0.326429 0.339524 0.004286 0.046667
0 0.323929 0.307043 0.016429 0.044762
0 0.357500 0.309048 0.005000 0.042857
0 0.365000 0.302857 0.015714 0.040952
0 0.352857 0.253333 0.005714 0.045714
0 0.363570 0.231905 0.015714 0.042857
0 0.372857 0.238570 0.011429 0.042857
0 0.383570 0.244762 0.012857 0.047619
0 0.380786 0.222857 0.012143 0.038095
