0 0.840429 0.671905 0.021429 0.040952
0 0.695000 0.847619 0.020000 0.032381
0 0.668570 0.560952 0.007143 0.030476
0 0.674643 0.557043 0.007857 0.030476
0 0.608204 0.544286 0.010714 0.037143
0 0.606071 0.537619 0.009286 0.031429
0 0.620000 0.530905 0.010000 0.035238
0 0.566786 0.532380 0.012143 0.034286
0 0.572500 0.520476 0.000714 0.033333
0 0.576786 0.502857 0.012143 0.027619
0 0.578929 0.500952 0.012143 0.031429
0 0.554643 0.508095 0.002143 0.033333
0 0.556786 0.500476 0.000714 0.029524
0 0.537500 0.500905 0.013571 0.032381
0 0.476070 0.463810 0.007857 0.028571
0 0.477043 0.432381 0.010000 0.030476
0 0.485357 0.430905 0.009286 0.029524
0 0.467857 0.403810 0.010000 0.023810
0 0.348929 0.345704 0.006429 0.015238
0 0.353570 0.343810 0.008571 0.024762
0 0.302143 0.322381 0.007143 0.018095
0 0.285000 0.302380 0.007143 0.020000
0 0.295357 0.300952 0.005000 0.009048
0 0.298204 0.309524 0.005000 0.017143
0 0.299643 0.305238 0.006429 0.020000
0 0.436786 0.282380 0.007857 0.016190
0 0.259286 0.288570 0.005714 0.015238
0 0.262043 0.288095 0.004286 0.020000
0 0.268570 0.284286 0.005714 0.014286
0 0.272043 0.283810 0.007143 0.019048
0 0.010357 0.433810 0.010714 0.025714
0 0.002500 0.429048 0.012143 0.025714
0 0.015714 0.273333 0.005714 0.015238
0 0.027857 0.267619 0.007143 0.015238
0 0.080704 0.225714 0.004286 0.011429
0 0.084643 0.204762 0.003570 0.009524
0 0.094286 0.082381 0.004286 0.008571
